1.79537e-05 1.10149e-05
3.59074e-05 2.24487e-05
5.38527e-05 3.15117e-05
7.17907e-05 4.06590e-05
8.97290e-05 4.96638e-05
1.07672e-04 5.85265e-05
1.25617e-04 6.66767e-05
1.43561e-04 7.50326e-05
1.61501e-04 8.47414e-05
1.79440e-04 9.81730e-05
1.97380e-04 1.10829e-04
2.15320e-04 1.17406e-04
2.33257e-04 1.21929e-04
2.51189e-04 1.27766e-04
2.69118e-04 1.33310e-04
2.87048e-04 1.38624e-04
3.04981e-04 1.44000e-04
3.22912e-04 1.50112e-04
3.40841e-04 1.58104e-04
3.58770e-04 1.67123e-04
3.76699e-04 1.74293e-04
3.94627e-04 1.77864e-04
4.12553e-04 1.80487e-04
4.30475e-04 1.83979e-04
4.48394e-04 1.87335e-04
4.66315e-04 1.90625e-04
4.84236e-04 1.94527e-04
5.02157e-04 1.99467e-04
5.20075e-04 2.05501e-04
5.37992e-04 2.11419e-04
5.55910e-04 2.15435e-04
5.73827e-04 2.17372e-04
5.91743e-04 2.18897e-04
6.09657e-04 2.20975e-04
6.27570e-04 2.23213e-04
6.45483e-04 2.25727e-04
6.63396e-04 2.29057e-04
6.81308e-04 2.33192e-04
6.99218e-04 2.37658e-04
7.17126e-04 2.41477e-04
7.35035e-04 2.43828e-04
7.52944e-04 2.45056e-04
7.70852e-04 2.46238e-04
7.88757e-04 2.47907e-04
8.06661e-04 2.49950e-04
8.24564e-04 2.52460e-04
8.42467e-04 2.55619e-04
8.60369e-04 2.59171e-04
8.78270e-04 2.62545e-04
8.96171e-04 2.65109e-04
9.14071e-04 2.66600e-04
9.31969e-04 2.67479e-04
9.49866e-04 2.68474e-04
9.67761e-04 2.69901e-04
9.85655e-04 2.71739e-04
1.00355e-03 2.74010e-04
1.02144e-03 2.76689e-04
1.03933e-03 2.79459e-04
1.05723e-03 2.81843e-04
1.07512e-03 2.83470e-04
1.09300e-03 2.84340e-04
1.11089e-03 2.84905e-04
1.12878e-03 2.85699e-04
1.14667e-03 2.86945e-04
1.16455e-03 2.88614e-04
1.18244e-03 2.90622e-04
1.20032e-03 2.92799e-04
1.21820e-03 2.94830e-04
1.23608e-03 2.96379e-04
1.25396e-03 2.97300e-04
1.27184e-03 2.97763e-04
1.28972e-03 2.98197e-04
1.30760e-03 2.98989e-04
1.32547e-03 3.00247e-04
1.34335e-03 3.01870e-04
1.36123e-03 3.03688e-04
1.37910e-03 3.05508e-04
1.39697e-03 3.07111e-04
1.41484e-03 3.08343e-04
1.43272e-03 3.09222e-04
1.45059e-03 3.09979e-04
1.46845e-03 3.10950e-04
1.48632e-03 3.12362e-04
1.50419e-03 3.14215e-04
1.52206e-03 3.16347e-04
1.53992e-03 3.18564e-04
1.55779e-03 3.20679e-04
1.57565e-03 3.22544e-04
1.59351e-03 3.24097e-04
1.61137e-03 3.25427e-04
1.62923e-03 3.26754e-04
1.64709e-03 3.28325e-04
1.66495e-03 3.30273e-04
1.68280e-03 3.32557e-04
1.70066e-03 3.35038e-04
1.71852e-03 3.37553e-04
1.73637e-03 3.39953e-04
1.75422e-03 3.42132e-04
1.77207e-03 3.44071e-04
1.78992e-03 3.45883e-04
1.80777e-03 3.47775e-04
1.82562e-03 3.49941e-04
1.84346e-03 3.52449e-04
1.86131e-03 3.55221e-04
1.87916e-03 3.58096e-04
1.89700e-03 3.60909e-04
1.91484e-03 3.63534e-04
1.93268e-03 3.65920e-04
1.95052e-03 3.68120e-04
1.96836e-03 3.70295e-04
1.98620e-03 3.72644e-04
2.00404e-03 3.75297e-04
2.02188e-03 3.78235e-04
2.03971e-03 3.81309e-04
2.05755e-03 3.84325e-04
2.07538e-03 3.87133e-04
2.09322e-03 3.89674e-04
2.11105e-03 3.91984e-04
2.12888e-03 3.94190e-04
2.14671e-03 3.96466e-04
2.16454e-03 3.98964e-04
2.18237e-03 4.01728e-04
2.20020e-03 4.04674e-04
2.21803e-03 4.07636e-04
2.23586e-03 4.10454e-04
2.25368e-03 4.13038e-04
2.27150e-03 4.15390e-04
2.28932e-03 4.17592e-04
2.30715e-03 4.19778e-04
2.32497e-03 4.22084e-04
2.34279e-03 4.24586e-04
2.36061e-03 4.27253e-04
2.37843e-03 4.29954e-04
2.39625e-03 4.32527e-04
2.41406e-03 4.34850e-04
2.43188e-03 4.36887e-04
2.44969e-03 4.38684e-04
2.46751e-03 4.40341e-04
2.48532e-03 4.41976e-04
2.50313e-03 4.43674e-04
2.52094e-03 4.45447e-04
2.53875e-03 4.47223e-04
2.55656e-03 4.48877e-04
2.57437e-03 4.50302e-04
2.59218e-03 4.51453e-04
2.60998e-03 4.52365e-04
2.62779e-03 4.53131e-04
2.64559e-03 4.53861e-04
2.66340e-03 4.54647e-04
2.68120e-03 4.55526e-04
2.69900e-03 4.56466e-04
2.71680e-03 4.57376e-04
2.73460e-03 4.58157e-04
2.75240e-03 4.58756e-04
2.77020e-03 4.59187e-04
2.78799e-03 4.59524e-04
2.80579e-03 4.59863e-04
2.82359e-03 4.60285e-04
2.84138e-03 4.60828e-04
2.85918e-03 4.61476e-04
2.87697e-03 4.62166e-04
2.89476e-03 4.62812e-04
2.91255e-03 4.63348e-04
2.93034e-03 4.63757e-04
2.94813e-03 4.64075e-04
2.96592e-03 4.64370e-04
2.98371e-03 4.64706e-04
3.00150e-03 4.65124e-04
3.01928e-03 4.65627e-04
3.03706e-03 4.66180e-04
3.05485e-03 4.66721e-04
3.07263e-03 4.67195e-04
3.09041e-03 4.67577e-04
3.10819e-03 4.67885e-04
3.12597e-03 4.68169e-04
3.14375e-03 4.68484e-04
3.16153e-03 4.68864e-04
3.17931e-03 4.69314e-04
3.19708e-03 4.69807e-04
3.21486e-03 4.70298e-04
3.23263e-03 4.70739e-04
3.25040e-03 4.71105e-04
3.26818e-03 4.71403e-04
3.28595e-03 4.71667e-04
3.30372e-03 4.71943e-04
3.32149e-03 4.72264e-04
3.33926e-03 4.72636e-04
3.35703e-03 4.73041e-04
3.37479e-03 4.73448e-04
3.39256e-03 4.73821e-04
3.41032e-03 4.74140e-04
3.42808e-03 4.74409e-04
3.44584e-03 4.74652e-04
3.46361e-03 4.74905e-04
3.48137e-03 4.75196e-04
3.49913e-03 4.75537e-04
3.51689e-03 4.75919e-04
3.53465e-03 4.76323e-04
3.55240e-03 4.76727e-04
3.57016e-03 4.77116e-04
3.58791e-03 4.77489e-04
3.60567e-03 4.77857e-04
3.62342e-03 4.78242e-04
3.64117e-03 4.78663e-04
3.65892e-03 4.79132e-04
3.67667e-03 4.79650e-04
3.69442e-03 4.80211e-04
3.71217e-03 4.80812e-04
3.72992e-03 4.81452e-04
3.74766e-03 4.82135e-04
3.76541e-03 4.82873e-04
3.78315e-03 4.83676e-04
3.80089e-03 4.84554e-04
3.81864e-03 4.85514e-04
3.83638e-03 4.86554e-04
3.85412e-03 4.87669e-04
3.87186e-03 4.88858e-04
3.88959e-03 4.90118e-04
3.90733e-03 4.91452e-04
3.92507e-03 4.92859e-04
3.94280e-03 4.94339e-04
3.96054e-03 4.95883e-04
3.97827e-03 4.97487e-04
3.99600e-03 4.99141e-04
4.01373e-03 5.00843e-04
4.03146e-03 5.02593e-04
4.04919e-03 5.04391e-04
4.06692e-03 5.06239e-04
4.08465e-03 5.08128e-04
4.10238e-03 5.10046e-04
4.12010e-03 5.11980e-04
4.13783e-03 5.13920e-04
4.15555e-03 5.15864e-04
4.17327e-03 5.17822e-04
4.19099e-03 5.19811e-04
4.20871e-03 5.21846e-04
4.22644e-03 5.23937e-04
4.24415e-03 5.26079e-04
4.26187e-03 5.28258e-04
4.27959e-03 5.30455e-04
4.29730e-03 5.32655e-04
4.31502e-03 5.34853e-04
4.33273e-03 5.37056e-04
4.35044e-03 5.39280e-04
4.36816e-03 5.41540e-04
4.38587e-03 5.43838e-04
4.40358e-03 5.46166e-04
4.42129e-03 5.48499e-04
4.43900e-03 5.50808e-04
4.45670e-03 5.53066e-04
4.47441e-03 5.55258e-04
4.49211e-03 5.57382e-04
4.50982e-03 5.59450e-04
4.52752e-03 5.61476e-04
4.54522e-03 5.63472e-04
4.56293e-03 5.65439e-04
4.58063e-03 5.67365e-04
4.59833e-03 5.69232e-04
4.61603e-03 5.71021e-04
4.63373e-03 5.72722e-04
4.65142e-03 5.74339e-04
4.66912e-03 5.75883e-04
4.68681e-03 5.77372e-04
4.70451e-03 5.78819e-04
4.72220e-03 5.80222e-04
4.73990e-03 5.81573e-04
4.75759e-03 5.82853e-04
4.77528e-03 5.84043e-04
4.79297e-03 5.85133e-04
4.81066e-03 5.86125e-04
4.82835e-03 5.87031e-04
4.84603e-03 5.87874e-04
4.86372e-03 5.88671e-04
4.88140e-03 5.89433e-04
4.89909e-03 5.90161e-04
4.91677e-03 5.90842e-04
4.93445e-03 5.91461e-04
4.95214e-03 5.92005e-04
4.96981e-03 5.92468e-04
4.98749e-03 5.92859e-04
5.00517e-03 5.93194e-04
5.02284e-03 5.93490e-04
5.04052e-03 5.93765e-04
5.05819e-03 5.94029e-04
5.07587e-03 5.94285e-04
5.09354e-03 5.94532e-04
5.11121e-03 5.94766e-04
5.12889e-03 5.94984e-04
5.14656e-03 5.95187e-04
5.16423e-03 5.95374e-04
5.18190e-03 5.95547e-04
5.19956e-03 5.95707e-04
5.21723e-03 5.95857e-04
5.23489e-03 5.96004e-04
5.25255e-03 5.96154e-04
5.27022e-03 5.96313e-04
5.28788e-03 5.96489e-04
5.30554e-03 5.96682e-04
5.32321e-03 5.96892e-04
5.34087e-03 5.97113e-04
5.35853e-03 5.97339e-04
5.37618e-03 5.97562e-04
5.39384e-03 5.97780e-04
5.41150e-03 5.97991e-04
5.42915e-03 5.98199e-04
5.44681e-03 5.98410e-04
5.46446e-03 5.98630e-04
5.48212e-03 5.98862e-04
5.49977e-03 5.99105e-04
5.51742e-03 5.99355e-04
5.53507e-03 5.99604e-04
5.55272e-03 5.99843e-04
5.57037e-03 6.00070e-04
5.58802e-03 6.00287e-04
5.60566e-03 6.00502e-04
5.62331e-03 6.00725e-04
5.64095e-03 6.00963e-04
5.65860e-03 6.01219e-04
5.67624e-03 6.01488e-04
5.69389e-03 6.01762e-04
5.71153e-03 6.02032e-04
5.72916e-03 6.02293e-04
5.74680e-03 6.02548e-04
5.76444e-03 6.02810e-04
5.78207e-03 6.03095e-04
5.79971e-03 6.03425e-04
5.81734e-03 6.03813e-04
5.83498e-03 6.04264e-04
5.85261e-03 6.04769e-04
5.87024e-03 6.05312e-04
5.88788e-03 6.05878e-04
5.90551e-03 6.06457e-04
5.92313e-03 6.07056e-04
5.94076e-03 6.07691e-04
5.95839e-03 6.08389e-04
5.97601e-03 6.09173e-04
5.99364e-03 6.10061e-04
6.01126e-03 6.11053e-04
6.02888e-03 6.12141e-04
6.04651e-03 6.13311e-04
6.06413e-03 6.14549e-04
6.08175e-03 6.15850e-04
6.09937e-03 6.17219e-04
6.11699e-03 6.18669e-04
6.13460e-03 6.20214e-04
6.15222e-03 6.21864e-04
6.16983e-03 6.23625e-04
6.18745e-03 6.25492e-04
6.20506e-03 6.27457e-04
6.22267e-03 6.29506e-04
6.24029e-03 6.31632e-04
6.25790e-03 6.33829e-04
6.27550e-03 6.36097e-04
6.29311e-03 6.38438e-04
6.31072e-03 6.40854e-04
6.32832e-03 6.43341e-04
6.34593e-03 6.45891e-04
6.36353e-03 6.48489e-04
6.38113e-03 6.51122e-04
6.39874e-03 6.53773e-04
6.41634e-03 6.56429e-04
6.43394e-03 6.59080e-04
6.45154e-03 6.61720e-04
6.46914e-03 6.64342e-04
6.48674e-03 6.66943e-04
6.50433e-03 6.69517e-04
6.52193e-03 6.72060e-04
6.53952e-03 6.74565e-04
6.55712e-03 6.77023e-04
6.57471e-03 6.79425e-04
6.59230e-03 6.81758e-04
6.60990e-03 6.84015e-04
6.62749e-03 6.86187e-04
6.64508e-03 6.88271e-04
6.66266e-03 6.90270e-04
6.68025e-03 6.92187e-04
6.69784e-03 6.94029e-04
6.71542e-03 6.95801e-04
6.73301e-03 6.97502e-04
6.75059e-03 6.99127e-04
6.76817e-03 7.00667e-04
6.78576e-03 7.02112e-04
6.80334e-03 7.03452e-04
6.82092e-03 7.04685e-04
6.83850e-03 7.05814e-04
6.85608e-03 7.06850e-04
6.87365e-03 7.07804e-04
6.89123e-03 7.08688e-04
6.90881e-03 7.09511e-04
6.92638e-03 7.10274e-04
6.94396e-03 7.10972e-04
6.96153e-03 7.11599e-04
6.97910e-03 7.12154e-04
6.99667e-03 7.12637e-04
7.01424e-03 7.13058e-04
7.03181e-03 7.13435e-04
7.04938e-03 7.13783e-04
7.06695e-03 7.14117e-04
7.08452e-03 7.14445e-04
7.10209e-03 7.14765e-04
7.11965e-03 7.15071e-04
7.13722e-03 7.15353e-04
7.15478e-03 7.15605e-04
7.17234e-03 7.15831e-04
7.18990e-03 7.16039e-04
7.20746e-03 7.16247e-04
7.22502e-03 7.16469e-04
7.24258e-03 7.16717e-04
7.26014e-03 7.16989e-04
7.27770e-03 7.17276e-04
7.29525e-03 7.17561e-04
7.31281e-03 7.17825e-04
7.33036e-03 7.18058e-04
7.34791e-03 7.18260e-04
7.36547e-03 7.18440e-04
7.38302e-03 7.18614e-04
7.40057e-03 7.18797e-04
7.41812e-03 7.18998e-04
7.43566e-03 7.19215e-04
7.45321e-03 7.19435e-04
7.47076e-03 7.19642e-04
7.48831e-03 7.19821e-04
7.50585e-03 7.19966e-04
7.52340e-03 7.20081e-04
7.54094e-03 7.20176e-04
7.55848e-03 7.20269e-04
7.57602e-03 7.20372e-04
7.59356e-03 7.20491e-04
7.61110e-03 7.20621e-04
7.62864e-03 7.20752e-04
7.64618e-03 7.20872e-04
7.66372e-03 7.20974e-04
7.68125e-03 7.21057e-04
7.69879e-03 7.21129e-04
7.71632e-03 7.21205e-04
7.73385e-03 7.21298e-04
7.75139e-03 7.21420e-04
7.76892e-03 7.21573e-04
7.78645e-03 7.21756e-04
7.80398e-03 7.21959e-04
7.82150e-03 7.22173e-04
7.83903e-03 7.22394e-04
7.85656e-03 7.22624e-04
7.87408e-03 7.22873e-04
7.89161e-03 7.23156e-04
7.90913e-03 7.23492e-04
7.92665e-03 7.23889e-04
7.94417e-03 7.24351e-04
7.96169e-03 7.24872e-04
7.97921e-03 7.25439e-04
7.99673e-03 7.26040e-04
8.01425e-03 7.26671e-04
8.03176e-03 7.27336e-04
8.04928e-03 7.28047e-04
8.06679e-03 7.28820e-04
8.08430e-03 7.29671e-04
8.10182e-03 7.30609e-04
8.11933e-03 7.31634e-04
8.13684e-03 7.32738e-04
8.15435e-03 7.33905e-04
8.17185e-03 7.35124e-04
8.18936e-03 7.36387e-04
8.20687e-03 7.37694e-04
8.22437e-03 7.39053e-04
8.24188e-03 7.40478e-04
8.25938e-03 7.41981e-04
8.27688e-03 7.43565e-04
8.29439e-03 7.45224e-04
8.31189e-03 7.46941e-04
8.32939e-03 7.48695e-04
8.34689e-03 7.50468e-04
8.36438e-03 7.52250e-04
8.38188e-03 7.54041e-04
8.39938e-03 7.55853e-04
8.41687e-03 7.57697e-04
8.43437e-03 7.59582e-04
8.45186e-03 7.61508e-04
8.46935e-03 7.63465e-04
8.48684e-03 7.65435e-04
8.50433e-03 7.67399e-04
8.52182e-03 7.69343e-04
8.53931e-03 7.71261e-04
8.55680e-03 7.73162e-04
8.57429e-03 7.75059e-04
8.59177e-03 7.76968e-04
8.60926e-03 7.78902e-04
8.62674e-03 7.80859e-04
8.64422e-03 7.82827e-04
8.66170e-03 7.84784e-04
8.67918e-03 7.86709e-04
8.69666e-03 7.88588e-04
8.71414e-03 7.90419e-04
8.73162e-03 7.92213e-04
8.74910e-03 7.93987e-04
8.76657e-03 7.95757e-04
8.78405e-03 7.97528e-04
8.80152e-03 7.99291e-04
8.81900e-03 8.01025e-04
8.83647e-03 8.02705e-04
8.85394e-03 8.04308e-04
8.87141e-03 8.05822e-04
8.88888e-03 8.07250e-04
8.90635e-03 8.08608e-04
8.92382e-03 8.09917e-04
8.94129e-03 8.11196e-04
8.95875e-03 8.12450e-04
8.97622e-03 8.13671e-04
8.99368e-03 8.14838e-04
9.01115e-03 8.15929e-04
9.02861e-03 8.16925e-04
9.04607e-03 8.17826e-04
9.06353e-03 8.18645e-04
9.08099e-03 8.19408e-04
9.09845e-03 8.20140e-04
9.11591e-03 8.20858e-04
9.13336e-03 8.21564e-04
9.15082e-03 8.22244e-04
9.16828e-03 8.22878e-04
9.18573e-03 8.23443e-04
9.20318e-03 8.23930e-04
9.22063e-03 8.24340e-04
9.23808e-03 8.24692e-04
9.25553e-03 8.25011e-04
9.27298e-03 8.25324e-04
9.29043e-03 8.25646e-04
9.30788e-03 8.25979e-04
9.32532e-03 8.26309e-04
9.34277e-03 8.26614e-04
9.36022e-03 8.26871e-04
9.37766e-03 8.27070e-04
9.39510e-03 8.27216e-04
9.41254e-03 8.27333e-04
9.42998e-03 8.27448e-04
9.44742e-03 8.27587e-04
9.46486e-03 8.27763e-04
9.48230e-03 8.27969e-04
9.49973e-03 8.28187e-04
9.51717e-03 8.28391e-04
9.53460e-03 8.28563e-04
9.55203e-03 8.28699e-04
9.56947e-03 8.28808e-04
9.58690e-03 8.28913e-04
9.60433e-03 8.29039e-04
9.62176e-03 8.29204e-04
9.63919e-03 8.29412e-04
9.65662e-03 8.29651e-04
9.67405e-03 8.29900e-04
9.69147e-03 8.30132e-04
9.70889e-03 8.30330e-04
9.72632e-03 8.30492e-04
9.74374e-03 8.30630e-04
9.76116e-03 8.30770e-04
9.77858e-03 8.30933e-04
9.79600e-03 8.31135e-04
9.81342e-03 8.31372e-04
9.83084e-03 8.31626e-04
9.84826e-03 8.31872e-04
9.86568e-03 8.32087e-04
9.88309e-03 8.32259e-04
9.90051e-03 8.32394e-04
9.91792e-03 8.32511e-04
9.93533e-03 8.32633e-04
9.95274e-03 8.32780e-04
9.97015e-03 8.32964e-04
9.98757e-03 8.33180e-04
1.00050e-02 8.33415e-04
1.00224e-02 8.33651e-04
1.00398e-02 8.33871e-04
1.00572e-02 8.34071e-04
1.00746e-02 8.34257e-04
1.00920e-02 8.34450e-04
1.01094e-02 8.34674e-04
1.01268e-02 8.34948e-04
1.01442e-02 8.35284e-04
1.01616e-02 8.35678e-04
1.01790e-02 8.36113e-04
1.01964e-02 8.36572e-04
1.02138e-02 8.37043e-04
1.02312e-02 8.37526e-04
1.02486e-02 8.38035e-04
1.02660e-02 8.38591e-04
1.02834e-02 8.39218e-04
1.03008e-02 8.39929e-04
1.03182e-02 8.40727e-04
1.03356e-02 8.41603e-04
1.03530e-02 8.42542e-04
1.03704e-02 8.43527e-04
1.03877e-02 8.44550e-04
1.04051e-02 8.45615e-04
1.04225e-02 8.46733e-04
1.04399e-02 8.47923e-04
1.04573e-02 8.49203e-04
1.04747e-02 8.50581e-04
1.04921e-02 8.52058e-04
1.05094e-02 8.53620e-04
1.05268e-02 8.55248e-04
1.05442e-02 8.56925e-04
1.05616e-02 8.58638e-04
1.05790e-02 8.60387e-04
1.05963e-02 8.62180e-04
1.06137e-02 8.64027e-04
1.06311e-02 8.65936e-04
1.06485e-02 8.67904e-04
1.06658e-02 8.69922e-04
1.06832e-02 8.71970e-04
1.07006e-02 8.74028e-04
1.07180e-02 8.76079e-04
1.07353e-02 8.78115e-04
1.07527e-02 8.80137e-04
1.07701e-02 8.82150e-04
1.07874e-02 8.84164e-04
1.08048e-02 8.86185e-04
1.08222e-02 8.88213e-04
1.08395e-02 8.90239e-04
1.08569e-02 8.92250e-04
1.08742e-02 8.94231e-04
1.08916e-02 8.96173e-04
1.09090e-02 8.98073e-04
1.09263e-02 8.99937e-04
1.09437e-02 9.01776e-04
1.09610e-02 9.03602e-04
1.09784e-02 9.05421e-04
1.09958e-02 9.07229e-04
1.10131e-02 9.09016e-04
1.10305e-02 9.10768e-04
1.10478e-02 9.12471e-04
1.10652e-02 9.14118e-04
1.10825e-02 9.15710e-04
1.10999e-02 9.17252e-04
1.11172e-02 9.18755e-04
1.11346e-02 9.20227e-04
1.11519e-02 9.21671e-04
1.11693e-02 9.23082e-04
1.11866e-02 9.24454e-04
1.12040e-02 9.25774e-04
1.12213e-02 9.27035e-04
1.12386e-02 9.28233e-04
1.12560e-02 9.29371e-04
1.12733e-02 9.30452e-04
1.12907e-02 9.31482e-04
1.13080e-02 9.32460e-04
1.13253e-02 9.33384e-04
1.13427e-02 9.34245e-04
1.13600e-02 9.35037e-04
1.13774e-02 9.35753e-04
1.13947e-02 9.36393e-04
1.14120e-02 9.36960e-04
1.14294e-02 9.37462e-04
1.14467e-02 9.37908e-04
1.14640e-02 9.38305e-04
1.14813e-02 9.38656e-04
1.14987e-02 9.38965e-04
1.15160e-02 9.39229e-04
1.15333e-02 9.39447e-04
1.15507e-02 9.39623e-04
1.15680e-02 9.39762e-04
1.15853e-02 9.39875e-04
1.16026e-02 9.39975e-04
1.16200e-02 9.40072e-04
1.16373e-02 9.40176e-04
1.16546e-02 9.40288e-04
1.16719e-02 9.40404e-04
1.16893e-02 9.40520e-04
1.17066e-02 9.40631e-04
1.17239e-02 9.40735e-04
1.17412e-02 9.40837e-04
1.17585e-02 9.40941e-04
1.17758e-02 9.41054e-04
1.17932e-02 9.41178e-04
1.18105e-02 9.41312e-04
1.18278e-02 9.41451e-04
1.18451e-02 9.41589e-04
1.18624e-02 9.41720e-04
1.18797e-02 9.41840e-04
1.18970e-02 9.41955e-04
1.19143e-02 9.42072e-04
1.19316e-02 9.42202e-04
1.19489e-02 9.42355e-04
1.19663e-02 9.42536e-04
1.19836e-02 9.42742e-04
1.20009e-02 9.42966e-04
1.20182e-02 9.43201e-04
1.20355e-02 9.43440e-04
1.20528e-02 9.43682e-04
1.20701e-02 9.43934e-04
1.20874e-02 9.44205e-04
1.21047e-02 9.44501e-04
1.21220e-02 9.44827e-04
1.21393e-02 9.45180e-04
1.21565e-02 9.45551e-04
1.21738e-02 9.45929e-04
1.21911e-02 9.46303e-04
1.22084e-02 9.46666e-04
1.22257e-02 9.47017e-04
1.22430e-02 9.47359e-04
1.22603e-02 9.47702e-04
1.22776e-02 9.48055e-04
1.22949e-02 9.48426e-04
1.23122e-02 9.48818e-04
1.23294e-02 9.49229e-04
1.23467e-02 9.49653e-04
1.23640e-02 9.50085e-04
1.23813e-02 9.50527e-04
1.23986e-02 9.50988e-04
1.24159e-02 9.51482e-04
1.24331e-02 9.52029e-04
1.24504e-02 9.52645e-04
1.24677e-02 9.53338e-04
1.24850e-02 9.54109e-04
1.25022e-02 9.54953e-04
1.25195e-02 9.55862e-04
1.25368e-02 9.56832e-04
1.25541e-02 9.57864e-04
1.25713e-02 9.58965e-04
1.25886e-02 9.60149e-04
1.26059e-02 9.61430e-04
1.26231e-02 9.62820e-04
1.26404e-02 9.64323e-04
1.26577e-02 9.65934e-04
1.26749e-02 9.67640e-04
1.26922e-02 9.69424e-04
1.27095e-02 9.71275e-04
1.27267e-02 9.73187e-04
1.27440e-02 9.75163e-04
1.27613e-02 9.77215e-04
1.27785e-02 9.79355e-04
1.27958e-02 9.81587e-04
1.28130e-02 9.83908e-04
1.28303e-02 9.86304e-04
1.28476e-02 9.88754e-04
1.28648e-02 9.91237e-04
1.28821e-02 9.93735e-04
1.28993e-02 9.96239e-04
1.29166e-02 9.98747e-04
1.29338e-02 1.00126e-03
1.29511e-02 1.00379e-03
1.29683e-02 1.00632e-03
1.29856e-02 1.00886e-03
1.30028e-02 1.01137e-03
1.30201e-02 1.01386e-03
1.30373e-02 1.01628e-03
1.30545e-02 1.01863e-03
1.30718e-02 1.02089e-03
1.30890e-02 1.02307e-03
1.31063e-02 1.02517e-03
1.31235e-02 1.02720e-03
1.31408e-02 1.02918e-03
1.31580e-02 1.03110e-03
1.31752e-02 1.03295e-03
1.31925e-02 1.03472e-03
1.32097e-02 1.03639e-03
1.32269e-02 1.03795e-03
1.32442e-02 1.03940e-03
1.32614e-02 1.04076e-03
1.32786e-02 1.04204e-03
1.32959e-02 1.04326e-03
1.33131e-02 1.04442e-03
1.33303e-02 1.04553e-03
1.33476e-02 1.04657e-03
1.33648e-02 1.04754e-03
1.33820e-02 1.04841e-03
1.33993e-02 1.04920e-03
1.34165e-02 1.04990e-03
1.34337e-02 1.05054e-03
1.34509e-02 1.05113e-03
1.34682e-02 1.05170e-03
1.34854e-02 1.05225e-03
1.35026e-02 1.05279e-03
1.35198e-02 1.05332e-03
1.35370e-02 1.05381e-03
1.35543e-02 1.05426e-03
1.35715e-02 1.05468e-03
1.35887e-02 1.05507e-03
1.36059e-02 1.05544e-03
1.36231e-02 1.05583e-03
1.36403e-02 1.05624e-03
1.36576e-02 1.05666e-03
1.36748e-02 1.05711e-03
1.36920e-02 1.05755e-03
1.37092e-02 1.05798e-03
1.37264e-02 1.05839e-03
1.37436e-02 1.05876e-03
1.37608e-02 1.05911e-03
1.37780e-02 1.05943e-03
1.37952e-02 1.05974e-03
1.38124e-02 1.06005e-03
1.38296e-02 1.06036e-03
1.38468e-02 1.06066e-03
1.38640e-02 1.06094e-03
1.38812e-02 1.06118e-03
1.38984e-02 1.06137e-03
1.39156e-02 1.06152e-03
1.39328e-02 1.06164e-03
1.39500e-02 1.06174e-03
1.39672e-02 1.06185e-03
1.39844e-02 1.06197e-03
1.40016e-02 1.06211e-03
1.40188e-02 1.06225e-03
1.40360e-02 1.06239e-03
1.40532e-02 1.06250e-03
1.40704e-02 1.06260e-03
1.40876e-02 1.06267e-03
1.41048e-02 1.06273e-03
1.41220e-02 1.06280e-03
1.41392e-02 1.06288e-03
1.41564e-02 1.06300e-03
1.41735e-02 1.06313e-03
1.41907e-02 1.06329e-03
1.42079e-02 1.06344e-03
1.42251e-02 1.06359e-03
1.42423e-02 1.06371e-03
1.42595e-02 1.06382e-03
1.42766e-02 1.06393e-03
1.42938e-02 1.06406e-03
1.43110e-02 1.06422e-03
1.43282e-02 1.06443e-03
1.43454e-02 1.06467e-03
1.43625e-02 1.06494e-03
1.43797e-02 1.06524e-03
1.43969e-02 1.06556e-03
1.44140e-02 1.06590e-03
1.44312e-02 1.06626e-03
1.44484e-02 1.06667e-03
1.44656e-02 1.06713e-03
1.44827e-02 1.06766e-03
1.44999e-02 1.06825e-03
1.45171e-02 1.06891e-03
1.45342e-02 1.06963e-03
1.45514e-02 1.07038e-03
1.45686e-02 1.07116e-03
1.45857e-02 1.07196e-03
1.46029e-02 1.07280e-03
1.46200e-02 1.07368e-03
1.46372e-02 1.07461e-03
1.46544e-02 1.07561e-03
1.46715e-02 1.07666e-03
1.46887e-02 1.07776e-03
1.47058e-02 1.07891e-03
1.47230e-02 1.08007e-03
1.47402e-02 1.08125e-03
1.47573e-02 1.08244e-03
1.47745e-02 1.08365e-03
1.47916e-02 1.08489e-03
1.48088e-02 1.08617e-03
1.48259e-02 1.08749e-03
1.48431e-02 1.08886e-03
1.48602e-02 1.09026e-03
1.48774e-02 1.09169e-03
1.48945e-02 1.09313e-03
1.49117e-02 1.09459e-03
1.49288e-02 1.09605e-03
1.49460e-02 1.09753e-03
1.49631e-02 1.09904e-03
1.49802e-02 1.10058e-03
1.49974e-02 1.10217e-03
1.50145e-02 1.10380e-03
1.50317e-02 1.10546e-03
1.50488e-02 1.10715e-03
1.50659e-02 1.10885e-03
1.50831e-02 1.11056e-03
1.51002e-02 1.11229e-03
1.51173e-02 1.11404e-03
1.51345e-02 1.11582e-03
1.51516e-02 1.11763e-03
1.51687e-02 1.11947e-03
1.51859e-02 1.12134e-03
1.52030e-02 1.12322e-03
1.52201e-02 1.12510e-03
1.52373e-02 1.12697e-03
1.52544e-02 1.12882e-03
1.52715e-02 1.13065e-03
1.52886e-02 1.13246e-03
1.53058e-02 1.13425e-03
1.53229e-02 1.13602e-03
1.53400e-02 1.13776e-03
1.53571e-02 1.13948e-03
1.53743e-02 1.14115e-03
1.53914e-02 1.14277e-03
1.54085e-02 1.14433e-03
1.54256e-02 1.14581e-03
1.54427e-02 1.14723e-03
1.54598e-02 1.14858e-03
1.54770e-02 1.14986e-03
1.54941e-02 1.15108e-03
1.55112e-02 1.15225e-03
1.55283e-02 1.15336e-03
1.55454e-02 1.15441e-03
1.55625e-02 1.15539e-03
1.55796e-02 1.15631e-03
1.55967e-02 1.15717e-03
1.56139e-02 1.15796e-03
1.56310e-02 1.15870e-03
1.56481e-02 1.15939e-03
1.56652e-02 1.16004e-03
1.56823e-02 1.16064e-03
1.56994e-02 1.16121e-03
1.57165e-02 1.16174e-03
1.57336e-02 1.16223e-03
1.57507e-02 1.16268e-03
1.57678e-02 1.16309e-03
1.57849e-02 1.16348e-03
1.58020e-02 1.16384e-03
1.58191e-02 1.16418e-03
1.58362e-02 1.16449e-03
1.58533e-02 1.16477e-03
1.58704e-02 1.16503e-03
1.58875e-02 1.16527e-03
1.59046e-02 1.16548e-03
1.59216e-02 1.16568e-03
1.59387e-02 1.16586e-03
1.59558e-02 1.16604e-03
1.59729e-02 1.16622e-03
1.59900e-02 1.16640e-03
1.60071e-02 1.16657e-03
1.60242e-02 1.16675e-03
1.60413e-02 1.16692e-03
1.60584e-02 1.16708e-03
1.60754e-02 1.16724e-03
1.60925e-02 1.16739e-03
1.61096e-02 1.16755e-03
1.61267e-02 1.16770e-03
1.61438e-02 1.16786e-03
1.61608e-02 1.16802e-03
1.61779e-02 1.16817e-03
1.61950e-02 1.16832e-03
1.62121e-02 1.16846e-03
1.62292e-02 1.16859e-03
1.62462e-02 1.16872e-03
1.62633e-02 1.16884e-03
1.62804e-02 1.16895e-03
1.62975e-02 1.16905e-03
1.63145e-02 1.16915e-03
1.63316e-02 1.16924e-03
1.63487e-02 1.16933e-03
1.63657e-02 1.16942e-03
1.63828e-02 1.16950e-03
1.63999e-02 1.16958e-03
1.64169e-02 1.16965e-03
1.64340e-02 1.16972e-03
1.64511e-02 1.16979e-03
1.64681e-02 1.16988e-03
1.64852e-02 1.16996e-03
1.65023e-02 1.17006e-03
1.65193e-02 1.17016e-03
1.65364e-02 1.17026e-03
1.65534e-02 1.17037e-03
1.65705e-02 1.17048e-03
1.65876e-02 1.17062e-03
1.66046e-02 1.17076e-03
1.66217e-02 1.17093e-03
1.66387e-02 1.17111e-03
1.66558e-02 1.17132e-03
1.66728e-02 1.17156e-03
1.66899e-02 1.17183e-03
1.67069e-02 1.17214e-03
1.67240e-02 1.17248e-03
1.67410e-02 1.17285e-03
1.67581e-02 1.17327e-03
1.67751e-02 1.17373e-03
1.67922e-02 1.17423e-03
1.68092e-02 1.17478e-03
1.68262e-02 1.17538e-03
1.68433e-02 1.17602e-03
1.68603e-02 1.17672e-03
1.68774e-02 1.17747e-03
1.68944e-02 1.17827e-03
1.69115e-02 1.17912e-03
1.69285e-02 1.18003e-03
1.69455e-02 1.18100e-03
1.69626e-02 1.18202e-03
1.69796e-02 1.18309e-03
1.69966e-02 1.18420e-03
1.70137e-02 1.18537e-03
1.70307e-02 1.18658e-03
1.70477e-02 1.18785e-03
1.70648e-02 1.18918e-03
1.70818e-02 1.19056e-03
1.70988e-02 1.19199e-03
1.71158e-02 1.19347e-03
1.71329e-02 1.19501e-03
1.71499e-02 1.19659e-03
1.71669e-02 1.19822e-03
1.71839e-02 1.19989e-03
1.72010e-02 1.20159e-03
1.72180e-02 1.20334e-03
1.72350e-02 1.20512e-03
1.72520e-02 1.20694e-03
1.72690e-02 1.20879e-03
1.72861e-02 1.21067e-03
1.73031e-02 1.21258e-03
1.73201e-02 1.21450e-03
1.73371e-02 1.21643e-03
1.73541e-02 1.21837e-03
1.73711e-02 1.22032e-03
1.73881e-02 1.22229e-03
1.74052e-02 1.22426e-03
1.74222e-02 1.22624e-03
1.74392e-02 1.22822e-03
1.74562e-02 1.23019e-03
1.74732e-02 1.23215e-03
1.74902e-02 1.23411e-03
1.75072e-02 1.23604e-03
1.75242e-02 1.23796e-03
1.75412e-02 1.23985e-03
1.75582e-02 1.24172e-03
1.75752e-02 1.24356e-03
1.75922e-02 1.24537e-03
1.76092e-02 1.24715e-03
1.76262e-02 1.24889e-03
1.76432e-02 1.25058e-03
1.76602e-02 1.25222e-03
1.76772e-02 1.25380e-03
1.76942e-02 1.25532e-03
1.77112e-02 1.25678e-03
1.77282e-02 1.25818e-03
1.77452e-02 1.25952e-03
1.77622e-02 1.26080e-03
1.77792e-02 1.26200e-03
1.77962e-02 1.26314e-03
1.78131e-02 1.26420e-03
1.78301e-02 1.26519e-03
1.78471e-02 1.26610e-03
1.78641e-02 1.26695e-03
1.78811e-02 1.26773e-03
1.78981e-02 1.26845e-03
1.79151e-02 1.26910e-03
1.79320e-02 1.26970e-03
1.79490e-02 1.27024e-03
1.79660e-02 1.27074e-03
1.79830e-02 1.27118e-03
1.80000e-02 1.27158e-03
1.80169e-02 1.27193e-03
1.80339e-02 1.27224e-03
1.80509e-02 1.27252e-03
1.80679e-02 1.27277e-03
1.80848e-02 1.27300e-03
1.81018e-02 1.27321e-03
1.81188e-02 1.27340e-03
1.81358e-02 1.27357e-03
1.81527e-02 1.27372e-03
1.81697e-02 1.27387e-03
1.81867e-02 1.27400e-03
1.82036e-02 1.27412e-03
1.82206e-02 1.27424e-03
1.82376e-02 1.27436e-03
1.82546e-02 1.27448e-03
1.82715e-02 1.27459e-03
1.82885e-02 1.27470e-03
1.83054e-02 1.27481e-03
1.83224e-02 1.27493e-03
1.83394e-02 1.27505e-03
1.83563e-02 1.27516e-03
1.83733e-02 1.27527e-03
1.83903e-02 1.27538e-03
1.84072e-02 1.27550e-03
1.84242e-02 1.27563e-03
1.84411e-02 1.27576e-03
1.84581e-02 1.27589e-03
1.84750e-02 1.27603e-03
1.84920e-02 1.27616e-03
1.85089e-02 1.27630e-03
1.85259e-02 1.27643e-03
1.85429e-02 1.27657e-03
1.85598e-02 1.27671e-03
1.85768e-02 1.27686e-03
1.85937e-02 1.27700e-03
1.86106e-02 1.27715e-03
1.86276e-02 1.27729e-03
1.86445e-02 1.27744e-03
1.86615e-02 1.27759e-03
1.86784e-02 1.27775e-03
1.86954e-02 1.27792e-03
1.87123e-02 1.27808e-03
1.87293e-02 1.27826e-03
1.87462e-02 1.27844e-03
1.87631e-02 1.27864e-03
1.87801e-02 1.27885e-03
1.87970e-02 1.27907e-03
1.88139e-02 1.27931e-03
1.88309e-02 1.27956e-03
1.88478e-02 1.27984e-03
1.88648e-02 1.28013e-03
1.88817e-02 1.28046e-03
1.88986e-02 1.28081e-03
1.89155e-02 1.28119e-03
1.89325e-02 1.28160e-03
1.89494e-02 1.28204e-03
1.89663e-02 1.28252e-03
1.89833e-02 1.28305e-03
1.90002e-02 1.28362e-03
1.90171e-02 1.28424e-03
1.90340e-02 1.28492e-03
1.90510e-02 1.28566e-03
1.90679e-02 1.28645e-03
1.90848e-02 1.28730e-03
1.91017e-02 1.28822e-03
1.91186e-02 1.28919e-03
1.91356e-02 1.29024e-03
1.91525e-02 1.29135e-03
1.91694e-02 1.29253e-03
1.91863e-02 1.29378e-03
1.92032e-02 1.29511e-03
1.92201e-02 1.29650e-03
1.92370e-02 1.29796e-03
1.92540e-02 1.29948e-03
1.92709e-02 1.30106e-03
1.92878e-02 1.30270e-03
1.93047e-02 1.30440e-03
1.93216e-02 1.30614e-03
1.93385e-02 1.30793e-03
1.93554e-02 1.30977e-03
1.93723e-02 1.31166e-03
1.93892e-02 1.31358e-03
1.94061e-02 1.31554e-03
1.94230e-02 1.31753e-03
1.94399e-02 1.31954e-03
1.94568e-02 1.32158e-03
1.94737e-02 1.32362e-03
1.94906e-02 1.32568e-03
1.95075e-02 1.32774e-03
1.95244e-02 1.32981e-03
1.95413e-02 1.33187e-03
1.95582e-02 1.33393e-03
1.95751e-02 1.33598e-03
1.95920e-02 1.33801e-03
1.96089e-02 1.34003e-03
1.96258e-02 1.34201e-03
1.96427e-02 1.34396e-03
1.96596e-02 1.34588e-03
1.96764e-02 1.34775e-03
1.96933e-02 1.34959e-03
1.97102e-02 1.35138e-03
1.97271e-02 1.35313e-03
1.97440e-02 1.35482e-03
1.97609e-02 1.35646e-03
1.97778e-02 1.35805e-03
1.97946e-02 1.35957e-03
1.98115e-02 1.36103e-03
1.98284e-02 1.36242e-03
1.98453e-02 1.36375e-03
1.98622e-02 1.36502e-03
1.98790e-02 1.36622e-03
1.98959e-02 1.36736e-03
1.99128e-02 1.36844e-03
1.99297e-02 1.36946e-03
1.99465e-02 1.37042e-03
1.99634e-02 1.37132e-03
1.99803e-02 1.37216e-03
1.99972e-02 1.37294e-03
2.00140e-02 1.37366e-03
2.00309e-02 1.37434e-03
2.00478e-02 1.37496e-03
2.00646e-02 1.37555e-03
2.00815e-02 1.37610e-03
2.00984e-02 1.37662e-03
2.01152e-02 1.37711e-03
2.01321e-02 1.37757e-03
2.01490e-02 1.37801e-03
2.01658e-02 1.37841e-03
2.01827e-02 1.37880e-03
2.01996e-02 1.37916e-03
2.02164e-02 1.37949e-03
2.02333e-02 1.37982e-03
2.02501e-02 1.38013e-03
2.02670e-02 1.38042e-03
2.02839e-02 1.38070e-03
2.03007e-02 1.38097e-03
2.03176e-02 1.38121e-03
2.03344e-02 1.38144e-03
2.03513e-02 1.38166e-03
2.03681e-02 1.38186e-03
2.03850e-02 1.38206e-03
2.04018e-02 1.38225e-03
2.04187e-02 1.38243e-03
2.04355e-02 1.38260e-03
2.04524e-02 1.38276e-03
2.04692e-02 1.38291e-03
2.04861e-02 1.38304e-03
2.05029e-02 1.38316e-03
2.05198e-02 1.38327e-03
2.05366e-02 1.38338e-03
2.05535e-02 1.38349e-03
2.05703e-02 1.38360e-03
2.05871e-02 1.38372e-03
2.06040e-02 1.38385e-03
2.06208e-02 1.38396e-03
2.06377e-02 1.38407e-03
2.06545e-02 1.38416e-03
2.06713e-02 1.38424e-03
2.06882e-02 1.38431e-03
2.07050e-02 1.38438e-03
2.07218e-02 1.38445e-03
2.07387e-02 1.38452e-03
2.07555e-02 1.38461e-03
2.07723e-02 1.38471e-03
2.07892e-02 1.38481e-03
2.08060e-02 1.38492e-03
2.08228e-02 1.38503e-03
2.08397e-02 1.38514e-03
2.08565e-02 1.38525e-03
2.08733e-02 1.38536e-03
2.08901e-02 1.38548e-03
2.09070e-02 1.38562e-03
2.09238e-02 1.38578e-03
2.09406e-02 1.38596e-03
2.09574e-02 1.38616e-03
2.09743e-02 1.38638e-03
2.09911e-02 1.38661e-03
2.10079e-02 1.38685e-03
2.10247e-02 1.38711e-03
2.10415e-02 1.38739e-03
2.10583e-02 1.38770e-03
2.10752e-02 1.38806e-03
2.10920e-02 1.38846e-03
2.11088e-02 1.38889e-03
2.11256e-02 1.38936e-03
2.11424e-02 1.38986e-03
2.11592e-02 1.39039e-03
2.11760e-02 1.39094e-03
2.11928e-02 1.39153e-03
2.12096e-02 1.39215e-03
2.12264e-02 1.39282e-03
2.12433e-02 1.39354e-03
2.12601e-02 1.39432e-03
2.12769e-02 1.39515e-03
2.12937e-02 1.39602e-03
2.13105e-02 1.39692e-03
2.13273e-02 1.39784e-03
2.13441e-02 1.39877e-03
2.13609e-02 1.39973e-03
2.13777e-02 1.40071e-03
2.13945e-02 1.40173e-03
2.14113e-02 1.40280e-03
2.14281e-02 1.40391e-03
2.14449e-02 1.40507e-03
2.14616e-02 1.40626e-03
2.14784e-02 1.40748e-03
2.14952e-02 1.40872e-03
2.15120e-02 1.40998e-03
2.15288e-02 1.41127e-03
2.15456e-02 1.41258e-03
2.15624e-02 1.41393e-03
2.15792e-02 1.41531e-03
2.15960e-02 1.41674e-03
2.16128e-02 1.41820e-03
2.16295e-02 1.41969e-03
2.16463e-02 1.42121e-03
2.16631e-02 1.42273e-03
2.16799e-02 1.42426e-03
2.16967e-02 1.42580e-03
2.17134e-02 1.42736e-03
2.17302e-02 1.42895e-03
2.17470e-02 1.43057e-03
2.17638e-02 1.43223e-03
2.17806e-02 1.43392e-03
2.17973e-02 1.43562e-03
2.18141e-02 1.43732e-03
2.18309e-02 1.43901e-03
2.18477e-02 1.44069e-03
2.18644e-02 1.44236e-03
2.18812e-02 1.44404e-03
2.18980e-02 1.44572e-03
2.19147e-02 1.44741e-03
2.19315e-02 1.44912e-03
2.19483e-02 1.45082e-03
2.19650e-02 1.45251e-03
2.19818e-02 1.45417e-03
2.19986e-02 1.45578e-03
2.20153e-02 1.45734e-03
2.20321e-02 1.45884e-03
2.20489e-02 1.46029e-03
2.20656e-02 1.46170e-03
2.20824e-02 1.46310e-03
2.20991e-02 1.46447e-03
2.21159e-02 1.46583e-03
2.21326e-02 1.46714e-03
2.21494e-02 1.46839e-03
2.21662e-02 1.46958e-03
2.21829e-02 1.47071e-03
2.21997e-02 1.47178e-03
2.22164e-02 1.47280e-03
2.22332e-02 1.47377e-03
2.22499e-02 1.47472e-03
2.22667e-02 1.47563e-03
2.22834e-02 1.47651e-03
2.23002e-02 1.47734e-03
2.23169e-02 1.47812e-03
2.23337e-02 1.47884e-03
2.23504e-02 1.47950e-03
2.23672e-02 1.48010e-03
2.23839e-02 1.48065e-03
2.24006e-02 1.48118e-03
2.24174e-02 1.48168e-03
2.24341e-02 1.48217e-03
2.24509e-02 1.48264e-03
2.24676e-02 1.48309e-03
2.24843e-02 1.48349e-03
2.25011e-02 1.48385e-03
2.25178e-02 1.48416e-03
2.25346e-02 1.48443e-03
2.25513e-02 1.48468e-03
2.25680e-02 1.48492e-03
2.25848e-02 1.48517e-03
2.26015e-02 1.48543e-03
2.26182e-02 1.48569e-03
2.26350e-02 1.48594e-03
2.26517e-02 1.48618e-03
2.26684e-02 1.48640e-03
2.26851e-02 1.48659e-03
2.27019e-02 1.48676e-03
2.27186e-02 1.48691e-03
2.27353e-02 1.48705e-03
2.27520e-02 1.48721e-03
2.27688e-02 1.48738e-03
2.27855e-02 1.48756e-03
2.28022e-02 1.48775e-03
2.28189e-02 1.48793e-03
2.28357e-02 1.48810e-03
2.28524e-02 1.48824e-03
2.28691e-02 1.48838e-03
2.28858e-02 1.48851e-03
2.29025e-02 1.48864e-03
2.29192e-02 1.48878e-03
2.29360e-02 1.48893e-03
2.29527e-02 1.48909e-03
2.29694e-02 1.48925e-03
2.29861e-02 1.48940e-03
2.30028e-02 1.48954e-03
2.30195e-02 1.48966e-03
2.30362e-02 1.48977e-03
2.30529e-02 1.48988e-03
2.30696e-02 1.49000e-03
2.30863e-02 1.49013e-03
2.31031e-02 1.49027e-03
2.31198e-02 1.49043e-03
2.31365e-02 1.49060e-03
2.31532e-02 1.49077e-03
2.31699e-02 1.49092e-03
2.31866e-02 1.49106e-03
2.32033e-02 1.49119e-03
2.32200e-02 1.49133e-03
2.32367e-02 1.49148e-03
2.32534e-02 1.49167e-03
2.32701e-02 1.49189e-03
2.32868e-02 1.49214e-03
2.33035e-02 1.49241e-03
2.33201e-02 1.49270e-03
2.33368e-02 1.49301e-03
2.33535e-02 1.49332e-03
2.33702e-02 1.49365e-03
2.33869e-02 1.49401e-03
2.34036e-02 1.49440e-03
2.34203e-02 1.49483e-03
2.34370e-02 1.49531e-03
2.34537e-02 1.49585e-03
2.34704e-02 1.49643e-03
2.34870e-02 1.49707e-03
2.35037e-02 1.49774e-03
2.35204e-02 1.49847e-03
2.35371e-02 1.49924e-03
2.35538e-02 1.50006e-03
2.35705e-02 1.50094e-03
2.35871e-02 1.50189e-03
2.36038e-02 1.50291e-03
2.36205e-02 1.50398e-03
2.36372e-02 1.50512e-03
2.36538e-02 1.50630e-03
2.36705e-02 1.50752e-03
2.36872e-02 1.50879e-03
2.37039e-02 1.51011e-03
2.37205e-02 1.51148e-03
2.37372e-02 1.51291e-03
2.37539e-02 1.51438e-03
2.37705e-02 1.51592e-03
2.37872e-02 1.51749e-03
2.38039e-02 1.51911e-03
2.38205e-02 1.52077e-03
2.38372e-02 1.52245e-03
2.38539e-02 1.52416e-03
2.38705e-02 1.52591e-03
2.38872e-02 1.52768e-03
2.39039e-02 1.52949e-03
2.39205e-02 1.53134e-03
2.39372e-02 1.53323e-03
2.39538e-02 1.53514e-03
2.39705e-02 1.53707e-03
2.39872e-02 1.53901e-03
2.40038e-02 1.54096e-03
2.40205e-02 1.54292e-03
2.40371e-02 1.54487e-03
2.40538e-02 1.54683e-03
2.40704e-02 1.54878e-03
2.40871e-02 1.55073e-03
2.41037e-02 1.55267e-03
2.41204e-02 1.55461e-03
2.41370e-02 1.55653e-03
2.41537e-02 1.55842e-03
2.41703e-02 1.56030e-03
2.41870e-02 1.56214e-03
2.42036e-02 1.56396e-03
2.42202e-02 1.56574e-03
2.42369e-02 1.56750e-03
2.42535e-02 1.56923e-03
2.42702e-02 1.57092e-03
2.42868e-02 1.57257e-03
2.43035e-02 1.57418e-03
2.43201e-02 1.57573e-03
2.43367e-02 1.57724e-03
2.43534e-02 1.57869e-03
2.43700e-02 1.58009e-03
2.43866e-02 1.58144e-03
2.44033e-02 1.58273e-03
2.44199e-02 1.58396e-03
2.44365e-02 1.58513e-03
2.44532e-02 1.58624e-03
2.44698e-02 1.58728e-03
2.44864e-02 1.58825e-03
2.45031e-02 1.58915e-03
2.45197e-02 1.58998e-03
2.45363e-02 1.59074e-03
2.45530e-02 1.59145e-03
2.45696e-02 1.59210e-03
2.45862e-02 1.59269e-03
2.46028e-02 1.59323e-03
2.46195e-02 1.59371e-03
2.46361e-02 1.59415e-03
2.46527e-02 1.59453e-03
2.46693e-02 1.59488e-03
2.46859e-02 1.59520e-03
2.47026e-02 1.59548e-03
2.47192e-02 1.59573e-03
2.47358e-02 1.59596e-03
2.47524e-02 1.59617e-03
2.47690e-02 1.59635e-03
2.47856e-02 1.59651e-03
2.48023e-02 1.59666e-03
2.48189e-02 1.59681e-03
2.48355e-02 1.59696e-03
2.48521e-02 1.59710e-03
2.48687e-02 1.59724e-03
2.48853e-02 1.59738e-03
2.49019e-02 1.59751e-03
2.49185e-02 1.59765e-03
2.49351e-02 1.59778e-03
2.49518e-02 1.59792e-03
2.49684e-02 1.59805e-03
2.49850e-02 1.59820e-03
2.50016e-02 1.59834e-03
2.50182e-02 1.59850e-03
2.50348e-02 1.59868e-03
2.50514e-02 1.59886e-03
2.50680e-02 1.59905e-03
2.50846e-02 1.59923e-03
2.51012e-02 1.59941e-03
2.51178e-02 1.59959e-03
2.51344e-02 1.59977e-03
2.51510e-02 1.59995e-03
2.51676e-02 1.60013e-03
2.51842e-02 1.60032e-03
2.52007e-02 1.60051e-03
2.52173e-02 1.60069e-03
2.52339e-02 1.60087e-03
2.52505e-02 1.60103e-03
2.52671e-02 1.60119e-03
2.52837e-02 1.60135e-03
2.53003e-02 1.60150e-03
2.53169e-02 1.60165e-03
2.53335e-02 1.60181e-03
2.53500e-02 1.60197e-03
2.53666e-02 1.60213e-03
2.53832e-02 1.60230e-03
2.53998e-02 1.60247e-03
2.54164e-02 1.60264e-03
2.54330e-02 1.60281e-03
2.54495e-02 1.60299e-03
2.54661e-02 1.60318e-03
2.54827e-02 1.60339e-03
2.54993e-02 1.60363e-03
2.55158e-02 1.60391e-03
2.55324e-02 1.60422e-03
2.55490e-02 1.60456e-03
2.55656e-02 1.60491e-03
2.55821e-02 1.60528e-03
2.55987e-02 1.60567e-03
2.56153e-02 1.60610e-03
2.56318e-02 1.60656e-03
2.56484e-02 1.60706e-03
2.56650e-02 1.60762e-03
2.56816e-02 1.60823e-03
2.56981e-02 1.60889e-03
2.57147e-02 1.60961e-03
2.57312e-02 1.61037e-03
2.57478e-02 1.61118e-03
2.57644e-02 1.61204e-03
2.57809e-02 1.61294e-03
2.57975e-02 1.61389e-03
2.58141e-02 1.61490e-03
2.58306e-02 1.61598e-03
2.58472e-02 1.61712e-03
2.58637e-02 1.61834e-03
2.58803e-02 1.61961e-03
2.58968e-02 1.62092e-03
2.59134e-02 1.62228e-03
2.59299e-02 1.62368e-03
2.59465e-02 1.62512e-03
2.59631e-02 1.62661e-03
2.59796e-02 1.62815e-03
2.59962e-02 1.62972e-03
2.60127e-02 1.63134e-03
2.60292e-02 1.63299e-03
2.60458e-02 1.63467e-03
2.60623e-02 1.63636e-03
2.60789e-02 1.63807e-03
2.60954e-02 1.63979e-03
2.61120e-02 1.64152e-03
2.61285e-02 1.64325e-03
2.61451e-02 1.64498e-03
2.61616e-02 1.64672e-03
2.61781e-02 1.64847e-03
2.61947e-02 1.65023e-03
2.62112e-02 1.65197e-03
2.62278e-02 1.65370e-03
2.62443e-02 1.65540e-03
2.62608e-02 1.65707e-03
2.62774e-02 1.65871e-03
2.62939e-02 1.66032e-03
2.63104e-02 1.66191e-03
2.63270e-02 1.66349e-03
2.63435e-02 1.66505e-03
2.63600e-02 1.66659e-03
2.63765e-02 1.66811e-03
2.63931e-02 1.66959e-03
2.64096e-02 1.67105e-03
2.64261e-02 1.67247e-03
2.64427e-02 1.67386e-03
2.64592e-02 1.67521e-03
2.64757e-02 1.67653e-03
2.64922e-02 1.67781e-03
2.65087e-02 1.67907e-03
2.65253e-02 1.68031e-03
2.65418e-02 1.68152e-03
2.65583e-02 1.68270e-03
2.65748e-02 1.68384e-03
2.65913e-02 1.68494e-03
2.66079e-02 1.68599e-03
2.66244e-02 1.68700e-03
2.66409e-02 1.68798e-03
2.66574e-02 1.68894e-03
2.66739e-02 1.68986e-03
2.66904e-02 1.69076e-03
2.67069e-02 1.69162e-03
2.67235e-02 1.69244e-03
2.67400e-02 1.69322e-03
2.67565e-02 1.69397e-03
2.67730e-02 1.69469e-03
2.67895e-02 1.69538e-03
2.68060e-02 1.69604e-03
2.68225e-02 1.69667e-03
2.68390e-02 1.69727e-03
2.68555e-02 1.69784e-03
2.68720e-02 1.69839e-03
2.68885e-02 1.69890e-03
2.69050e-02 1.69939e-03
2.69215e-02 1.69984e-03
2.69380e-02 1.70026e-03
2.69545e-02 1.70063e-03
2.69710e-02 1.70098e-03
2.69875e-02 1.70130e-03
2.70040e-02 1.70160e-03
2.70205e-02 1.70188e-03
2.70370e-02 1.70213e-03
2.70535e-02 1.70236e-03
2.70700e-02 1.70257e-03
2.70865e-02 1.70276e-03
2.71030e-02 1.70293e-03
2.71194e-02 1.70309e-03
2.71359e-02 1.70324e-03
2.71524e-02 1.70337e-03
2.71689e-02 1.70350e-03
2.71854e-02 1.70361e-03
2.72019e-02 1.70372e-03
2.72184e-02 1.70383e-03
2.72348e-02 1.70393e-03
2.72513e-02 1.70403e-03
2.72678e-02 1.70413e-03
2.72843e-02 1.70423e-03
2.73008e-02 1.70432e-03
2.73173e-02 1.70440e-03
2.73337e-02 1.70449e-03
2.73502e-02 1.70459e-03
2.73667e-02 1.70468e-03
2.73832e-02 1.70477e-03
2.73996e-02 1.70487e-03
2.74161e-02 1.70496e-03
2.74326e-02 1.70506e-03
2.74491e-02 1.70516e-03
2.74655e-02 1.70528e-03
2.74820e-02 1.70540e-03
2.74985e-02 1.70553e-03
2.75149e-02 1.70566e-03
2.75314e-02 1.70580e-03
2.75479e-02 1.70594e-03
2.75643e-02 1.70610e-03
2.75808e-02 1.70626e-03
2.75973e-02 1.70644e-03
2.76137e-02 1.70663e-03
2.76302e-02 1.70683e-03
2.76466e-02 1.70704e-03
2.76631e-02 1.70726e-03
2.76796e-02 1.70749e-03
2.76960e-02 1.70772e-03
2.77125e-02 1.70796e-03
2.77289e-02 1.70820e-03
2.77454e-02 1.70846e-03
2.77618e-02 1.70873e-03
2.77783e-02 1.70902e-03
2.77948e-02 1.70932e-03
2.78112e-02 1.70965e-03
2.78277e-02 1.70999e-03
2.78441e-02 1.71034e-03
2.78606e-02 1.71072e-03
2.78770e-02 1.71110e-03
2.78935e-02 1.71151e-03
2.79099e-02 1.71194e-03
2.79263e-02 1.71240e-03
2.79428e-02 1.71288e-03
2.79592e-02 1.71340e-03
2.79757e-02 1.71394e-03
2.79921e-02 1.71452e-03
2.80086e-02 1.71512e-03
2.80250e-02 1.71576e-03
2.80414e-02 1.71643e-03
2.80579e-02 1.71713e-03
2.80743e-02 1.71786e-03
2.80908e-02 1.71863e-03
2.81072e-02 1.71943e-03
2.81236e-02 1.72028e-03
2.81401e-02 1.72116e-03
2.81565e-02 1.72209e-03
2.81729e-02 1.72306e-03
2.81894e-02 1.72408e-03
2.82058e-02 1.72514e-03
2.82222e-02 1.72624e-03
2.82386e-02 1.72740e-03
2.82551e-02 1.72860e-03
2.82715e-02 1.72984e-03
2.82879e-02 1.73114e-03
2.83043e-02 1.73248e-03
2.83208e-02 1.73387e-03
2.83372e-02 1.73531e-03
2.83536e-02 1.73679e-03
2.83700e-02 1.73831e-03
2.83865e-02 1.73987e-03
2.84029e-02 1.74145e-03
2.84193e-02 1.74307e-03
2.84357e-02 1.74471e-03
2.84521e-02 1.74639e-03
2.84685e-02 1.74809e-03
2.84850e-02 1.74981e-03
2.85014e-02 1.75155e-03
2.85178e-02 1.75330e-03
2.85342e-02 1.75505e-03
2.85506e-02 1.75681e-03
2.85670e-02 1.75858e-03
2.85834e-02 1.76034e-03
2.85998e-02 1.76210e-03
2.86162e-02 1.76384e-03
2.86327e-02 1.76557e-03
2.86491e-02 1.76727e-03
2.86655e-02 1.76897e-03
2.86819e-02 1.77064e-03
2.86983e-02 1.77229e-03
2.87147e-02 1.77391e-03
2.87311e-02 1.77550e-03
2.87475e-02 1.77705e-03
2.87639e-02 1.77856e-03
2.87803e-02 1.78004e-03
2.87967e-02 1.78148e-03
2.88131e-02 1.78288e-03
2.88295e-02 1.78424e-03
2.88459e-02 1.78556e-03
2.88623e-02 1.78684e-03
2.88787e-02 1.78808e-03
2.88950e-02 1.78927e-03
2.89114e-02 1.79042e-03
2.89278e-02 1.79153e-03
2.89442e-02 1.79260e-03
2.89606e-02 1.79362e-03
2.89770e-02 1.79460e-03
2.89934e-02 1.79554e-03
2.90098e-02 1.79644e-03
2.90262e-02 1.79730e-03
2.90426e-02 1.79811e-03
2.90589e-02 1.79889e-03
2.90753e-02 1.79962e-03
2.90917e-02 1.80029e-03
2.91081e-02 1.80093e-03
2.91245e-02 1.80152e-03
2.91408e-02 1.80208e-03
2.91572e-02 1.80260e-03
2.91736e-02 1.80310e-03
2.91900e-02 1.80356e-03
2.92064e-02 1.80399e-03
2.92227e-02 1.80438e-03
2.92391e-02 1.80475e-03
2.92555e-02 1.80510e-03
2.92719e-02 1.80542e-03
2.92882e-02 1.80571e-03
2.93046e-02 1.80598e-03
2.93210e-02 1.80623e-03
2.93373e-02 1.80645e-03
2.93537e-02 1.80667e-03
2.93701e-02 1.80688e-03
2.93864e-02 1.80708e-03
2.94028e-02 1.80727e-03
2.94192e-02 1.80745e-03
2.94355e-02 1.80761e-03
2.94519e-02 1.80775e-03
2.94683e-02 1.80789e-03
2.94846e-02 1.80803e-03
2.95010e-02 1.80817e-03
2.95174e-02 1.80830e-03
2.95337e-02 1.80844e-03
2.95501e-02 1.80856e-03
2.95664e-02 1.80869e-03
2.95828e-02 1.80881e-03
2.95991e-02 1.80893e-03
2.96155e-02 1.80905e-03
2.96319e-02 1.80917e-03
2.96482e-02 1.80929e-03
2.96646e-02 1.80941e-03
2.96809e-02 1.80952e-03
2.96973e-02 1.80964e-03
2.97136e-02 1.80976e-03
2.97300e-02 1.80988e-03
2.97463e-02 1.81000e-03
2.97627e-02 1.81012e-03
2.97790e-02 1.81023e-03
2.97954e-02 1.81033e-03
2.98117e-02 1.81043e-03
2.98280e-02 1.81054e-03
2.98444e-02 1.81066e-03
2.98607e-02 1.81079e-03
2.98771e-02 1.81092e-03
2.98934e-02 1.81106e-03
2.99098e-02 1.81121e-03
2.99261e-02 1.81137e-03
2.99424e-02 1.81154e-03
2.99588e-02 1.81173e-03
2.99751e-02 1.81192e-03
2.99914e-02 1.81213e-03
3.00078e-02 1.81235e-03
3.00241e-02 1.81259e-03
3.00404e-02 1.81285e-03
3.00568e-02 1.81314e-03
3.00731e-02 1.81347e-03
3.00894e-02 1.81383e-03
3.01058e-02 1.81421e-03
3.01221e-02 1.81461e-03
3.01384e-02 1.81504e-03
3.01547e-02 1.81549e-03
3.01711e-02 1.81598e-03
3.01874e-02 1.81652e-03
3.02037e-02 1.81709e-03
3.02200e-02 1.81770e-03
3.02364e-02 1.81835e-03
3.02527e-02 1.81904e-03
3.02690e-02 1.81978e-03
3.02853e-02 1.82056e-03
3.03016e-02 1.82140e-03
3.03180e-02 1.82229e-03
3.03343e-02 1.82323e-03
3.03506e-02 1.82422e-03
3.03669e-02 1.82526e-03
3.03832e-02 1.82635e-03
3.03995e-02 1.82749e-03
3.04158e-02 1.82869e-03
3.04322e-02 1.82994e-03
3.04485e-02 1.83124e-03
3.04648e-02 1.83257e-03
3.04811e-02 1.83395e-03
3.04974e-02 1.83536e-03
3.05137e-02 1.83683e-03
3.05300e-02 1.83834e-03
3.05463e-02 1.83990e-03
3.05626e-02 1.84149e-03
3.05789e-02 1.84312e-03
3.05952e-02 1.84478e-03
3.06115e-02 1.84647e-03
3.06278e-02 1.84819e-03
3.06441e-02 1.84994e-03
3.06604e-02 1.85171e-03
3.06767e-02 1.85349e-03
3.06930e-02 1.85529e-03
3.07093e-02 1.85709e-03
3.07256e-02 1.85891e-03
3.07419e-02 1.86073e-03
3.07582e-02 1.86256e-03
3.07745e-02 1.86438e-03
3.07908e-02 1.86620e-03
3.08070e-02 1.86801e-03
3.08233e-02 1.86979e-03
3.08396e-02 1.87156e-03
3.08559e-02 1.87330e-03
3.08722e-02 1.87503e-03
3.08885e-02 1.87674e-03
3.09048e-02 1.87842e-03
3.09211e-02 1.88007e-03
3.09373e-02 1.88169e-03
3.09536e-02 1.88328e-03
3.09699e-02 1.88483e-03
3.09862e-02 1.88636e-03
3.10025e-02 1.88787e-03
3.10187e-02 1.88934e-03
3.10350e-02 1.89077e-03
3.10513e-02 1.89216e-03
3.10676e-02 1.89352e-03
3.10838e-02 1.89483e-03
3.11001e-02 1.89611e-03
3.11164e-02 1.89734e-03
3.11327e-02 1.89852e-03
3.11489e-02 1.89965e-03
3.11652e-02 1.90072e-03
3.11815e-02 1.90174e-03
3.11977e-02 1.90271e-03
3.12140e-02 1.90364e-03
3.12303e-02 1.90452e-03
3.12465e-02 1.90535e-03
3.12628e-02 1.90613e-03
3.12791e-02 1.90686e-03
3.12953e-02 1.90753e-03
3.13116e-02 1.90816e-03
3.13279e-02 1.90874e-03
3.13441e-02 1.90928e-03
3.13604e-02 1.90979e-03
3.13766e-02 1.91026e-03
3.13929e-02 1.91070e-03
3.14092e-02 1.91110e-03
3.14254e-02 1.91147e-03
3.14417e-02 1.91182e-03
3.14579e-02 1.91215e-03
3.14742e-02 1.91245e-03
3.14904e-02 1.91273e-03
3.15067e-02 1.91298e-03
3.15229e-02 1.91322e-03
3.15392e-02 1.91344e-03
3.15555e-02 1.91365e-03
3.15717e-02 1.91385e-03
3.15880e-02 1.91403e-03
3.16042e-02 1.91421e-03
3.16204e-02 1.91437e-03
3.16367e-02 1.91452e-03
3.16529e-02 1.91466e-03
3.16692e-02 1.91481e-03
3.16854e-02 1.91495e-03
3.17017e-02 1.91510e-03
3.17179e-02 1.91524e-03
3.17342e-02 1.91538e-03
3.17504e-02 1.91552e-03
3.17666e-02 1.91566e-03
3.17829e-02 1.91581e-03
3.17991e-02 1.91596e-03
3.18153e-02 1.91611e-03
3.18316e-02 1.91625e-03
3.18478e-02 1.91640e-03
3.18641e-02 1.91655e-03
3.18803e-02 1.91670e-03
3.18965e-02 1.91685e-03
3.19128e-02 1.91701e-03
3.19290e-02 1.91716e-03
3.19452e-02 1.91731e-03
3.19614e-02 1.91745e-03
3.19777e-02 1.91760e-03
3.19939e-02 1.91774e-03
3.20101e-02 1.91789e-03
3.20264e-02 1.91805e-03
3.20426e-02 1.91821e-03
3.20588e-02 1.91837e-03
3.20750e-02 1.91854e-03
3.20912e-02 1.91870e-03
3.21075e-02 1.91886e-03
3.21237e-02 1.91903e-03
3.21399e-02 1.91920e-03
3.21561e-02 1.91937e-03
3.21723e-02 1.91956e-03
3.21886e-02 1.91975e-03
3.22048e-02 1.91996e-03
3.22210e-02 1.92019e-03
3.22372e-02 1.92042e-03
3.22534e-02 1.92066e-03
3.22696e-02 1.92091e-03
3.22858e-02 1.92117e-03
3.23020e-02 1.92144e-03
3.23183e-02 1.92173e-03
3.23345e-02 1.92203e-03
3.23507e-02 1.92236e-03
3.23669e-02 1.92272e-03
3.23831e-02 1.92310e-03
3.23993e-02 1.92350e-03
3.24155e-02 1.92393e-03
3.24317e-02 1.92438e-03
3.24479e-02 1.92487e-03
3.24641e-02 1.92539e-03
3.24803e-02 1.92595e-03
3.24965e-02 1.92654e-03
3.25127e-02 1.92717e-03
3.25289e-02 1.92784e-03
3.25451e-02 1.92856e-03
3.25613e-02 1.92931e-03
3.25775e-02 1.93011e-03
3.25937e-02 1.93095e-03
3.26099e-02 1.93183e-03
3.26261e-02 1.93275e-03
3.26423e-02 1.93371e-03
3.26585e-02 1.93472e-03
3.26746e-02 1.93578e-03
3.26908e-02 1.93688e-03
3.27070e-02 1.93803e-03
3.27232e-02 1.93921e-03
3.27394e-02 1.94042e-03
3.27556e-02 1.94166e-03
3.27718e-02 1.94294e-03
3.27879e-02 1.94424e-03
3.28041e-02 1.94557e-03
3.28203e-02 1.94693e-03
3.28365e-02 1.94831e-03
3.28527e-02 1.94972e-03
3.28689e-02 1.95115e-03
3.28850e-02 1.95259e-03
3.29012e-02 1.95405e-03
3.29174e-02 1.95551e-03
3.29336e-02 1.95698e-03
3.29497e-02 1.95844e-03
3.29659e-02 1.95990e-03
3.29821e-02 1.96136e-03
3.29983e-02 1.96282e-03
3.30144e-02 1.96429e-03
3.30306e-02 1.96575e-03
3.30468e-02 1.96721e-03
3.30629e-02 1.96866e-03
3.30791e-02 1.97010e-03
3.30953e-02 1.97152e-03
3.31114e-02 1.97294e-03
3.31276e-02 1.97435e-03
3.31438e-02 1.97576e-03
3.31599e-02 1.97717e-03
3.31761e-02 1.97856e-03
3.31923e-02 1.97994e-03
3.32084e-02 1.98131e-03
3.32246e-02 1.98266e-03
3.32407e-02 1.98401e-03
3.32569e-02 1.98534e-03
3.32731e-02 1.98665e-03
3.32892e-02 1.98794e-03
3.33054e-02 1.98922e-03
3.33215e-02 1.99048e-03
3.33377e-02 1.99172e-03
3.33538e-02 1.99296e-03
3.33700e-02 1.99418e-03
3.33861e-02 1.99538e-03
3.34023e-02 1.99655e-03
3.34184e-02 1.99770e-03
3.34346e-02 1.99882e-03
3.34507e-02 1.99991e-03
3.34669e-02 2.00099e-03
3.34830e-02 2.00203e-03
3.34992e-02 2.00306e-03
3.35153e-02 2.00405e-03
3.35315e-02 2.00502e-03
3.35476e-02 2.00595e-03
3.35637e-02 2.00685e-03
3.35799e-02 2.00772e-03
3.35960e-02 2.00855e-03
3.36122e-02 2.00935e-03
3.36283e-02 2.01011e-03
3.36444e-02 2.01083e-03
3.36606e-02 2.01151e-03
3.36767e-02 2.01215e-03
3.36928e-02 2.01276e-03
3.37090e-02 2.01333e-03
3.37251e-02 2.01386e-03
3.37412e-02 2.01436e-03
3.37574e-02 2.01482e-03
3.37735e-02 2.01524e-03
3.37896e-02 2.01563e-03
3.38058e-02 2.01600e-03
3.38219e-02 2.01634e-03
3.38380e-02 2.01667e-03
3.38542e-02 2.01696e-03
3.38703e-02 2.01722e-03
3.38864e-02 2.01746e-03
3.39025e-02 2.01767e-03
3.39187e-02 2.01787e-03
3.39348e-02 2.01806e-03
3.39509e-02 2.01824e-03
3.39670e-02 2.01841e-03
3.39831e-02 2.01856e-03
3.39993e-02 2.01870e-03
3.40154e-02 2.01884e-03
3.40315e-02 2.01896e-03
3.40476e-02 2.01908e-03
3.40637e-02 2.01920e-03
3.40798e-02 2.01931e-03
3.40960e-02 2.01941e-03
3.41121e-02 2.01951e-03
3.41282e-02 2.01961e-03
3.41443e-02 2.01972e-03
3.41604e-02 2.01983e-03
3.41765e-02 2.01994e-03
3.41926e-02 2.02006e-03
3.42087e-02 2.02018e-03
3.42248e-02 2.02029e-03
3.42409e-02 2.02041e-03
3.42570e-02 2.02053e-03
3.42732e-02 2.02067e-03
3.42893e-02 2.02082e-03
3.43054e-02 2.02098e-03
3.43215e-02 2.02114e-03
3.43376e-02 2.02132e-03
3.43537e-02 2.02150e-03
3.43698e-02 2.02168e-03
3.43859e-02 2.02188e-03
3.44020e-02 2.02208e-03
3.44181e-02 2.02229e-03
3.44342e-02 2.02250e-03
3.44502e-02 2.02272e-03
3.44663e-02 2.02294e-03
3.44824e-02 2.02317e-03
3.44985e-02 2.02341e-03
3.45146e-02 2.02367e-03
3.45307e-02 2.02393e-03
3.45468e-02 2.02419e-03
3.45629e-02 2.02445e-03
3.45790e-02 2.02471e-03
3.45951e-02 2.02498e-03
3.46112e-02 2.02526e-03
3.46272e-02 2.02555e-03
3.46433e-02 2.02586e-03
3.46594e-02 2.02617e-03
3.46755e-02 2.02649e-03
3.46916e-02 2.02683e-03
3.47077e-02 2.02718e-03
3.47237e-02 2.02756e-03
3.47398e-02 2.02796e-03
3.47559e-02 2.02839e-03
3.47720e-02 2.02884e-03
3.47880e-02 2.02931e-03
3.48041e-02 2.02981e-03
3.48202e-02 2.03034e-03
3.48363e-02 2.03091e-03
3.48523e-02 2.03152e-03
3.48684e-02 2.03217e-03
3.48845e-02 2.03286e-03
3.49006e-02 2.03359e-03
3.49166e-02 2.03436e-03
3.49327e-02 2.03517e-03
3.49488e-02 2.03604e-03
3.49648e-02 2.03696e-03
3.49809e-02 2.03794e-03
3.49970e-02 2.03896e-03
3.50130e-02 2.04002e-03
3.50291e-02 2.04114e-03
3.50451e-02 2.04231e-03
3.50612e-02 2.04353e-03
3.50773e-02 2.04481e-03
3.50933e-02 2.04614e-03
3.51094e-02 2.04753e-03
3.51254e-02 2.04896e-03
3.51415e-02 2.05044e-03
3.51576e-02 2.05197e-03
3.51736e-02 2.05354e-03
3.51897e-02 2.05516e-03
3.52057e-02 2.05682e-03
3.52218e-02 2.05851e-03
3.52378e-02 2.06024e-03
3.52539e-02 2.06199e-03
3.52699e-02 2.06376e-03
3.52860e-02 2.06556e-03
3.53020e-02 2.06737e-03
3.53181e-02 2.06921e-03
3.53341e-02 2.07105e-03
3.53501e-02 2.07289e-03
3.53662e-02 2.07472e-03
3.53822e-02 2.07655e-03
3.53983e-02 2.07837e-03
3.54143e-02 2.08018e-03
3.54304e-02 2.08198e-03
3.54464e-02 2.08376e-03
3.54624e-02 2.08551e-03
3.54785e-02 2.08723e-03
3.54945e-02 2.08892e-03
3.55106e-02 2.09059e-03
3.55266e-02 2.09222e-03
3.55426e-02 2.09382e-03
3.55587e-02 2.09538e-03
3.55747e-02 2.09690e-03
3.55907e-02 2.09839e-03
3.56068e-02 2.09983e-03
3.56228e-02 2.10123e-03
3.56388e-02 2.10259e-03
3.56549e-02 2.10390e-03
3.56709e-02 2.10518e-03
3.56869e-02 2.10640e-03
3.57029e-02 2.10757e-03
3.57190e-02 2.10869e-03
3.57350e-02 2.10977e-03
