4.04521e-05 6.24000e+02  3.27182e+02 3.27182e+02 
8.09124e-05 6.24000e+02  1.30880e+03 1.30880e+03 
1.21381e-04 6.24000e+02  2.94489e+03 2.94489e+03 
1.61858e-04 6.24000e+02  5.23547e+03 5.23547e+03 
2.02342e-04 6.24000e+02  8.18055e+03 8.18055e+03 
2.42836e-04 6.24000e+02  1.17802e+04 1.17802e+04 
2.83337e-04 6.24000e+02  1.60344e+04 1.60344e+04 
3.23846e-04 6.24000e+02  2.09431e+04 2.09431e+04 
3.64364e-04 6.24000e+02  2.65065e+04 2.65065e+04 
4.04890e-04 6.24000e+02  3.27245e+04 3.27245e+04 
4.45424e-04 6.24000e+02  3.95972e+04 3.95972e+04 
4.85966e-04 6.24000e+02  4.71245e+04 4.71245e+04 
5.26516e-04 6.24000e+02  5.53065e+04 5.53065e+04 
5.67075e-04 6.24000e+02  6.41433e+04 6.41433e+04 
6.07642e-04 6.24000e+02  7.36348e+04 7.36348e+04 
6.48217e-04 6.24000e+02  8.37811e+04 8.37811e+04 
6.88800e-04 6.24000e+02  9.45822e+04 9.45822e+04 
7.29391e-04 6.24000e+02  1.06038e+05 1.06038e+05 
7.69991e-04 6.24000e+02  1.18149e+05 1.18149e+05 
8.10599e-04 6.24000e+02  1.30914e+05 1.30914e+05 
8.51215e-04 6.24000e+02  1.44335e+05 1.44335e+05 
8.91839e-04 6.24000e+02  1.58410e+05 1.58410e+05 
9.32472e-04 6.24000e+02  1.73141e+05 1.73141e+05 
9.73113e-04 6.24000e+02  1.88526e+05 1.88526e+05 
1.01376e-03 6.24000e+02  2.04566e+05 2.04566e+05 
1.05442e-03 6.24000e+02  2.21262e+05 2.21262e+05 
1.09508e-03 6.24000e+02  2.38612e+05 2.38612e+05 
1.13576e-03 6.24000e+02  2.56618e+05 2.56618e+05 
1.17644e-03 6.24000e+02  2.75278e+05 2.75278e+05 
1.21713e-03 6.24000e+02  2.94594e+05 2.94594e+05 
1.25783e-03 6.24000e+02  3.14565e+05 3.14565e+05 
1.29853e-03 6.24000e+02  3.35191e+05 3.35191e+05 
1.33925e-03 6.24000e+02  3.56472e+05 3.56472e+05 
1.37997e-03 6.24000e+02  3.78408e+05 3.78408e+05 
1.42070e-03 6.24000e+02  4.01000e+05 4.01000e+05 
1.46144e-03 6.24000e+02  4.24247e+05 4.24247e+05 
1.50219e-03 6.24000e+02  4.48149e+05 4.48149e+05 
1.54295e-03 6.24000e+02  4.72706e+05 4.72706e+05 
1.58371e-03 6.24000e+02  4.97919e+05 4.97919e+05 
1.62448e-03 6.24000e+02  5.23787e+05 5.23787e+05 
1.66526e-03 6.24000e+02  5.50311e+05 5.50311e+05 
1.70605e-03 6.24000e+02  5.77490e+05 5.77490e+05 
1.74685e-03 6.24000e+02  6.05324e+05 6.05324e+05 
1.78766e-03 6.24000e+02  6.33814e+05 6.33814e+05 
1.82847e-03 6.24000e+02  6.62959e+05 6.62959e+05 
1.86929e-03 6.24000e+02  6.92760e+05 6.92760e+05 
1.91012e-03 6.24000e+02  7.23216e+05 7.23216e+05 
1.95096e-03 6.24000e+02  7.54328e+05 7.54328e+05 
1.99181e-03 6.24000e+02  7.86096e+05 7.86096e+05 
2.03266e-03 6.24000e+02  8.18519e+05 8.18519e+05 
2.07352e-03 6.24000e+02  8.51597e+05 8.51597e+05 
2.11440e-03 6.24000e+02  8.85332e+05 8.85332e+05 
2.15528e-03 6.24000e+02  9.19722e+05 9.19722e+05 
2.19616e-03 6.24000e+02  9.54768e+05 9.54768e+05 
2.23706e-03 6.24000e+02  9.90469e+05 9.90469e+05 
2.27797e-03 6.24000e+02  1.02683e+06 1.02683e+06 
2.31888e-03 6.24000e+02  1.06384e+06 1.06384e+06 
2.35980e-03 6.24000e+02  1.10151e+06 1.10151e+06 
2.40073e-03 6.24000e+02  1.13983e+06 1.13983e+06 
2.44167e-03 6.24000e+02  1.17881e+06 1.17881e+06 
2.48261e-03 6.24000e+02  1.21845e+06 1.21845e+06 
2.52357e-03 6.24000e+02  1.25874e+06 1.25874e+06 
2.56453e-03 6.24000e+02  1.29969e+06 1.29969e+06 
2.60550e-03 6.24000e+02  1.34130e+06 1.34130e+06 
2.64648e-03 6.24000e+02  1.38356e+06 1.38356e+06 
2.68747e-03 6.24000e+02  1.42647e+06 1.42647e+06 
2.72846e-03 6.24000e+02  1.47004e+06 1.47004e+06 
2.76947e-03 6.24000e+02  1.51427e+06 1.51427e+06 
2.81048e-03 6.24000e+02  1.55916e+06 1.55916e+06 
2.85150e-03 6.24000e+02  1.60470e+06 1.60470e+06 
2.89253e-03 6.24000e+02  1.65089e+06 1.65089e+06 
2.93357e-03 6.24000e+02  1.69775e+06 1.69775e+06 
2.97461e-03 6.24000e+02  1.74526e+06 1.74526e+06 
3.01566e-03 6.24000e+02  1.79342e+06 1.79342e+06 
3.05673e-03 6.24000e+02  1.84224e+06 1.84224e+06 
3.09780e-03 6.24000e+02  1.89172e+06 1.89172e+06 
3.13888e-03 6.24000e+02  1.94185e+06 1.94185e+06 
3.17996e-03 6.24000e+02  1.99265e+06 1.99265e+06 
3.22106e-03 6.24000e+02  2.04409e+06 2.04409e+06 
3.26216e-03 6.24000e+02  2.09620e+06 2.09620e+06 
3.30327e-03 6.24000e+02  2.14895e+06 2.14895e+06 
3.34439e-03 6.24000e+02  2.20237e+06 2.20237e+06 
3.38552e-03 6.24000e+02  2.25644e+06 2.25644e+06 
3.42666e-03 6.24000e+02  2.31117e+06 2.31117e+06 
3.46780e-03 6.24000e+02  2.36656e+06 2.36656e+06 
3.50896e-03 6.24000e+02  2.42260e+06 2.42260e+06 
3.55012e-03 6.24000e+02  2.47930e+06 2.47930e+06 
3.59129e-03 6.24000e+02  2.53665e+06 2.53665e+06 
3.63247e-03 6.24000e+02  2.59466e+06 2.59466e+06 
3.67366e-03 6.24000e+02  2.65333e+06 2.65333e+06 
3.71485e-03 6.24000e+02  2.71266e+06 2.71266e+06 
3.75605e-03 6.24000e+02  2.77264e+06 2.77264e+06 
3.79727e-03 6.24000e+02  2.83328e+06 2.83328e+06 
3.83849e-03 6.24000e+02  2.89457e+06 2.89457e+06 
3.87971e-03 6.24000e+02  2.95653e+06 2.95653e+06 
3.92095e-03 6.24000e+02  3.01913e+06 3.01913e+06 
3.96220e-03 6.24000e+02  3.08240e+06 3.08240e+06 
4.00345e-03 6.24000e+02  3.14632e+06 3.14632e+06 
4.04471e-03 6.24000e+02  3.21090e+06 3.21090e+06 
4.08598e-03 6.24000e+02  3.27614e+06 3.27614e+06 
4.12726e-03 6.24000e+02  3.34203e+06 3.34203e+06 
4.16855e-03 6.24000e+02  3.40858e+06 3.40858e+06 
4.20984e-03 6.24000e+02  3.47579e+06 3.47579e+06 
4.25115e-03 6.24000e+02  3.54365e+06 3.54365e+06 
4.29246e-03 6.24000e+02  3.61217e+06 3.61217e+06 
4.33378e-03 6.24000e+02  3.68135e+06 3.68135e+06 
4.37511e-03 6.24000e+02  3.75119e+06 3.75119e+06 
4.41644e-03 6.24000e+02  3.82168e+06 3.82168e+06 
4.45779e-03 6.24000e+02  3.89283e+06 3.89283e+06 
4.49914e-03 6.24000e+02  3.96463e+06 3.96463e+06 
4.54051e-03 6.24000e+02  4.03710e+06 4.03710e+06 
4.58188e-03 6.24000e+02  4.11022e+06 4.11022e+06 
4.62325e-03 6.24000e+02  4.18400e+06 4.18400e+06 
4.66464e-03 6.24000e+02  4.25843e+06 4.25843e+06 
4.70604e-03 6.24000e+02  4.33353e+06 4.33353e+06 
4.74744e-03 6.24000e+02  4.40928e+06 4.40928e+06 
4.78885e-03 6.24000e+02  4.48568e+06 4.48568e+06 
4.83027e-03 6.24000e+02  4.56275e+06 4.56275e+06 
4.87170e-03 6.24000e+02  4.64047e+06 4.64047e+06 
4.91314e-03 6.24000e+02  4.71885e+06 4.71885e+06 
4.95459e-03 6.24000e+02  4.79789e+06 4.79789e+06 
4.99604e-03 6.24000e+02  4.87758e+06 4.87758e+06 
5.03750e-03 6.24000e+02  4.95794e+06 4.95794e+06 
5.07898e-03 6.24000e+02  5.03895e+06 5.03895e+06 
5.12045e-03 6.24000e+02  5.12061e+06 5.12061e+06 
5.16194e-03 6.24000e+02  5.20294e+06 5.20294e+06 
5.20344e-03 6.24000e+02  5.28592e+06 5.28592e+06 
5.24494e-03 6.24000e+02  5.36956e+06 5.36956e+06 
5.28646e-03 6.24000e+02  5.45386e+06 5.45386e+06 
5.32798e-03 6.24000e+02  5.53882e+06 5.53882e+06 
5.36951e-03 6.24000e+02  5.62443e+06 5.62443e+06 
5.41105e-03 6.24000e+02  5.71070e+06 5.71070e+06 
5.45259e-03 6.24000e+02  5.79763e+06 5.79763e+06 
5.49415e-03 6.24000e+02  5.88522e+06 5.88522e+06 
5.53571e-03 6.24000e+02  5.97346e+06 5.97346e+06 
5.57728e-03 6.24000e+02  6.06236e+06 6.06236e+06 
5.61886e-03 6.24000e+02  6.15192e+06 6.15192e+06 
5.66045e-03 6.24000e+02  6.24214e+06 6.24214e+06 
5.70205e-03 6.24000e+02  6.33302e+06 6.33302e+06 
5.74365e-03 6.24000e+02  6.42455e+06 6.42455e+06 
5.78527e-03 6.24000e+02  6.51675e+06 6.51675e+06 
5.82689e-03 6.24000e+02  6.60960e+06 6.60960e+06 
5.86852e-03 6.24000e+02  6.70311e+06 6.70311e+06 
5.91016e-03 6.24000e+02  6.79727e+06 6.79727e+06 
5.95181e-03 6.24000e+02  6.89210e+06 6.89210e+06 
5.99346e-03 6.24000e+02  6.98758e+06 6.98758e+06 
6.03513e-03 6.24000e+02  7.08372e+06 7.08372e+06 
6.07680e-03 6.24000e+02  7.18052e+06 7.18052e+06 
6.11848e-03 6.24000e+02  7.27798e+06 7.27798e+06 
6.16017e-03 6.24000e+02  7.37609e+06 7.37609e+06 
6.20187e-03 6.24000e+02  7.47487e+06 7.47487e+06 
6.24358e-03 6.24000e+02  7.57430e+06 7.57430e+06 
6.28529e-03 6.24000e+02  7.67439e+06 7.67439e+06 
6.32701e-03 6.24000e+02  7.77514e+06 7.77514e+06 
6.36875e-03 6.24000e+02  7.87655e+06 7.87655e+06 
6.41049e-03 6.24000e+02  7.97862e+06 7.97862e+06 
6.45223e-03 6.24000e+02  8.08134e+06 8.08134e+06 
6.49399e-03 6.24000e+02  8.18472e+06 8.18472e+06 
6.53576e-03 6.24000e+02  8.28877e+06 8.28877e+06 
6.57753e-03 6.24000e+02  8.39347e+06 8.39347e+06 
6.61931e-03 6.24000e+02  8.49882e+06 8.49882e+06 
6.66110e-03 6.24000e+02  8.60484e+06 8.60484e+06 
6.70290e-03 6.24000e+02  8.71152e+06 8.71152e+06 
6.74471e-03 6.24000e+02  8.81885e+06 8.81885e+06 
6.78653e-03 6.24000e+02  8.92685e+06 8.92685e+06 
6.82835e-03 6.24000e+02  9.03550e+06 9.03550e+06 
6.87019e-03 6.24000e+02  9.14481e+06 9.14481e+06 
6.91203e-03 6.24000e+02  9.25478e+06 9.25478e+06 
6.95388e-03 6.24000e+02  9.36541e+06 9.36541e+06 
6.99574e-03 6.24000e+02  9.47670e+06 9.47670e+06 
7.03760e-03 6.24000e+02  9.58864e+06 9.58864e+06 
7.07948e-03 6.24000e+02  9.70125e+06 9.70125e+06 
7.12136e-03 6.24000e+02  9.81451e+06 9.81451e+06 
7.16326e-03 6.24000e+02  9.92843e+06 9.92843e+06 
7.20516e-03 6.24000e+02  1.00430e+07 1.00430e+07 
7.24707e-03 6.24000e+02  1.01583e+07 1.01583e+07 
7.28898e-03 6.24000e+02  1.02742e+07 1.02742e+07 
7.33091e-03 6.24000e+02  1.03907e+07 1.03907e+07 
7.37285e-03 6.24000e+02  1.05079e+07 1.05079e+07 
7.41479e-03 6.24000e+02  1.06258e+07 1.06258e+07 
7.45674e-03 6.24000e+02  1.07443e+07 1.07443e+07 
7.49870e-03 6.24000e+02  1.08635e+07 1.08635e+07 
7.54067e-03 6.24000e+02  1.09834e+07 1.09834e+07 
7.58265e-03 6.24000e+02  1.11039e+07 1.11039e+07 
7.62463e-03 6.24000e+02  1.12251e+07 1.12251e+07 
7.66663e-03 6.24000e+02  1.13469e+07 1.13469e+07 
7.70863e-03 6.24000e+02  1.14694e+07 1.14694e+07 
7.75064e-03 6.24000e+02  1.15926e+07 1.15926e+07 
7.79266e-03 6.24000e+02  1.17164e+07 1.17164e+07 
7.83469e-03 6.24000e+02  1.18408e+07 1.18408e+07 
7.87673e-03 6.24000e+02  1.19660e+07 1.19660e+07 
7.91877e-03 6.24000e+02  1.20918e+07 1.20918e+07 
7.96083e-03 6.24000e+02  1.22182e+07 1.22182e+07 
8.00289e-03 6.24000e+02  1.23453e+07 1.23453e+07 
8.04496e-03 6.24000e+02  1.24731e+07 1.24731e+07 
8.08704e-03 6.24000e+02  1.26015e+07 1.26015e+07 
8.12913e-03 6.24000e+02  1.27306e+07 1.27306e+07 
8.17122e-03 6.24000e+02  1.28604e+07 1.28604e+07 
8.21333e-03 6.24000e+02  1.29908e+07 1.29908e+07 
8.25544e-03 6.24000e+02  1.31218e+07 1.31218e+07 
8.29756e-03 6.24000e+02  1.32536e+07 1.32536e+07 
8.33969e-03 6.24000e+02  1.33859e+07 1.33859e+07 
8.38183e-03 6.24000e+02  1.35190e+07 1.35190e+07 
8.42398e-03 6.24000e+02  1.36527e+07 1.36527e+07 
8.46613e-03 6.24000e+02  1.37871e+07 1.37871e+07 
8.50830e-03 6.24000e+02  1.39221e+07 1.39221e+07 
8.55047e-03 6.24000e+02  1.40578e+07 1.40578e+07 
8.59265e-03 6.24000e+02  1.41941e+07 1.41941e+07 
8.63484e-03 6.24000e+02  1.43311e+07 1.43311e+07 
8.67704e-03 6.24000e+02  1.44688e+07 1.44688e+07 
8.71925e-03 6.24000e+02  1.46071e+07 1.46071e+07 
8.76147e-03 6.24000e+02  1.47461e+07 1.47461e+07 
8.80369e-03 6.24000e+02  1.48857e+07 1.48857e+07 
8.84592e-03 6.24000e+02  1.50260e+07 1.50260e+07 
8.88816e-03 6.24000e+02  1.51670e+07 1.51670e+07 
8.93041e-03 6.24000e+02  1.53086e+07 1.53086e+07 
8.97267e-03 6.24000e+02  1.54509e+07 1.54509e+07 
9.01494e-03 6.24000e+02  1.55939e+07 1.55939e+07 
9.05721e-03 6.24000e+02  1.57375e+07 1.57375e+07 
9.09950e-03 6.24000e+02  1.58817e+07 1.58817e+07 
9.14179e-03 6.24000e+02  1.60267e+07 1.60267e+07 
9.18409e-03 6.24000e+02  1.61723e+07 1.61723e+07 
9.22640e-03 6.24000e+02  1.63185e+07 1.63185e+07 
9.26872e-03 6.24000e+02  1.64654e+07 1.64654e+07 
9.31105e-03 6.24000e+02  1.66130e+07 1.66130e+07 
9.35338e-03 6.24000e+02  1.67612e+07 1.67612e+07 
9.39573e-03 6.24000e+02  1.69101e+07 1.69101e+07 
9.43808e-03 6.24000e+02  1.70597e+07 1.70597e+07 
9.48044e-03 6.24000e+02  1.72099e+07 1.72099e+07 
9.52281e-03 6.24000e+02  1.73607e+07 1.73607e+07 
9.56519e-03 6.24000e+02  1.75123e+07 1.75123e+07 
9.60757e-03 6.24000e+02  1.76645e+07 1.76645e+07 
9.64997e-03 6.24000e+02  1.78173e+07 1.78173e+07 
9.69237e-03 6.24000e+02  1.79708e+07 1.79708e+07 
9.73479e-03 6.24000e+02  1.81250e+07 1.81250e+07 
9.77721e-03 6.24000e+02  1.82799e+07 1.82799e+07 
9.81964e-03 6.24000e+02  1.84353e+07 1.84353e+07 
9.86208e-03 6.24000e+02  1.85915e+07 1.85915e+07 
9.90452e-03 6.24000e+02  1.87483e+07 1.87483e+07 
9.94698e-03 6.24000e+02  1.89058e+07 1.89058e+07 
9.98944e-03 6.24000e+02  1.90639e+07 1.90639e+07 
1.00000e-02 6.24000e+02  1.91034e+07 1.91034e+07 
