1.14474e-04 7.80000e+01  2.01598e+01 2.01598e+01 
2.28949e-04 7.80000e+01  8.06392e+01 8.06392e+01 
3.43423e-04 7.80000e+01  1.81438e+02 1.81438e+02 
4.57898e-04 7.80000e+01  3.22557e+02 3.22557e+02 
5.72372e-04 7.80000e+01  5.03995e+02 5.03995e+02 
6.86846e-04 7.80000e+01  7.25753e+02 7.25753e+02 
8.01321e-04 7.80000e+01  9.87830e+02 9.87830e+02 
9.15795e-04 7.80000e+01  1.29023e+03 1.29023e+03 
1.03027e-03 7.80000e+01  1.63294e+03 1.63294e+03 
1.14474e-03 7.80000e+01  2.01598e+03 2.01598e+03 
1.25922e-03 7.80000e+01  2.43933e+03 2.43933e+03 
1.37369e-03 7.80000e+01  2.90301e+03 2.90301e+03 
1.48817e-03 7.80000e+01  3.40701e+03 3.40701e+03 
1.60264e-03 7.80000e+01  3.95132e+03 3.95132e+03 
1.71712e-03 7.80000e+01  4.53595e+03 4.53595e+03 
1.83159e-03 7.80000e+01  5.16091e+03 5.16091e+03 
1.94606e-03 7.80000e+01  5.82618e+03 5.82618e+03 
2.06054e-03 7.80000e+01  6.53177e+03 6.53177e+03 
2.17501e-03 7.80000e+01  7.27769e+03 7.27769e+03 
2.28949e-03 7.80000e+01  8.06392e+03 8.06392e+03 
2.40396e-03 7.80000e+01  8.89047e+03 8.89047e+03 
2.51844e-03 7.80000e+01  9.75734e+03 9.75734e+03 
2.63291e-03 7.80000e+01  1.06645e+04 1.06645e+04 
2.74739e-03 7.80000e+01  1.16120e+04 1.16120e+04 
2.86186e-03 7.80000e+01  1.25999e+04 1.25999e+04 
2.97633e-03 7.80000e+01  1.36280e+04 1.36280e+04 
3.09081e-03 7.80000e+01  1.46965e+04 1.46965e+04 
3.20528e-03 7.80000e+01  1.58053e+04 1.58053e+04 
3.31976e-03 7.80000e+01  1.69544e+04 1.69544e+04 
3.43423e-03 7.80000e+01  1.81438e+04 1.81438e+04 
3.54871e-03 7.80000e+01  1.93736e+04 1.93736e+04 
3.66318e-03 7.80000e+01  2.06436e+04 2.06436e+04 
3.77766e-03 7.80000e+01  2.19540e+04 2.19540e+04 
3.89213e-03 7.80000e+01  2.33047e+04 2.33047e+04 
4.00660e-03 7.80000e+01  2.46957e+04 2.46957e+04 
4.12108e-03 7.80000e+01  2.61271e+04 2.61271e+04 
4.23555e-03 7.80000e+01  2.75988e+04 2.75988e+04 
4.35003e-03 7.80000e+01  2.91107e+04 2.91107e+04 
4.46450e-03 7.80000e+01  3.06630e+04 3.06630e+04 
4.57898e-03 7.80000e+01  3.22557e+04 3.22557e+04 
4.69345e-03 7.80000e+01  3.38886e+04 3.38886e+04 
4.80793e-03 7.80000e+01  3.55619e+04 3.55619e+04 
4.92240e-03 7.80000e+01  3.72755e+04 3.72755e+04 
5.03687e-03 7.80000e+01  3.90294e+04 3.90294e+04 
5.15135e-03 7.80000e+01  4.08236e+04 4.08236e+04 
5.26582e-03 7.80000e+01  4.26581e+04 4.26581e+04 
5.38030e-03 7.80000e+01  4.45330e+04 4.45330e+04 
5.49477e-03 7.80000e+01  4.64482e+04 4.64482e+04 
5.60925e-03 7.80000e+01  4.84037e+04 4.84037e+04 
5.72372e-03 7.80000e+01  5.03995e+04 5.03995e+04 
5.83819e-03 7.80000e+01  5.24356e+04 5.24356e+04 
5.95267e-03 7.80000e+01  5.45121e+04 5.45121e+04 
6.06714e-03 7.80000e+01  5.66289e+04 5.66289e+04 
6.18162e-03 7.80000e+01  5.87860e+04 5.87860e+04 
6.29609e-03 7.80000e+01  6.09834e+04 6.09834e+04 
6.41057e-03 7.80000e+01  6.32211e+04 6.32211e+04 
6.52504e-03 7.80000e+01  6.54992e+04 6.54992e+04 
6.63952e-03 7.80000e+01  6.78175e+04 6.78175e+04 
6.75399e-03 7.80000e+01  7.01762e+04 7.01762e+04 
6.86846e-03 7.80000e+01  7.25752e+04 7.25752e+04 
6.98294e-03 7.80000e+01  7.50146e+04 7.50146e+04 
7.09741e-03 7.80000e+01  7.74942e+04 7.74942e+04 
7.21189e-03 7.80000e+01  8.00142e+04 8.00142e+04 
7.32636e-03 7.80000e+01  8.25745e+04 8.25745e+04 
7.44084e-03 7.80000e+01  8.51751e+04 8.51751e+04 
7.55531e-03 7.80000e+01  8.78160e+04 8.78160e+04 
7.66979e-03 7.80000e+01  9.04973e+04 9.04973e+04 
7.78426e-03 7.80000e+01  9.32189e+04 9.32189e+04 
7.89873e-03 7.80000e+01  9.59808e+04 9.59808e+04 
8.01321e-03 7.80000e+01  9.87830e+04 9.87830e+04 
8.12768e-03 7.80000e+01  1.01626e+05 1.01626e+05 
8.24216e-03 7.80000e+01  1.04508e+05 1.04508e+05 
8.35663e-03 7.80000e+01  1.07432e+05 1.07432e+05 
8.47111e-03 7.80000e+01  1.10395e+05 1.10395e+05 
8.58558e-03 7.80000e+01  1.13399e+05 1.13399e+05 
8.70005e-03 7.80000e+01  1.16443e+05 1.16443e+05 
8.81453e-03 7.80000e+01  1.19527e+05 1.19527e+05 
8.92900e-03 7.80000e+01  1.22652e+05 1.22652e+05 
9.04348e-03 7.80000e+01  1.25817e+05 1.25817e+05 
9.15795e-03 7.80000e+01  1.29023e+05 1.29023e+05 
9.27243e-03 7.80000e+01  1.32268e+05 1.32268e+05 
9.38690e-03 7.80000e+01  1.35554e+05 1.35554e+05 
9.50138e-03 7.80000e+01  1.38881e+05 1.38881e+05 
9.61585e-03 7.80000e+01  1.42247e+05 1.42247e+05 
9.73032e-03 7.80000e+01  1.45654e+05 1.45654e+05 
9.84480e-03 7.80000e+01  1.49102e+05 1.49102e+05 
9.95927e-03 7.80000e+01  1.52589e+05 1.52589e+05 
1.00000e-02 7.80000e+01  1.53840e+05 1.53840e+05 
