1.14474e-04 4.98553e+04  4.67149e+04 4.67149e+04 
2.28949e-04 7.09661e+04  1.37033e+05 1.65145e+05 
3.43394e-04 6.83213e+04  3.02365e+05 3.26726e+05 
4.57754e-04 4.94120e+04  5.35893e+05 5.37173e+05 
5.72132e-04 4.59542e+04  8.22607e+05 8.22826e+05 
6.86507e-04 5.02544e+04  1.19141e+06 1.19397e+06 
8.00878e-04 6.52106e+04  1.61140e+06 1.63324e+06 
9.15223e-04 6.40876e+04  2.10057e+06 2.12086e+06 
1.02951e-03 5.04159e+04  2.65670e+06 2.66038e+06 
1.14380e-03 4.67774e+04  3.27045e+06 3.27163e+06 
1.25807e-03 5.07264e+04  3.95858e+06 3.96284e+06 
1.37234e-03 6.15050e+04  4.70338e+06 4.72120e+06 
1.48659e-03 6.10106e+04  5.51440e+06 5.53155e+06 
1.60080e-03 5.11114e+04  6.39106e+06 6.39628e+06 
1.71499e-03 4.78032e+04  7.32778e+06 7.33016e+06 
1.82917e-03 5.11975e+04  8.33418e+06 8.33964e+06 
1.94334e-03 5.90509e+04  9.40002e+06 9.41517e+06 
2.05749e-03 5.87766e+04  1.05304e+07 1.05452e+07 
2.17160e-03 5.15730e+04  1.17253e+07 1.17315e+07 
2.28570e-03 4.87993e+04  1.29815e+07 1.29850e+07 
2.39978e-03 5.16237e+04  1.43044e+07 1.43107e+07 
2.51385e-03 5.73788e+04  1.56880e+07 1.57014e+07 
2.62790e-03 5.71506e+04  1.71352e+07 1.71483e+07 
2.74192e-03 5.18731e+04  1.86459e+07 1.86527e+07 
2.85592e-03 4.96696e+04  2.02184e+07 2.02229e+07 
2.96991e-03 5.19833e+04  2.18557e+07 2.18626e+07 
3.08388e-03 5.62081e+04  2.35542e+07 2.35662e+07 
3.19783e-03 5.59609e+04  2.53155e+07 2.53273e+07 
3.31176e-03 5.20674e+04  2.71395e+07 2.71467e+07 
3.42567e-03 5.03878e+04  2.90254e+07 2.90308e+07 
3.53956e-03 5.22698e+04  3.09748e+07 3.09822e+07 
3.65343e-03 5.53663e+04  3.29854e+07 3.29965e+07 
3.76729e-03 5.50849e+04  3.50583e+07 3.50690e+07 
3.88112e-03 5.21944e+04  3.71931e+07 3.72005e+07 
3.99493e-03 5.09598e+04  3.93896e+07 3.93956e+07 
4.10872e-03 5.24860e+04  4.16486e+07 4.16563e+07 
4.22250e-03 5.47452e+04  4.39687e+07 4.39791e+07 
4.33626e-03 5.44353e+04  4.63505e+07 4.63605e+07 
4.45000e-03 5.22793e+04  4.87936e+07 4.88011e+07 
4.56371e-03 5.14043e+04  5.12981e+07 5.13047e+07 
4.67741e-03 5.26397e+04  5.38643e+07 5.38722e+07 
4.79109e-03 5.42757e+04  5.64913e+07 5.65011e+07 
4.90476e-03 5.39500e+04  5.91793e+07 5.91888e+07 
5.01840e-03 5.23378e+04  6.19283e+07 6.19359e+07 
5.13202e-03 5.17428e+04  6.47382e+07 6.47451e+07 
5.24562e-03 5.27404e+04  6.76091e+07 6.76171e+07 
5.35921e-03 5.39123e+04  7.05404e+07 7.05498e+07 
5.47278e-03 5.35849e+04  7.35323e+07 7.35413e+07 
5.58633e-03 5.23792e+04  7.65845e+07 7.65922e+07 
5.69985e-03 5.19958e+04  7.96972e+07 7.97045e+07 
5.81336e-03 5.27983e+04  8.28704e+07 8.28785e+07 
5.92686e-03 5.36253e+04  8.61035e+07 8.61126e+07 
6.04033e-03 5.33081e+04  8.93967e+07 8.94055e+07 
6.15378e-03 5.24088e+04  9.27498e+07 9.27575e+07 
6.26721e-03 5.21809e+04  9.61629e+07 9.61703e+07 
6.38063e-03 5.28225e+04  9.96358e+07 9.96440e+07 
6.49403e-03 5.33941e+04  1.03168e+08 1.03177e+08 
6.60741e-03 5.30966e+04  1.06760e+08 1.06769e+08 
6.72077e-03 5.24299e+04  1.10412e+08 1.10420e+08 
6.83411e-03 5.23125e+04  1.14123e+08 1.14130e+08 
6.94743e-03 5.28210e+04  1.17893e+08 1.17901e+08 
7.06073e-03 5.32049e+04  1.21723e+08 1.21731e+08 
7.17402e-03 5.29335e+04  1.25611e+08 1.25619e+08 
7.28728e-03 5.24438e+04  1.29558e+08 1.29566e+08 
7.40053e-03 5.24020e+04  1.33565e+08 1.33573e+08 
7.51376e-03 5.28006e+04  1.37630e+08 1.37638e+08 
7.62697e-03 5.30478e+04  1.41754e+08 1.41763e+08 
7.74016e-03 5.28063e+04  1.45937e+08 1.45945e+08 
7.85333e-03 5.24515e+04  1.50178e+08 1.50185e+08 
7.96648e-03 5.24588e+04  1.54477e+08 1.54485e+08 
8.07962e-03 5.27665e+04  1.58835e+08 1.58843e+08 
8.19273e-03 5.29158e+04  1.63251e+08 1.63259e+08 
8.30583e-03 5.27059e+04  1.67725e+08 1.67733e+08 
8.41891e-03 5.24533e+04  1.72258e+08 1.72265e+08 
8.53197e-03 5.24900e+04  1.76848e+08 1.76856e+08 
8.64502e-03 5.27232e+04  1.81496e+08 1.81504e+08 
8.75804e-03 5.28035e+04  1.86202e+08 1.86210e+08 
8.87105e-03 5.26251e+04  1.90965e+08 1.90973e+08 
8.98403e-03 5.24497e+04  1.95786e+08 1.95794e+08 
9.09700e-03 5.25014e+04  2.00665e+08 2.00673e+08 
9.20995e-03 5.26740e+04  2.05601e+08 2.05609e+08 
9.32288e-03 5.27071e+04  2.10594e+08 2.10602e+08 
9.43580e-03 5.25588e+04  2.15645e+08 2.15653e+08 
9.54869e-03 5.24407e+04  2.20753e+08 2.20760e+08 
9.66157e-03 5.24975e+04  2.25917e+08 2.25925e+08 
9.77442e-03 5.26213e+04  2.31139e+08 2.31147e+08 
9.88726e-03 5.26235e+04  2.36417e+08 2.36425e+08 
1.00000e-02 5.25030e+04  2.41749e+08 2.41756e+08 
