Node: 9
Host Nodes: 4 3 7 8 2 1 5 6 
 0.2500      2.4684E-02 4.6690E+08 2.4684E-02 
 0.0000      2.4684E-08 4.6690E+02 2.4684E-08 
 0.0000      2.4684E-08 4.6690E+02 2.4684E-08 
 0.2500      2.4684E-02 4.6690E+08 2.4684E-02 
 0.2500      2.4684E-02 4.6690E+08 2.4684E-02 
 0.0000      2.4684E-08 4.6690E+02 2.4684E-08 
 0.0000      2.4684E-08 4.6690E+02 2.4684E-08 
 0.2500      2.4684E-02 4.6690E+08 2.4684E-02 
Totals
 1.0000      9.8736E-02 1.8676E+09 9.8736E-02
Truss Force: 9.8736E-02 1.8676E+09 9.8736E-02

Node: 10
Host Nodes: 4 3 7 8 2 1 5 6 
 0.2500      -2.4684E-02 -4.6690E+08 -2.4684E-02 
 0.0000      -0.0000E+00 -0.0000E+00 -0.0000E+00 
 0.0000      -0.0000E+00 -0.0000E+00 -0.0000E+00 
 0.2500      -2.4684E-02 -4.6690E+08 -2.4684E-02 
 0.2500      -2.4684E-02 -4.6690E+08 -2.4684E-02 
 0.0000      -0.0000E+00 -0.0000E+00 -0.0000E+00 
 0.0000      -0.0000E+00 -0.0000E+00 -0.0000E+00 
 0.2500      -2.4684E-02 -4.6690E+08 -2.4684E-02 
Totals
 1.0000      -9.8736E-02 -1.8676E+09 -9.8736E-02
Truss Force: -9.8736E-02 -1.8676E+09 -9.8736E-02
