Node: 9
Host Nodes: 4 3 7 8 2 1 5 6 
 0.0500      1.2342E-08 9.3380E+07 1.8513E-08 
 0.2000      4.9368E-08 3.7352E+08 7.4052E-08 
 0.2000      4.9368E-08 3.7352E+08 7.4052E-08 
 0.0500      1.2342E-08 9.3380E+07 1.8513E-08 
 0.0500      1.2342E-08 9.3380E+07 1.8513E-08 
 0.2000      4.9368E-08 3.7352E+08 7.4052E-08 
 0.2000      4.9368E-08 3.7352E+08 7.4052E-08 
 0.0500      1.2342E-08 9.3380E+07 1.8513E-08 
Totals
 1.0000      2.4684E-07 1.8676E+09 3.7026E-07
Truss Force: 2.4684E-07 1.8676E+09 3.7026E-07

Node: 10
Host Nodes: 4 3 7 8 2 1 5 6 
 0.2500      -6.1710E-08 -4.6690E+08 -9.2565E-08 
 0.0000      -0.0000E+00 -0.0000E+00 -0.0000E+00 
 0.0000      -0.0000E+00 -0.0000E+00 -0.0000E+00 
 0.2500      -6.1710E-08 -4.6690E+08 -9.2565E-08 
 0.2500      -6.1710E-08 -4.6690E+08 -9.2565E-08 
 0.0000      -0.0000E+00 -0.0000E+00 -0.0000E+00 
 0.0000      -0.0000E+00 -0.0000E+00 -0.0000E+00 
 0.2500      -6.1710E-08 -4.6690E+08 -9.2565E-08 
Totals
 1.0000      -2.4684E-07 -1.8676E+09 -3.7026E-07
Truss Force: -2.4684E-07 -1.8676E+09 -3.7026E-07
