Node: 9
Host Nodes: 4 3 7 8 2 1 5 6 
 0.0000      6.8512E-24 1.2959E-07 -0.0000E+00 
 0.2500      2.4684E-08 4.6690E+08 -0.0000E+00 
 0.2500      2.4684E-08 4.6690E+08 -0.0000E+00 
 0.0000      6.8512E-24 1.2959E-07 -0.0000E+00 
 0.0000      6.8512E-24 1.2959E-07 -0.0000E+00 
 0.2500      2.4684E-08 4.6690E+08 -0.0000E+00 
 0.2500      2.4684E-08 4.6690E+08 -0.0000E+00 
 0.0000      6.8512E-24 1.2959E-07 -0.0000E+00 
Totals
 1.0000      9.8736E-08 1.8676E+09 -0.0000E+00
Truss Force: 9.8736E-08 1.8676E+09 -0.0000E+00

Node: 10
Host Nodes: 4 3 7 8 2 1 5 6 
 0.2500      -2.4684E-08 -4.6690E+08 0.0000E+00 
 0.0000      -0.0000E+00 -0.0000E+00 0.0000E+00 
 0.0000      -0.0000E+00 -0.0000E+00 0.0000E+00 
 0.2500      -2.4684E-08 -4.6690E+08 0.0000E+00 
 0.2500      -2.4684E-08 -4.6690E+08 0.0000E+00 
 0.0000      -0.0000E+00 -0.0000E+00 0.0000E+00 
 0.0000      -0.0000E+00 -0.0000E+00 0.0000E+00 
 0.2500      -2.4684E-08 -4.6690E+08 0.0000E+00 
Totals
 1.0000      -9.8736E-08 -1.8676E+09 0.0000E+00
Truss Force: -9.8736E-08 -1.8676E+09 0.0000E+00
