Node: 9
Host Nodes: 4 3 7 8 2 1 5 6 
 0.1000      -0.0000E+00 1.8676E+08 -0.0000E+00 
 0.1500      -0.0000E+00 2.8014E+08 -0.0000E+00 
 0.1500      -0.0000E+00 2.8014E+08 -0.0000E+00 
 0.1000      -0.0000E+00 1.8676E+08 -0.0000E+00 
 0.1000      -0.0000E+00 1.8676E+08 -0.0000E+00 
 0.1500      -0.0000E+00 2.8014E+08 -0.0000E+00 
 0.1500      -0.0000E+00 2.8014E+08 -0.0000E+00 
 0.1000      -0.0000E+00 1.8676E+08 -0.0000E+00 
Totals
 1.0000      -0.0000E+00 1.8676E+09 -0.0000E+00
Truss Force: -0.0000E+00 1.8676E+09 -0.0000E+00

Node: 10
Host Nodes: 4 3 7 8 2 1 5 6 
 0.2500      0.0000E+00 -4.6690E+08 0.0000E+00 
 0.0000      0.0000E+00 -0.0000E+00 0.0000E+00 
 0.0000      0.0000E+00 -0.0000E+00 0.0000E+00 
 0.2500      0.0000E+00 -4.6690E+08 0.0000E+00 
 0.2500      0.0000E+00 -4.6690E+08 0.0000E+00 
 0.0000      0.0000E+00 -0.0000E+00 0.0000E+00 
 0.0000      0.0000E+00 -0.0000E+00 0.0000E+00 
 0.2500      0.0000E+00 -4.6690E+08 0.0000E+00 
Totals
 1.0000      0.0000E+00 -1.8676E+09 0.0000E+00
Truss Force: 0.0000E+00 -1.8676E+09 0.0000E+00
