Node: 9
Host Nodes: 4 3 7 8 2 1 5 6 
 0.1500      -7.4052E-08 2.8014E+08 -7.4052E-08 
 0.1000      -4.9368E-08 1.8676E+08 -4.9368E-08 
 0.1000      -4.9368E-08 1.8676E+08 -4.9368E-08 
 0.1500      -7.4052E-08 2.8014E+08 -7.4052E-08 
 0.1500      -7.4052E-08 2.8014E+08 -7.4052E-08 
 0.1000      -4.9368E-08 1.8676E+08 -4.9368E-08 
 0.1000      -4.9368E-08 1.8676E+08 -4.9368E-08 
 0.1500      -7.4052E-08 2.8014E+08 -7.4052E-08 
Totals
 1.0000      -4.9368E-07 1.8676E+09 -4.9368E-07
Truss Force: -4.9368E-07 1.8676E+09 -4.9368E-07

Node: 10
Host Nodes: 4 3 7 8 2 1 5 6 
 0.2500      1.2342E-07 -4.6690E+08 1.2342E-07 
 0.0000      0.0000E+00 -0.0000E+00 0.0000E+00 
 0.0000      0.0000E+00 -0.0000E+00 0.0000E+00 
 0.2500      1.2342E-07 -4.6690E+08 1.2342E-07 
 0.2500      1.2342E-07 -4.6690E+08 1.2342E-07 
 0.0000      0.0000E+00 -0.0000E+00 0.0000E+00 
 0.0000      0.0000E+00 -0.0000E+00 0.0000E+00 
 0.2500      1.2342E-07 -4.6690E+08 1.2342E-07 
Totals
 1.0000      4.9368E-07 -1.8676E+09 4.9368E-07
Truss Force: 4.9368E-07 -1.8676E+09 4.9368E-07
