Node: 9
Host Nodes: 4 3 7 8 2 1 5 6 
 0.2000      -0.0000E+00 3.7352E+08 9.8736E-08 
 0.0500      -0.0000E+00 9.3380E+07 2.4684E-08 
 0.0500      -0.0000E+00 9.3380E+07 2.4684E-08 
 0.2000      -0.0000E+00 3.7352E+08 9.8736E-08 
 0.2000      -0.0000E+00 3.7352E+08 9.8736E-08 
 0.0500      -0.0000E+00 9.3380E+07 2.4684E-08 
 0.0500      -0.0000E+00 9.3380E+07 2.4684E-08 
 0.2000      -0.0000E+00 3.7352E+08 9.8736E-08 
Totals
 1.0000      -0.0000E+00 1.8676E+09 4.9368E-07
Truss Force: -0.0000E+00 1.8676E+09 4.9368E-07

Node: 10
Host Nodes: 4 3 7 8 2 1 5 6 
 0.2500      0.0000E+00 -4.6690E+08 -1.2342E-07 
 0.0000      0.0000E+00 -0.0000E+00 -0.0000E+00 
 0.0000      0.0000E+00 -0.0000E+00 -0.0000E+00 
 0.2500      0.0000E+00 -4.6690E+08 -1.2342E-07 
 0.2500      0.0000E+00 -4.6690E+08 -1.2342E-07 
 0.0000      0.0000E+00 -0.0000E+00 -0.0000E+00 
 0.0000      0.0000E+00 -0.0000E+00 -0.0000E+00 
 0.2500      0.0000E+00 -4.6690E+08 -1.2342E-07 
Totals
 1.0000      0.0000E+00 -1.8676E+09 -4.9368E-07
Truss Force: 0.0000E+00 -1.8676E+09 -4.9368E-07
