1.14474e-04 5.35008e+04  4.66880e+04 4.66880e+04 
2.28949e-04 7.78577e+04  1.36967e+05 1.65002e+05 
3.43394e-04 7.47373e+04  3.02071e+05 3.26280e+05 
4.57754e-04 5.29184e+04  5.34955e+05 5.36148e+05 
5.72132e-04 4.89732e+04  8.20739e+05 8.20936e+05 
6.86508e-04 5.38438e+04  1.18846e+06 1.19090e+06 
8.00880e-04 7.09687e+04  1.60703e+06 1.62856e+06 
9.15225e-04 6.96585e+04  2.09400e+06 2.11396e+06 
1.02952e-03 5.39821e+04  2.64706e+06 2.65055e+06 
1.14380e-03 4.98496e+04  3.25710e+06 3.25819e+06 
1.25808e-03 5.42562e+04  3.94112e+06 3.94514e+06 
1.37235e-03 6.64965e+04  4.68114e+06 4.69846e+06 
1.48660e-03 6.59575e+04  5.48611e+06 5.50281e+06 
1.60082e-03 5.46848e+04  6.35548e+06 6.36041e+06 
1.71501e-03 5.09294e+04  7.28390e+06 7.28607e+06 
1.82919e-03 5.46607e+04  8.28126e+06 8.28633e+06 
1.94336e-03 6.35056e+04  9.33706e+06 9.35156e+06 
2.05752e-03 6.32543e+04  1.04558e+07 1.04700e+07 
2.17164e-03 5.51139e+04  1.16373e+07 1.16431e+07 
2.28574e-03 5.19578e+04  1.28788e+07 1.28820e+07 
2.39983e-03 5.50125e+04  1.41860e+07 1.41918e+07 
2.51390e-03 6.14435e+04  1.55525e+07 1.55651e+07 
2.62796e-03 6.12680e+04  1.69806e+07 1.69929e+07 
2.74199e-03 5.53534e+04  1.84702e+07 1.84765e+07 
2.85600e-03 5.28327e+04  2.00199e+07 2.00240e+07 
2.97000e-03 5.52909e+04  2.16330e+07 2.16393e+07 
3.08398e-03 5.99785e+04  2.33056e+07 2.33168e+07 
3.19794e-03 5.97949e+04  2.50387e+07 2.50496e+07 
3.31188e-03 5.54681e+04  2.68322e+07 2.68387e+07 
3.42580e-03 5.35288e+04  2.86856e+07 2.86903e+07 
3.53970e-03 5.54912e+04  3.06006e+07 3.06072e+07 
3.65359e-03 5.89060e+04  3.25748e+07 3.25849e+07 
3.76746e-03 5.86896e+04  3.46086e+07 3.46185e+07 
3.88131e-03 5.55036e+04  3.67019e+07 3.67085e+07 
3.99513e-03 5.40567e+04  3.88545e+07 3.88598e+07 
4.10895e-03 5.56177e+04  4.10674e+07 4.10742e+07 
4.22275e-03 5.80974e+04  4.33390e+07 4.33483e+07 
4.33652e-03 5.78491e+04  4.56693e+07 4.56784e+07 
4.45028e-03 5.54899e+04  4.80583e+07 4.80650e+07 
4.56402e-03 5.44400e+04  5.05059e+07 5.05116e+07 
4.67774e-03 5.56797e+04  5.30127e+07 5.30195e+07 
4.79145e-03 5.74701e+04  5.55775e+07 5.55862e+07 
4.90514e-03 5.72005e+04  5.82002e+07 5.82087e+07 
5.01881e-03 5.54459e+04  6.08808e+07 6.08875e+07 
5.13246e-03 5.47053e+04  6.36193e+07 6.36252e+07 
5.24609e-03 5.56884e+04  6.64159e+07 6.64228e+07 
5.35971e-03 5.69700e+04  6.92699e+07 6.92781e+07 
5.47331e-03 5.66919e+04  7.21811e+07 7.21890e+07 
5.58689e-03 5.53835e+04  7.51493e+07 7.51559e+07 
5.70045e-03 5.48771e+04  7.81747e+07 7.81808e+07 
5.81400e-03 5.56546e+04  8.12572e+07 8.12641e+07 
5.92753e-03 5.65611e+04  8.43965e+07 8.44043e+07 
6.04104e-03 5.62862e+04  8.75921e+07 8.75996e+07 
6.15453e-03 5.53095e+04  9.08440e+07 9.08505e+07 
6.26801e-03 5.49763e+04  9.41523e+07 9.41585e+07 
6.38147e-03 5.55884e+04  9.75170e+07 9.75238e+07 
6.49491e-03 5.62192e+04  1.00938e+08 1.00945e+08 
6.60833e-03 5.59564e+04  1.04414e+08 1.04421e+08 
6.72174e-03 5.52282e+04  1.07946e+08 1.07952e+08 
6.83513e-03 5.50197e+04  1.11533e+08 1.11539e+08 
6.94850e-03 5.54984e+04  1.15176e+08 1.15183e+08 
7.06186e-03 5.59273e+04  1.18874e+08 1.18881e+08 
7.17520e-03 5.56832e+04  1.22627e+08 1.22634e+08 
7.28852e-03 5.51418e+04  1.26435e+08 1.26441e+08 
7.40182e-03 5.50208e+04  1.30298e+08 1.30304e+08 
7.51511e-03 5.53915e+04  1.34215e+08 1.34222e+08 
7.62838e-03 5.56738e+04  1.38187e+08 1.38194e+08 
7.74164e-03 5.54524e+04  1.42213e+08 1.42220e+08 
7.85488e-03 5.50518e+04  1.46294e+08 1.46300e+08 
7.96810e-03 5.49900e+04  1.50428e+08 1.50434e+08 
8.08130e-03 5.52733e+04  1.54616e+08 1.54623e+08 
8.19449e-03 5.54501e+04  1.58859e+08 1.58865e+08 
8.30766e-03 5.52535e+04  1.63154e+08 1.63161e+08 
8.42081e-03 5.49589e+04  1.67503e+08 1.67509e+08 
8.53395e-03 5.49355e+04  1.71906e+08 1.71912e+08 
8.64707e-03 5.51482e+04  1.76361e+08 1.76368e+08 
8.76018e-03 5.52501e+04  1.80870e+08 1.80877e+08 
8.87326e-03 5.50786e+04  1.85432e+08 1.85438e+08 
8.98633e-03 5.48637e+04  1.90046e+08 1.90052e+08 
9.09939e-03 5.48635e+04  1.94713e+08 1.94719e+08 
9.21243e-03 5.50194e+04  1.99433e+08 1.99439e+08 
9.32545e-03 5.50692e+04  2.04204e+08 2.04211e+08 
9.43846e-03 5.49220e+04  2.09028e+08 2.09034e+08 
9.55145e-03 5.47666e+04  2.13904e+08 2.13910e+08 
9.66442e-03 5.47788e+04  2.18832e+08 2.18838e+08 
9.77738e-03 5.48895e+04  2.23812e+08 2.23818e+08 
9.89032e-03 5.49039e+04  2.28844e+08 2.28850e+08 
1.00000e-02 5.47838e+04  2.33780e+08 2.33786e+08 
