5.72372e-05 5.52765e-23
1.14474e-04 1.02048e-12
1.71712e-04 2.18137e-11
2.28949e-04 1.25573e-10
2.86186e-04 3.66592e-10
3.43423e-04 7.13033e-10
4.00660e-04 1.09948e-09
4.57898e-04 1.52840e-09
5.15135e-04 2.08867e-09
5.72372e-04 2.90734e-09
6.29609e-04 4.05161e-09
6.86846e-04 5.45283e-09
7.44084e-04 6.98230e-09
8.01321e-04 8.60701e-09
8.58558e-04 1.04414e-08
9.15795e-04 1.26669e-08
9.73032e-04 1.53893e-08
1.03027e-03 1.85401e-08
1.08751e-03 2.19473e-08
1.14474e-03 2.55261e-08
1.20198e-03 2.93794e-08
1.25922e-03 3.37224e-08
1.31646e-03 3.87090e-08
1.37369e-03 4.42984e-08
1.43093e-03 5.03010e-08
1.48817e-03 5.65797e-08
1.54540e-03 6.31996e-08
1.60264e-03 7.03849e-08
1.65988e-03 7.83339e-08
1.71712e-03 8.70516e-08
1.77435e-03 9.63556e-08
1.83159e-03 1.06067e-07
1.88883e-03 1.16199e-07
1.94606e-03 1.26960e-07
2.00330e-03 1.38582e-07
2.06054e-03 1.51122e-07
2.11778e-03 1.64427e-07
2.17501e-03 1.78292e-07
2.23225e-03 1.92675e-07
2.28949e-03 2.07751e-07
2.34673e-03 2.23766e-07
2.40396e-03 2.40830e-07
2.46120e-03 2.58833e-07
2.51844e-03 2.77563e-07
2.57567e-03 2.96930e-07
2.63291e-03 3.17059e-07
2.69015e-03 3.38195e-07
2.74739e-03 3.60492e-07
2.80462e-03 3.83891e-07
2.86186e-03 4.08193e-07
2.91910e-03 4.33266e-07
2.97633e-03 4.59186e-07
3.03357e-03 4.86175e-07
3.09081e-03 5.14421e-07
3.14805e-03 5.43918e-07
3.20528e-03 5.74494e-07
3.26252e-03 6.05992e-07
3.31976e-03 6.38434e-07
3.37699e-03 6.72012e-07
3.43423e-03 7.06929e-07
3.49147e-03 7.43230e-07
3.54871e-03 7.80781e-07
3.60594e-03 8.19415e-07
3.66318e-03 8.59107e-07
3.72042e-03 9.00007e-07
3.77766e-03 9.42323e-07
3.83489e-03 9.86140e-07
3.89213e-03 1.03137e-06
3.94937e-03 1.07785e-06
4.00660e-03 1.12551e-06
4.06384e-03 1.17447e-06
4.12108e-03 1.22491e-06
4.17832e-03 1.27696e-06
4.23555e-03 1.33057e-06
4.29279e-03 1.38560e-06
4.35003e-03 1.44195e-06
4.40726e-03 1.49969e-06
4.46450e-03 1.55900e-06
4.52174e-03 1.62000e-06
4.57898e-03 1.68271e-06
4.63621e-03 1.74699e-06
4.69345e-03 1.81275e-06
4.75069e-03 1.88000e-06
4.80793e-03 1.94889e-06
4.86516e-03 2.01957e-06
4.92240e-03 2.09208e-06
4.97964e-03 2.16633e-06
5.03687e-03 2.24220e-06
5.09411e-03 2.31968e-06
5.15135e-03 2.39889e-06
5.20859e-03 2.47998e-06
5.26582e-03 2.56301e-06
5.32306e-03 2.64792e-06
5.38030e-03 2.73462e-06
5.43753e-03 2.82305e-06
5.49477e-03 2.91331e-06
5.55201e-03 3.00553e-06
5.60925e-03 3.09980e-06
5.66648e-03 3.19610e-06
5.72372e-03 3.29432e-06
5.78096e-03 3.39442e-06
5.83819e-03 3.49645e-06
5.89543e-03 3.60053e-06
5.95267e-03 3.70676e-06
6.00991e-03 3.81515e-06
6.06714e-03 3.92561e-06
6.12438e-03 4.03810e-06
6.18162e-03 4.15262e-06
6.23886e-03 4.26929e-06
6.29609e-03 4.38821e-06
6.35333e-03 4.50940e-06
6.41057e-03 4.63282e-06
6.46780e-03 4.75839e-06
6.52504e-03 4.88613e-06
6.58228e-03 5.01611e-06
6.63952e-03 5.14844e-06
6.69675e-03 5.28316e-06
6.75399e-03 5.42024e-06
6.81123e-03 5.55962e-06
6.86846e-03 5.70129e-06
6.92570e-03 5.84530e-06
6.98294e-03 5.99176e-06
7.04018e-03 6.14073e-06
7.09741e-03 6.29218e-06
7.15465e-03 6.44608e-06
7.21189e-03 6.60240e-06
7.26912e-03 6.76117e-06
7.32636e-03 6.92249e-06
7.38360e-03 7.08642e-06
7.44084e-03 7.25297e-06
7.49807e-03 7.42210e-06
7.55531e-03 7.59378e-06
7.61255e-03 7.76803e-06
7.66979e-03 7.94493e-06
7.72702e-03 8.12455e-06
7.78426e-03 8.30690e-06
7.84150e-03 8.49198e-06
7.89873e-03 8.67973e-06
7.95597e-03 8.87018e-06
8.01321e-03 9.06339e-06
8.07045e-03 9.25941e-06
8.12768e-03 9.45830e-06
8.18492e-03 9.66003e-06
8.24216e-03 9.86457e-06
8.29939e-03 1.00719e-05
8.35663e-03 1.02822e-05
8.41387e-03 1.04953e-05
8.47111e-03 1.07115e-05
8.52834e-03 1.09306e-05
8.58558e-03 1.11526e-05
8.64282e-03 1.13776e-05
8.70005e-03 1.16056e-05
8.75729e-03 1.18366e-05
8.81453e-03 1.20707e-05
8.87177e-03 1.23079e-05
8.92900e-03 1.25482e-05
8.98624e-03 1.27915e-05
9.04348e-03 1.30379e-05
9.10072e-03 1.32875e-05
9.15795e-03 1.35403e-05
9.21519e-03 1.37963e-05
9.27243e-03 1.40555e-05
9.32966e-03 1.43179e-05
9.38690e-03 1.45836e-05
9.44414e-03 1.48524e-05
9.50138e-03 1.51246e-05
9.55861e-03 1.54002e-05
9.61585e-03 1.56790e-05
9.67309e-03 1.59612e-05
9.73032e-03 1.62467e-05
9.78756e-03 1.65356e-05
9.84480e-03 1.68279e-05
9.90204e-03 1.71237e-05
9.95927e-03 1.74229e-05
1.00165e-02 1.77256e-05
1.00737e-02 1.80318e-05
1.01310e-02 1.83414e-05
1.01882e-02 1.86546e-05
1.02455e-02 1.89713e-05
1.03027e-02 1.92916e-05
1.03599e-02 1.96155e-05
1.04172e-02 1.99430e-05
1.04744e-02 2.02741e-05
1.05316e-02 2.06088e-05
1.05889e-02 2.09472e-05
1.06461e-02 2.12894e-05
1.07034e-02 2.16352e-05
1.07606e-02 2.19847e-05
1.08178e-02 2.23380e-05
1.08751e-02 2.26950e-05
1.09323e-02 2.30558e-05
1.09895e-02 2.34205e-05
1.10468e-02 2.37889e-05
1.11040e-02 2.41612e-05
1.11613e-02 2.45374e-05
1.12185e-02 2.49174e-05
1.12757e-02 2.53013e-05
1.13330e-02 2.56892e-05
1.13902e-02 2.60811e-05
1.14474e-02 2.64769e-05
1.15047e-02 2.68766e-05
1.15619e-02 2.72804e-05
1.16192e-02 2.76881e-05
1.16764e-02 2.81000e-05
1.17336e-02 2.85159e-05
1.17909e-02 2.89359e-05
1.18481e-02 2.93600e-05
1.19053e-02 2.97882e-05
1.19626e-02 3.02205e-05
1.20198e-02 3.06570e-05
1.20770e-02 3.10977e-05
1.21343e-02 3.15427e-05
1.21915e-02 3.19918e-05
1.22488e-02 3.24452e-05
1.23060e-02 3.29028e-05
1.23632e-02 3.33647e-05
1.24205e-02 3.38309e-05
1.24777e-02 3.43015e-05
1.25349e-02 3.47764e-05
1.25922e-02 3.52556e-05
1.26494e-02 3.57392e-05
1.27067e-02 3.62273e-05
1.27639e-02 3.67197e-05
1.28211e-02 3.72166e-05
1.28784e-02 3.77180e-05
1.29356e-02 3.82238e-05
1.29928e-02 3.87342e-05
1.30501e-02 3.92490e-05
1.31073e-02 3.97685e-05
1.31646e-02 4.02924e-05
1.32218e-02 4.08210e-05
1.32790e-02 4.13542e-05
1.33363e-02 4.18919e-05
1.33935e-02 4.24344e-05
1.34507e-02 4.29814e-05
1.35080e-02 4.35332e-05
1.35652e-02 4.40897e-05
1.36225e-02 4.46509e-05
1.36797e-02 4.52168e-05
1.37369e-02 4.57875e-05
1.37942e-02 4.63630e-05
1.38514e-02 4.69433e-05
1.39086e-02 4.75284e-05
1.39659e-02 4.81183e-05
1.40231e-02 4.87131e-05
1.40804e-02 4.93128e-05
1.41376e-02 4.99174e-05
1.41948e-02 5.05269e-05
1.42521e-02 5.11414e-05
1.43093e-02 5.17608e-05
1.43665e-02 5.23852e-05
1.44238e-02 5.30146e-05
1.44810e-02 5.36490e-05
1.45382e-02 5.42884e-05
1.45955e-02 5.49329e-05
1.46527e-02 5.55825e-05
1.47100e-02 5.62373e-05
1.47672e-02 5.68971e-05
1.48244e-02 5.75620e-05
1.48817e-02 5.82322e-05
1.49389e-02 5.89075e-05
1.49961e-02 5.95880e-05
1.50534e-02 6.02737e-05
1.51106e-02 6.09647e-05
1.51679e-02 6.16609e-05
1.52251e-02 6.23624e-05
1.52823e-02 6.30692e-05
1.53396e-02 6.37813e-05
1.53968e-02 6.44988e-05
1.54540e-02 6.52216e-05
1.55113e-02 6.59498e-05
1.55685e-02 6.66835e-05
1.56258e-02 6.74225e-05
1.56830e-02 6.81670e-05
1.57402e-02 6.89169e-05
1.57975e-02 6.96723e-05
1.58547e-02 7.04332e-05
1.59119e-02 7.11996e-05
1.59692e-02 7.19716e-05
1.60264e-02 7.27492e-05
1.60837e-02 7.35323e-05
1.61409e-02 7.43210e-05
1.61981e-02 7.51153e-05
1.62554e-02 7.59153e-05
1.63126e-02 7.67209e-05
1.63698e-02 7.75322e-05
1.64271e-02 7.83492e-05
1.64843e-02 7.91720e-05
1.65416e-02 8.00004e-05
1.65988e-02 8.08347e-05
1.66560e-02 8.16747e-05
1.67133e-02 8.25205e-05
1.67705e-02 8.33721e-05
1.68277e-02 8.42296e-05
1.68850e-02 8.50929e-05
1.69422e-02 8.59621e-05
1.69994e-02 8.68372e-05
1.70567e-02 8.77182e-05
1.71139e-02 8.86052e-05
1.71712e-02 8.94981e-05
1.72284e-02 9.03970e-05
1.72856e-02 9.13019e-05
1.73429e-02 9.22128e-05
1.74001e-02 9.31298e-05
1.74573e-02 9.40528e-05
1.75146e-02 9.49819e-05
1.75718e-02 9.59170e-05
1.76291e-02 9.68584e-05
1.76863e-02 9.78058e-05
1.77435e-02 9.87594e-05
1.78008e-02 9.97192e-05
1.78580e-02 1.00685e-04
1.79152e-02 1.01657e-04
1.79725e-02 1.02636e-04
1.80297e-02 1.03621e-04
1.80870e-02 1.04611e-04
1.81442e-02 1.05609e-04
1.82014e-02 1.06612e-04
1.82587e-02 1.07622e-04
1.83159e-02 1.08639e-04
1.83731e-02 1.09661e-04
1.84304e-02 1.10690e-04
1.84876e-02 1.11726e-04
1.85449e-02 1.12768e-04
1.86021e-02 1.13816e-04
1.86593e-02 1.14871e-04
1.87166e-02 1.15932e-04
1.87738e-02 1.17000e-04
1.88310e-02 1.18075e-04
1.88883e-02 1.19155e-04
1.89455e-02 1.20243e-04
1.90028e-02 1.21337e-04
1.90600e-02 1.22438e-04
1.91172e-02 1.23545e-04
1.91745e-02 1.24659e-04
1.92317e-02 1.25780e-04
1.92889e-02 1.26908e-04
1.93462e-02 1.28042e-04
1.94034e-02 1.29183e-04
1.94606e-02 1.30330e-04
1.95179e-02 1.31485e-04
1.95751e-02 1.32646e-04
1.96324e-02 1.33814e-04
1.96896e-02 1.34989e-04
1.97468e-02 1.36170e-04
1.98041e-02 1.37359e-04
1.98613e-02 1.38554e-04
1.99185e-02 1.39757e-04
1.99758e-02 1.40966e-04
2.00330e-02 1.42183e-04
2.00903e-02 1.43406e-04
2.01475e-02 1.44636e-04
2.02047e-02 1.45873e-04
2.02620e-02 1.47118e-04
2.03192e-02 1.48369e-04
2.03764e-02 1.49628e-04
2.04337e-02 1.50893e-04
2.04909e-02 1.52166e-04
2.05482e-02 1.53446e-04
2.06054e-02 1.54733e-04
2.06626e-02 1.56027e-04
2.07199e-02 1.57328e-04
2.07771e-02 1.58637e-04
2.08343e-02 1.59952e-04
2.08916e-02 1.61275e-04
2.09488e-02 1.62606e-04
2.10061e-02 1.63943e-04
2.10633e-02 1.65288e-04
2.11205e-02 1.66640e-04
2.11778e-02 1.68000e-04
2.12350e-02 1.69367e-04
2.12922e-02 1.70741e-04
2.13495e-02 1.72123e-04
2.14067e-02 1.73512e-04
2.14640e-02 1.74909e-04
2.15212e-02 1.76313e-04
2.15784e-02 1.77725e-04
2.16357e-02 1.79144e-04
2.16929e-02 1.80571e-04
2.17501e-02 1.82005e-04
2.18074e-02 1.83447e-04
2.18646e-02 1.84896e-04
2.19218e-02 1.86354e-04
2.19791e-02 1.87818e-04
2.20363e-02 1.89291e-04
2.20936e-02 1.90771e-04
2.21508e-02 1.92258e-04
2.22080e-02 1.93754e-04
2.22653e-02 1.95257e-04
2.23225e-02 1.96768e-04
2.23797e-02 1.98286e-04
2.24370e-02 1.99813e-04
2.24942e-02 2.01347e-04
2.25515e-02 2.02889e-04
2.26087e-02 2.04439e-04
2.26659e-02 2.05997e-04
2.27232e-02 2.07563e-04
2.27804e-02 2.09137e-04
2.28376e-02 2.10718e-04
2.28949e-02 2.12308e-04
2.29521e-02 2.13905e-04
2.30094e-02 2.15511e-04
2.30666e-02 2.17124e-04
2.31238e-02 2.18746e-04
2.31811e-02 2.20376e-04
2.32383e-02 2.22013e-04
2.32955e-02 2.23659e-04
2.33528e-02 2.25313e-04
2.34100e-02 2.26975e-04
2.34673e-02 2.28645e-04
2.35245e-02 2.30324e-04
2.35817e-02 2.32010e-04
2.36390e-02 2.33705e-04
2.36962e-02 2.35408e-04
2.37534e-02 2.37119e-04
2.38107e-02 2.38839e-04
2.38679e-02 2.40566e-04
2.39252e-02 2.42303e-04
2.39824e-02 2.44047e-04
2.40396e-02 2.45800e-04
2.40969e-02 2.47561e-04
2.41541e-02 2.49331e-04
2.42113e-02 2.51109e-04
2.42686e-02 2.52895e-04
2.43258e-02 2.54690e-04
2.43830e-02 2.56493e-04
2.44403e-02 2.58305e-04
2.44975e-02 2.60126e-04
2.45548e-02 2.61954e-04
2.46120e-02 2.63792e-04
2.46692e-02 2.65638e-04
2.47265e-02 2.67492e-04
2.47837e-02 2.69356e-04
2.48409e-02 2.71228e-04
2.48982e-02 2.73108e-04
2.49554e-02 2.74997e-04
2.50127e-02 2.76895e-04
2.50699e-02 2.78802e-04
2.51271e-02 2.80717e-04
2.51844e-02 2.82641e-04
2.52416e-02 2.84574e-04
2.52988e-02 2.86516e-04
2.53561e-02 2.88466e-04
2.54133e-02 2.90425e-04
2.54706e-02 2.92393e-04
2.55278e-02 2.94370e-04
2.55850e-02 2.96356e-04
2.56423e-02 2.98351e-04
2.56995e-02 3.00355e-04
2.57567e-02 3.02367e-04
2.58140e-02 3.04389e-04
2.58712e-02 3.06420e-04
2.59285e-02 3.08459e-04
2.59857e-02 3.10508e-04
2.60429e-02 3.12566e-04
2.61002e-02 3.14633e-04
2.61574e-02 3.16709e-04
2.62146e-02 3.18794e-04
2.62719e-02 3.20888e-04
2.63291e-02 3.22991e-04
2.63864e-02 3.25103e-04
2.64436e-02 3.27225e-04
2.65008e-02 3.29356e-04
2.65581e-02 3.31496e-04
2.66153e-02 3.33645e-04
2.66725e-02 3.35804e-04
2.67298e-02 3.37972e-04
2.67870e-02 3.40149e-04
2.68442e-02 3.42336e-04
2.69015e-02 3.44532e-04
2.69587e-02 3.46737e-04
2.70160e-02 3.48951e-04
2.70732e-02 3.51176e-04
2.71304e-02 3.53409e-04
2.71877e-02 3.55652e-04
2.72449e-02 3.57904e-04
2.73021e-02 3.60166e-04
2.73594e-02 3.62438e-04
2.74166e-02 3.64719e-04
2.74739e-02 3.67009e-04
2.75311e-02 3.69309e-04
2.75883e-02 3.71619e-04
2.76456e-02 3.73938e-04
2.77028e-02 3.76267e-04
2.77600e-02 3.78606e-04
2.78173e-02 3.80954e-04
2.78745e-02 3.83312e-04
2.79318e-02 3.85679e-04
2.79890e-02 3.88057e-04
2.80462e-02 3.90444e-04
2.81035e-02 3.92841e-04
2.81607e-02 3.95247e-04
2.82179e-02 3.97664e-04
2.82752e-02 4.00090e-04
2.83324e-02 4.02526e-04
2.83897e-02 4.04972e-04
2.84469e-02 4.07428e-04
2.85041e-02 4.09894e-04
2.85614e-02 4.12370e-04
2.86186e-02 4.14855e-04
2.86758e-02 4.17351e-04
2.87331e-02 4.19857e-04
2.87903e-02 4.22372e-04
2.88476e-02 4.24898e-04
2.89048e-02 4.27434e-04
2.89620e-02 4.29979e-04
2.90193e-02 4.32535e-04
2.90765e-02 4.35101e-04
2.91337e-02 4.37677e-04
2.91910e-02 4.40264e-04
2.92482e-02 4.42860e-04
2.93054e-02 4.45467e-04
2.93627e-02 4.48083e-04
2.94199e-02 4.50711e-04
2.94772e-02 4.53348e-04
2.95344e-02 4.55995e-04
2.95916e-02 4.58653e-04
2.96489e-02 4.61321e-04
2.97061e-02 4.64000e-04
2.97633e-02 4.66689e-04
2.98206e-02 4.69388e-04
2.98778e-02 4.72098e-04
2.99351e-02 4.74818e-04
2.99923e-02 4.77548e-04
3.00495e-02 4.80289e-04
3.01068e-02 4.83040e-04
3.01640e-02 4.85802e-04
3.02212e-02 4.88574e-04
3.02785e-02 4.91357e-04
3.03357e-02 4.94151e-04
3.03930e-02 4.96955e-04
3.04502e-02 4.99769e-04
3.05074e-02 5.02594e-04
3.05647e-02 5.05430e-04
3.06219e-02 5.08277e-04
3.06791e-02 5.11134e-04
3.07364e-02 5.14002e-04
3.07936e-02 5.16880e-04
3.08509e-02 5.19769e-04
3.09081e-02 5.22669e-04
3.09653e-02 5.25580e-04
3.10226e-02 5.28502e-04
3.10798e-02 5.31434e-04
3.11370e-02 5.34377e-04
3.11943e-02 5.37331e-04
3.12515e-02 5.40296e-04
3.13088e-02 5.43272e-04
3.13660e-02 5.46259e-04
3.14232e-02 5.49256e-04
3.14805e-02 5.52265e-04
3.15377e-02 5.55284e-04
3.15949e-02 5.58315e-04
3.16522e-02 5.61356e-04
3.17094e-02 5.64409e-04
3.17666e-02 5.67472e-04
3.18239e-02 5.70547e-04
3.18811e-02 5.73633e-04
3.19384e-02 5.76730e-04
3.19956e-02 5.79838e-04
3.20528e-02 5.82957e-04
3.21101e-02 5.86087e-04
3.21673e-02 5.89228e-04
3.22245e-02 5.92381e-04
3.22818e-02 5.95545e-04
3.23390e-02 5.98720e-04
3.23963e-02 6.01906e-04
3.24535e-02 6.05104e-04
3.25107e-02 6.08313e-04
3.25680e-02 6.11533e-04
3.26252e-02 6.14765e-04
3.26824e-02 6.18008e-04
3.27397e-02 6.21263e-04
3.27969e-02 6.24528e-04
3.28542e-02 6.27806e-04
3.29114e-02 6.31094e-04
3.29686e-02 6.34394e-04
3.30259e-02 6.37706e-04
3.30831e-02 6.41029e-04
3.31403e-02 6.44364e-04
3.31976e-02 6.47710e-04
3.32548e-02 6.51068e-04
3.33121e-02 6.54437e-04
3.33693e-02 6.57818e-04
3.34265e-02 6.61211e-04
3.34838e-02 6.64615e-04
3.35410e-02 6.68031e-04
3.35982e-02 6.71458e-04
3.36555e-02 6.74898e-04
3.37127e-02 6.78349e-04
3.37699e-02 6.81812e-04
3.38272e-02 6.85286e-04
3.38844e-02 6.88772e-04
3.39417e-02 6.92270e-04
3.39989e-02 6.95780e-04
3.40561e-02 6.99302e-04
3.41134e-02 7.02836e-04
3.41706e-02 7.06381e-04
3.42278e-02 7.09939e-04
3.42851e-02 7.13508e-04
3.43423e-02 7.17089e-04
3.43996e-02 7.20683e-04
3.44568e-02 7.24288e-04
3.45140e-02 7.27905e-04
3.45713e-02 7.31534e-04
3.46285e-02 7.35176e-04
3.46857e-02 7.38829e-04
3.47430e-02 7.42494e-04
3.48002e-02 7.46172e-04
3.48575e-02 7.49862e-04
3.49147e-02 7.53564e-04
3.49719e-02 7.57277e-04
3.50292e-02 7.61004e-04
3.50864e-02 7.64742e-04
3.51436e-02 7.68493e-04
3.52009e-02 7.72255e-04
3.52581e-02 7.76031e-04
3.53154e-02 7.79818e-04
3.53726e-02 7.83618e-04
3.54298e-02 7.87430e-04
3.54871e-02 7.91254e-04
3.55443e-02 7.95091e-04
3.56015e-02 7.98940e-04
3.56588e-02 8.02801e-04
3.57160e-02 8.06675e-04
3.57733e-02 8.10562e-04
3.58305e-02 8.14460e-04
3.58877e-02 8.18372e-04
3.59450e-02 8.22295e-04
3.60022e-02 8.26232e-04
3.60594e-02 8.30181e-04
3.61167e-02 8.34142e-04
3.61739e-02 8.38116e-04
3.62311e-02 8.42103e-04
3.62884e-02 8.46102e-04
3.63456e-02 8.50114e-04
3.64029e-02 8.54138e-04
3.64601e-02 8.58176e-04
3.65173e-02 8.62226e-04
3.65746e-02 8.66288e-04
3.66318e-02 8.70364e-04
3.66890e-02 8.74452e-04
3.67463e-02 8.78553e-04
3.68035e-02 8.82666e-04
3.68608e-02 8.86793e-04
3.69180e-02 8.90932e-04
3.69752e-02 8.95085e-04
3.70325e-02 8.99250e-04
3.70897e-02 9.03428e-04
3.71469e-02 9.07619e-04
3.72042e-02 9.11823e-04
3.72614e-02 9.16040e-04
3.73187e-02 9.20269e-04
3.73759e-02 9.24512e-04
3.74331e-02 9.28768e-04
3.74904e-02 9.33037e-04
3.75476e-02 9.37319e-04
3.76048e-02 9.41614e-04
3.76621e-02 9.45922e-04
3.77193e-02 9.50243e-04
3.77766e-02 9.54578e-04
3.78338e-02 9.58925e-04
3.78910e-02 9.63286e-04
3.79483e-02 9.67660e-04
3.80055e-02 9.72047e-04
3.80627e-02 9.76448e-04
3.81200e-02 9.80861e-04
3.81772e-02 9.85288e-04
3.82345e-02 9.89728e-04
3.82917e-02 9.94182e-04
3.83489e-02 9.98649e-04
3.84062e-02 1.00313e-03
3.84634e-02 1.00762e-03
3.85206e-02 1.01213e-03
3.85779e-02 1.01665e-03
3.86351e-02 1.02118e-03
3.86923e-02 1.02573e-03
3.87496e-02 1.03029e-03
3.88068e-02 1.03487e-03
3.88641e-02 1.03945e-03
3.89213e-02 1.04406e-03
3.89785e-02 1.04867e-03
3.90358e-02 1.05330e-03
3.90930e-02 1.05794e-03
3.91502e-02 1.06260e-03
3.92075e-02 1.06727e-03
3.92647e-02 1.07195e-03
3.93220e-02 1.07665e-03
3.93792e-02 1.08136e-03
3.94364e-02 1.08608e-03
3.94937e-02 1.09082e-03
3.95509e-02 1.09557e-03
3.96081e-02 1.10034e-03
3.96654e-02 1.10512e-03
3.97226e-02 1.10991e-03
3.97799e-02 1.11472e-03
3.98371e-02 1.11954e-03
3.98943e-02 1.12437e-03
3.99516e-02 1.12922e-03
4.00088e-02 1.13408e-03
4.00660e-02 1.13896e-03
4.01233e-02 1.14385e-03
4.01805e-02 1.14875e-03
4.02378e-02 1.15367e-03
4.02950e-02 1.15860e-03
4.03522e-02 1.16355e-03
4.04095e-02 1.16851e-03
4.04667e-02 1.17348e-03
4.05239e-02 1.17847e-03
4.05812e-02 1.18348e-03
4.06384e-02 1.18849e-03
4.06957e-02 1.19352e-03
4.07529e-02 1.19857e-03
4.08101e-02 1.20363e-03
4.08674e-02 1.20870e-03
4.09246e-02 1.21379e-03
4.09818e-02 1.21889e-03
4.10391e-02 1.22401e-03
4.10963e-02 1.22914e-03
4.11535e-02 1.23428e-03
4.12108e-02 1.23944e-03
4.12680e-02 1.24462e-03
4.13253e-02 1.24981e-03
4.13825e-02 1.25501e-03
4.14397e-02 1.26022e-03
4.14970e-02 1.26546e-03
4.15542e-02 1.27070e-03
4.16114e-02 1.27596e-03
4.16687e-02 1.28124e-03
4.17259e-02 1.28653e-03
4.17832e-02 1.29183e-03
4.18404e-02 1.29715e-03
4.18976e-02 1.30248e-03
4.19549e-02 1.30783e-03
4.20121e-02 1.31319e-03
4.20693e-02 1.31857e-03
4.21266e-02 1.32396e-03
4.21838e-02 1.32936e-03
4.22411e-02 1.33479e-03
4.22983e-02 1.34022e-03
4.23555e-02 1.34567e-03
4.24128e-02 1.35114e-03
4.24700e-02 1.35662e-03
4.25272e-02 1.36211e-03
4.25845e-02 1.36762e-03
4.26417e-02 1.37314e-03
4.26990e-02 1.37868e-03
4.27562e-02 1.38424e-03
4.28134e-02 1.38981e-03
4.28707e-02 1.39539e-03
4.29279e-02 1.40099e-03
4.29851e-02 1.40660e-03
4.30424e-02 1.41223e-03
4.30996e-02 1.41787e-03
4.31569e-02 1.42353e-03
4.32141e-02 1.42921e-03
4.32713e-02 1.43490e-03
4.33286e-02 1.44060e-03
4.33858e-02 1.44632e-03
4.34430e-02 1.45205e-03
4.35003e-02 1.45780e-03
4.35575e-02 1.46357e-03
4.36147e-02 1.46935e-03
4.36720e-02 1.47514e-03
4.37292e-02 1.48095e-03
4.37865e-02 1.48678e-03
4.38437e-02 1.49262e-03
4.39009e-02 1.49847e-03
4.39582e-02 1.50434e-03
4.40154e-02 1.51023e-03
4.40726e-02 1.51613e-03
4.41299e-02 1.52205e-03
4.41871e-02 1.52798e-03
4.42444e-02 1.53393e-03
4.43016e-02 1.53989e-03
4.43588e-02 1.54587e-03
4.44161e-02 1.55186e-03
4.44733e-02 1.55787e-03
4.45305e-02 1.56390e-03
4.45878e-02 1.56994e-03
4.46450e-02 1.57599e-03
4.47023e-02 1.58207e-03
4.47595e-02 1.58815e-03
4.48167e-02 1.59426e-03
4.48740e-02 1.60037e-03
4.49312e-02 1.60651e-03
4.49884e-02 1.61266e-03
4.50457e-02 1.61882e-03
4.51029e-02 1.62500e-03
4.51602e-02 1.63120e-03
4.52174e-02 1.63741e-03
4.52746e-02 1.64364e-03
4.53319e-02 1.64989e-03
4.53891e-02 1.65615e-03
4.54463e-02 1.66242e-03
4.55036e-02 1.66871e-03
4.55608e-02 1.67502e-03
4.56181e-02 1.68134e-03
4.56753e-02 1.68768e-03
4.57325e-02 1.69404e-03
4.57898e-02 1.70041e-03
4.58470e-02 1.70680e-03
4.59042e-02 1.71320e-03
4.59615e-02 1.71962e-03
4.60187e-02 1.72605e-03
4.60759e-02 1.73250e-03
4.61332e-02 1.73897e-03
4.61904e-02 1.74545e-03
4.62477e-02 1.75195e-03
4.63049e-02 1.75847e-03
4.63621e-02 1.76500e-03
4.64194e-02 1.77155e-03
4.64766e-02 1.77811e-03
4.65338e-02 1.78469e-03
4.65911e-02 1.79129e-03
4.66483e-02 1.79790e-03
4.67056e-02 1.80453e-03
4.67628e-02 1.81117e-03
4.68200e-02 1.81783e-03
4.68773e-02 1.82451e-03
4.69345e-02 1.83120e-03
4.69917e-02 1.83791e-03
4.70490e-02 1.84464e-03
4.71062e-02 1.85138e-03
4.71635e-02 1.85814e-03
4.72207e-02 1.86492e-03
4.72779e-02 1.87171e-03
4.73352e-02 1.87852e-03
4.73924e-02 1.88534e-03
4.74496e-02 1.89219e-03
4.75069e-02 1.89904e-03
4.75641e-02 1.90592e-03
4.76214e-02 1.91281e-03
4.76786e-02 1.91972e-03
4.77358e-02 1.92664e-03
4.77931e-02 1.93358e-03
4.78503e-02 1.94054e-03
4.79075e-02 1.94752e-03
4.79648e-02 1.95451e-03
4.80220e-02 1.96152e-03
4.80793e-02 1.96854e-03
4.81365e-02 1.97558e-03
4.81937e-02 1.98264e-03
4.82510e-02 1.98971e-03
4.83082e-02 1.99681e-03
4.83654e-02 2.00391e-03
4.84227e-02 2.01104e-03
4.84799e-02 2.01818e-03
4.85371e-02 2.02534e-03
4.85944e-02 2.03252e-03
4.86516e-02 2.03971e-03
4.87089e-02 2.04692e-03
4.87661e-02 2.05415e-03
4.88233e-02 2.06139e-03
4.88806e-02 2.06865e-03
4.89378e-02 2.07593e-03
4.89950e-02 2.08323e-03
4.90523e-02 2.09054e-03
4.91095e-02 2.09787e-03
4.91668e-02 2.10521e-03
4.92240e-02 2.11258e-03
4.92812e-02 2.11996e-03
4.93385e-02 2.12735e-03
4.93957e-02 2.13477e-03
4.94529e-02 2.14220e-03
4.95102e-02 2.14965e-03
4.95674e-02 2.15712e-03
4.96247e-02 2.16460e-03
4.96819e-02 2.17210e-03
4.97391e-02 2.17962e-03
4.97964e-02 2.18716e-03
4.98536e-02 2.19471e-03
4.99108e-02 2.20228e-03
4.99681e-02 2.20987e-03
5.00253e-02 2.21747e-03
5.00826e-02 2.22510e-03
5.01398e-02 2.23274e-03
5.01970e-02 2.24039e-03
5.02543e-02 2.24807e-03
5.03115e-02 2.25576e-03
5.03687e-02 2.26347e-03
5.04260e-02 2.27120e-03
5.04832e-02 2.27894e-03
5.05405e-02 2.28671e-03
5.05977e-02 2.29449e-03
5.06549e-02 2.30229e-03
5.07122e-02 2.31010e-03
5.07694e-02 2.31794e-03
5.08266e-02 2.32579e-03
5.08839e-02 2.33366e-03
5.09411e-02 2.34154e-03
5.09983e-02 2.34945e-03
5.10556e-02 2.35737e-03
5.11128e-02 2.36531e-03
5.11701e-02 2.37327e-03
5.12273e-02 2.38124e-03
5.12845e-02 2.38923e-03
5.13418e-02 2.39725e-03
5.13990e-02 2.40528e-03
5.14562e-02 2.41332e-03
5.15135e-02 2.42139e-03
5.15707e-02 2.42947e-03
5.16280e-02 2.43757e-03
5.16852e-02 2.44569e-03
5.17424e-02 2.45383e-03
5.17997e-02 2.46198e-03
5.18569e-02 2.47015e-03
5.19141e-02 2.47835e-03
5.19714e-02 2.48655e-03
5.20286e-02 2.49478e-03
5.20859e-02 2.50303e-03
5.21431e-02 2.51129e-03
5.22003e-02 2.51957e-03
5.22576e-02 2.52787e-03
5.23148e-02 2.53619e-03
5.23720e-02 2.54453e-03
5.24293e-02 2.55288e-03
5.24865e-02 2.56125e-03
5.25438e-02 2.56964e-03
5.26010e-02 2.57805e-03
5.26582e-02 2.58648e-03
5.27155e-02 2.59493e-03
5.27727e-02 2.60339e-03
5.28299e-02 2.61187e-03
5.28872e-02 2.62038e-03
5.29444e-02 2.62890e-03
5.30017e-02 2.63743e-03
5.30589e-02 2.64599e-03
5.31161e-02 2.65457e-03
5.31734e-02 2.66316e-03
5.32306e-02 2.67177e-03
5.32878e-02 2.68040e-03
5.33451e-02 2.68905e-03
5.34023e-02 2.69772e-03
5.34595e-02 2.70640e-03
5.35168e-02 2.71511e-03
5.35740e-02 2.72383e-03
5.36313e-02 2.73258e-03
5.36885e-02 2.74134e-03
5.37457e-02 2.75012e-03
5.38030e-02 2.75891e-03
5.38602e-02 2.76773e-03
5.39174e-02 2.77657e-03
5.39747e-02 2.78542e-03
5.40319e-02 2.79430e-03
5.40892e-02 2.80319e-03
5.41464e-02 2.81210e-03
5.42036e-02 2.82103e-03
5.42609e-02 2.82998e-03
5.43181e-02 2.83895e-03
5.43753e-02 2.84793e-03
5.44326e-02 2.85694e-03
5.44898e-02 2.86596e-03
5.45471e-02 2.87501e-03
5.46043e-02 2.88407e-03
5.46615e-02 2.89315e-03
5.47188e-02 2.90225e-03
5.47760e-02 2.91137e-03
5.48332e-02 2.92051e-03
5.48905e-02 2.92967e-03
5.49477e-02 2.93885e-03
5.50050e-02 2.94804e-03
5.50622e-02 2.95726e-03
5.51194e-02 2.96649e-03
5.51767e-02 2.97574e-03
5.52339e-02 2.98502e-03
5.52911e-02 2.99431e-03
5.53484e-02 3.00362e-03
5.54056e-02 3.01295e-03
5.54628e-02 3.02230e-03
5.55201e-02 3.03167e-03
5.55773e-02 3.04106e-03
5.56346e-02 3.05047e-03
5.56918e-02 3.05990e-03
5.57490e-02 3.06934e-03
5.58063e-02 3.07881e-03
5.58635e-02 3.08830e-03
5.59207e-02 3.09780e-03
5.59780e-02 3.10733e-03
5.60352e-02 3.11687e-03
5.60925e-02 3.12643e-03
5.61497e-02 3.13602e-03
5.62069e-02 3.14562e-03
5.62642e-02 3.15524e-03
5.63214e-02 3.16488e-03
5.63786e-02 3.17455e-03
5.64359e-02 3.18423e-03
5.64931e-02 3.19393e-03
5.65504e-02 3.20365e-03
5.66076e-02 3.21339e-03
5.66648e-02 3.22315e-03
5.67221e-02 3.23293e-03
5.67793e-02 3.24273e-03
5.68365e-02 3.25255e-03
5.68938e-02 3.26239e-03
5.69510e-02 3.27225e-03
5.70083e-02 3.28212e-03
5.70655e-02 3.29202e-03
5.71227e-02 3.30194e-03
5.71800e-02 3.31188e-03
5.72372e-02 3.32184e-03
5.72944e-02 3.33182e-03
5.73517e-02 3.34182e-03
5.74089e-02 3.35183e-03
5.74662e-02 3.36187e-03
5.75234e-02 3.37193e-03
5.75806e-02 3.38201e-03
5.76379e-02 3.39211e-03
5.76951e-02 3.40223e-03
5.77523e-02 3.41236e-03
5.78096e-02 3.42252e-03
5.78668e-02 3.43270e-03
5.79240e-02 3.44290e-03
5.79813e-02 3.45312e-03
5.80385e-02 3.46336e-03
5.80958e-02 3.47362e-03
5.81530e-02 3.48390e-03
5.82102e-02 3.49420e-03
5.82675e-02 3.50452e-03
5.83247e-02 3.51486e-03
5.83819e-02 3.52522e-03
5.84392e-02 3.53560e-03
5.84964e-02 3.54600e-03
5.85537e-02 3.55643e-03
5.86109e-02 3.56687e-03
5.86681e-02 3.57733e-03
5.87254e-02 3.58781e-03
5.87826e-02 3.59832e-03
5.88398e-02 3.60884e-03
5.88971e-02 3.61939e-03
5.89543e-02 3.62995e-03
5.90116e-02 3.64054e-03
5.90688e-02 3.65115e-03
5.91260e-02 3.66177e-03
5.91833e-02 3.67242e-03
5.92405e-02 3.68309e-03
5.92977e-02 3.69378e-03
5.93550e-02 3.70449e-03
5.94122e-02 3.71522e-03
5.94695e-02 3.72597e-03
5.95267e-02 3.73674e-03
5.95839e-02 3.74753e-03
5.96412e-02 3.75834e-03
5.96984e-02 3.76918e-03
5.97556e-02 3.78003e-03
5.98129e-02 3.79091e-03
5.98701e-02 3.80181e-03
5.99274e-02 3.81272e-03
5.99846e-02 3.82366e-03
6.00418e-02 3.83462e-03
6.00991e-02 3.84560e-03
6.01563e-02 3.85660e-03
6.02135e-02 3.86762e-03
6.02708e-02 3.87866e-03
6.03280e-02 3.88973e-03
6.03852e-02 3.90081e-03
6.04425e-02 3.91192e-03
6.04997e-02 3.92305e-03
6.05570e-02 3.93419e-03
6.06142e-02 3.94536e-03
6.06714e-02 3.95655e-03
6.07287e-02 3.96776e-03
6.07859e-02 3.97900e-03
6.08431e-02 3.99025e-03
6.09004e-02 4.00153e-03
6.09576e-02 4.01282e-03
6.10149e-02 4.02414e-03
6.10721e-02 4.03548e-03
6.11293e-02 4.04684e-03
6.11866e-02 4.05822e-03
6.12438e-02 4.06962e-03
6.13010e-02 4.08105e-03
6.13583e-02 4.09249e-03
6.14155e-02 4.10396e-03
6.14728e-02 4.11544e-03
6.15300e-02 4.12695e-03
6.15872e-02 4.13848e-03
6.16445e-02 4.15004e-03
6.17017e-02 4.16161e-03
6.17589e-02 4.17321e-03
6.18162e-02 4.18482e-03
6.18734e-02 4.19646e-03
6.19307e-02 4.20812e-03
6.19879e-02 4.21980e-03
6.20451e-02 4.23151e-03
6.21024e-02 4.24323e-03
6.21596e-02 4.25498e-03
6.22168e-02 4.26674e-03
6.22741e-02 4.27853e-03
6.23313e-02 4.29035e-03
6.23886e-02 4.30218e-03
6.24458e-02 4.31403e-03
6.25030e-02 4.32591e-03
6.25603e-02 4.33781e-03
6.26175e-02 4.34973e-03
6.26747e-02 4.36167e-03
6.27320e-02 4.37363e-03
6.27892e-02 4.38562e-03
6.28464e-02 4.39763e-03
6.29037e-02 4.40966e-03
6.29609e-02 4.42171e-03
6.30182e-02 4.43378e-03
6.30754e-02 4.44588e-03
6.31326e-02 4.45799e-03
6.31899e-02 4.47013e-03
6.32471e-02 4.48229e-03
6.33043e-02 4.49448e-03
6.33616e-02 4.50668e-03
6.34188e-02 4.51891e-03
6.34761e-02 4.53116e-03
6.35333e-02 4.54343e-03
6.35905e-02 4.55572e-03
6.36478e-02 4.56804e-03
6.37050e-02 4.58038e-03
6.37622e-02 4.59274e-03
6.38195e-02 4.60512e-03
6.38767e-02 4.61752e-03
6.39340e-02 4.62995e-03
6.39912e-02 4.64240e-03
6.40484e-02 4.65487e-03
6.41057e-02 4.66737e-03
6.41629e-02 4.67988e-03
6.42201e-02 4.69242e-03
6.42774e-02 4.70498e-03
6.43346e-02 4.71756e-03
6.43919e-02 4.73017e-03
6.44491e-02 4.74280e-03
6.45063e-02 4.75545e-03
6.45636e-02 4.76812e-03
6.46208e-02 4.78082e-03
6.46780e-02 4.79354e-03
6.47353e-02 4.80628e-03
6.47925e-02 4.81904e-03
6.48498e-02 4.83182e-03
6.49070e-02 4.84463e-03
6.49642e-02 4.85746e-03
6.50215e-02 4.87032e-03
6.50787e-02 4.88319e-03
6.51359e-02 4.89609e-03
6.51932e-02 4.90901e-03
6.52504e-02 4.92196e-03
6.53076e-02 4.93493e-03
6.53649e-02 4.94791e-03
6.54221e-02 4.96093e-03
6.54794e-02 4.97396e-03
6.55366e-02 4.98702e-03
6.55938e-02 5.00010e-03
6.56511e-02 5.01321e-03
6.57083e-02 5.02633e-03
6.57655e-02 5.03948e-03
6.58228e-02 5.05265e-03
6.58800e-02 5.06585e-03
6.59373e-02 5.07907e-03
6.59945e-02 5.09231e-03
6.60517e-02 5.10557e-03
6.61090e-02 5.11886e-03
6.61662e-02 5.13217e-03
6.62234e-02 5.14551e-03
6.62807e-02 5.15886e-03
6.63379e-02 5.17224e-03
6.63952e-02 5.18564e-03
6.64524e-02 5.19907e-03
6.65096e-02 5.21252e-03
6.65669e-02 5.22599e-03
6.66241e-02 5.23949e-03
6.66813e-02 5.25301e-03
6.67386e-02 5.26655e-03
6.67958e-02 5.28011e-03
6.68531e-02 5.29370e-03
6.69103e-02 5.30731e-03
6.69675e-02 5.32095e-03
6.70248e-02 5.33461e-03
6.70820e-02 5.34829e-03
6.71392e-02 5.36199e-03
6.71965e-02 5.37572e-03
6.72537e-02 5.38947e-03
6.73110e-02 5.40325e-03
6.73682e-02 5.41705e-03
6.74254e-02 5.43087e-03
6.74827e-02 5.44471e-03
6.75399e-02 5.45858e-03
6.75971e-02 5.47248e-03
6.76544e-02 5.48639e-03
6.77116e-02 5.50033e-03
6.77688e-02 5.51430e-03
6.78261e-02 5.52828e-03
6.78833e-02 5.54229e-03
6.79406e-02 5.55633e-03
6.79978e-02 5.57039e-03
6.80550e-02 5.58447e-03
6.81123e-02 5.59857e-03
6.81695e-02 5.61270e-03
6.82267e-02 5.62685e-03
6.82840e-02 5.64103e-03
6.83412e-02 5.65523e-03
6.83985e-02 5.66946e-03
6.84557e-02 5.68370e-03
6.85129e-02 5.69798e-03
6.85702e-02 5.71227e-03
6.86274e-02 5.72659e-03
6.86846e-02 5.74093e-03
6.87419e-02 5.75530e-03
6.87991e-02 5.76969e-03
6.88564e-02 5.78411e-03
6.89136e-02 5.79855e-03
6.89708e-02 5.81301e-03
6.90281e-02 5.82750e-03
6.90853e-02 5.84201e-03
6.91425e-02 5.85655e-03
6.91998e-02 5.87111e-03
6.92570e-02 5.88569e-03
6.93143e-02 5.90030e-03
6.93715e-02 5.91493e-03
6.94287e-02 5.92959e-03
6.94860e-02 5.94427e-03
6.95432e-02 5.95897e-03
6.96004e-02 5.97370e-03
6.96577e-02 5.98845e-03
6.97149e-02 6.00323e-03
6.97722e-02 6.01803e-03
6.98294e-02 6.03286e-03
6.98866e-02 6.04771e-03
6.99439e-02 6.06258e-03
7.00011e-02 6.07748e-03
7.00583e-02 6.09241e-03
7.01156e-02 6.10735e-03
7.01728e-02 6.12233e-03
7.02300e-02 6.13732e-03
7.02873e-02 6.15234e-03
7.03445e-02 6.16739e-03
7.04018e-02 6.18246e-03
7.04590e-02 6.19755e-03
7.05162e-02 6.21267e-03
7.05735e-02 6.22782e-03
7.06307e-02 6.24298e-03
7.06879e-02 6.25818e-03
7.07452e-02 6.27340e-03
7.08024e-02 6.28864e-03
7.08597e-02 6.30390e-03
7.09169e-02 6.31920e-03
7.09741e-02 6.33451e-03
7.10314e-02 6.34985e-03
7.10886e-02 6.36522e-03
7.11458e-02 6.38061e-03
7.12031e-02 6.39603e-03
7.12603e-02 6.41147e-03
7.13176e-02 6.42693e-03
7.13748e-02 6.44242e-03
7.14320e-02 6.45793e-03
7.14893e-02 6.47347e-03
7.15465e-02 6.48904e-03
7.16037e-02 6.50463e-03
7.16610e-02 6.52024e-03
7.17182e-02 6.53588e-03
7.17755e-02 6.55155e-03
7.18327e-02 6.56724e-03
7.18899e-02 6.58295e-03
7.19472e-02 6.59869e-03
7.20044e-02 6.61445e-03
7.20616e-02 6.63024e-03
7.21189e-02 6.64606e-03
7.21761e-02 6.66190e-03
7.22334e-02 6.67776e-03
7.22906e-02 6.69365e-03
7.23478e-02 6.70957e-03
7.24051e-02 6.72551e-03
7.24623e-02 6.74147e-03
7.25195e-02 6.75747e-03
7.25768e-02 6.77348e-03
7.26340e-02 6.78952e-03
7.26912e-02 6.80559e-03
7.27485e-02 6.82168e-03
7.28057e-02 6.83780e-03
7.28630e-02 6.85394e-03
7.29202e-02 6.87011e-03
7.29774e-02 6.88630e-03
7.30347e-02 6.90252e-03
7.30919e-02 6.91877e-03
7.31491e-02 6.93504e-03
7.32064e-02 6.95133e-03
7.32636e-02 6.96765e-03
7.33209e-02 6.98400e-03
7.33781e-02 7.00037e-03
7.34353e-02 7.01677e-03
7.34926e-02 7.03319e-03
7.35498e-02 7.04964e-03
7.36070e-02 7.06612e-03
7.36643e-02 7.08262e-03
7.37215e-02 7.09914e-03
7.37788e-02 7.11569e-03
7.38360e-02 7.13227e-03
7.38932e-02 7.14887e-03
7.39505e-02 7.16550e-03
7.40077e-02 7.18216e-03
7.40649e-02 7.19884e-03
7.41222e-02 7.21554e-03
7.41794e-02 7.23228e-03
7.42367e-02 7.24903e-03
7.42939e-02 7.26582e-03
7.43511e-02 7.28263e-03
7.44084e-02 7.29946e-03
7.44656e-02 7.31632e-03
7.45228e-02 7.33321e-03
7.45801e-02 7.35012e-03
7.46373e-02 7.36706e-03
7.46946e-02 7.38403e-03
7.47518e-02 7.40102e-03
7.48090e-02 7.41803e-03
7.48663e-02 7.43508e-03
7.49235e-02 7.45215e-03
7.49807e-02 7.46924e-03
7.50380e-02 7.48636e-03
7.50952e-02 7.50351e-03
7.51524e-02 7.52069e-03
7.52097e-02 7.53789e-03
7.52669e-02 7.55511e-03
7.53242e-02 7.57236e-03
7.53814e-02 7.58964e-03
7.54386e-02 7.60695e-03
7.54959e-02 7.62428e-03
7.55531e-02 7.64164e-03
7.56103e-02 7.65902e-03
7.56676e-02 7.67643e-03
7.57248e-02 7.69387e-03
7.57821e-02 7.71133e-03
7.58393e-02 7.72882e-03
7.58965e-02 7.74634e-03
7.59538e-02 7.76388e-03
7.60110e-02 7.78145e-03
7.60682e-02 7.79904e-03
7.61255e-02 7.81666e-03
7.61827e-02 7.83431e-03
7.62400e-02 7.85199e-03
7.62972e-02 7.86969e-03
7.63544e-02 7.88742e-03
7.64117e-02 7.90517e-03
7.64689e-02 7.92295e-03
7.65261e-02 7.94076e-03
7.65834e-02 7.95859e-03
7.66406e-02 7.97645e-03
7.66979e-02 7.99434e-03
7.67551e-02 8.01226e-03
7.68123e-02 8.03020e-03
7.68696e-02 8.04817e-03
7.69268e-02 8.06616e-03
7.69840e-02 8.08418e-03
7.70413e-02 8.10223e-03
7.70985e-02 8.12031e-03
7.71557e-02 8.13841e-03
7.72130e-02 8.15654e-03
7.72702e-02 8.17469e-03
7.73275e-02 8.19288e-03
7.73847e-02 8.21109e-03
7.74419e-02 8.22932e-03
7.74992e-02 8.24759e-03
7.75564e-02 8.26588e-03
7.76136e-02 8.28419e-03
7.76709e-02 8.30254e-03
7.77281e-02 8.32091e-03
7.77854e-02 8.33931e-03
7.78426e-02 8.35774e-03
7.78998e-02 8.37619e-03
7.79571e-02 8.39467e-03
7.80143e-02 8.41318e-03
7.80715e-02 8.43171e-03
7.81288e-02 8.45027e-03
7.81860e-02 8.46886e-03
7.82433e-02 8.48748e-03
7.83005e-02 8.50612e-03
7.83577e-02 8.52479e-03
7.84150e-02 8.54349e-03
7.84722e-02 8.56222e-03
7.85294e-02 8.58097e-03
7.85867e-02 8.59975e-03
7.86439e-02 8.61856e-03
7.87012e-02 8.63739e-03
7.87584e-02 8.65625e-03
7.88156e-02 8.67514e-03
7.88729e-02 8.69406e-03
7.89301e-02 8.71300e-03
7.89873e-02 8.73198e-03
7.90446e-02 8.75098e-03
7.91018e-02 8.77000e-03
7.91591e-02 8.78906e-03
7.92163e-02 8.80814e-03
7.92735e-02 8.82725e-03
7.93308e-02 8.84639e-03
7.93880e-02 8.86555e-03
7.94452e-02 8.88475e-03
7.95025e-02 8.90397e-03
7.95597e-02 8.92322e-03
7.96169e-02 8.94249e-03
7.96742e-02 8.96180e-03
7.97314e-02 8.98113e-03
7.97887e-02 9.00049e-03
7.98459e-02 9.01987e-03
7.99031e-02 9.03929e-03
7.99604e-02 9.05873e-03
8.00176e-02 9.07820e-03
8.00748e-02 9.09770e-03
8.01321e-02 9.11723e-03
8.01893e-02 9.13678e-03
8.02466e-02 9.15636e-03
8.03038e-02 9.17597e-03
8.03610e-02 9.19561e-03
8.04183e-02 9.21528e-03
8.04755e-02 9.23497e-03
8.05327e-02 9.25469e-03
8.05900e-02 9.27444e-03
8.06472e-02 9.29422e-03
8.07045e-02 9.31403e-03
8.07617e-02 9.33386e-03
8.08189e-02 9.35373e-03
8.08762e-02 9.37362e-03
8.09334e-02 9.39354e-03
8.09906e-02 9.41348e-03
8.10479e-02 9.43346e-03
8.11051e-02 9.45346e-03
8.11624e-02 9.47349e-03
8.12196e-02 9.49355e-03
8.12768e-02 9.51364e-03
8.13341e-02 9.53376e-03
8.13913e-02 9.55390e-03
8.14485e-02 9.57408e-03
8.15058e-02 9.59428e-03
8.15630e-02 9.61451e-03
8.16203e-02 9.63477e-03
8.16775e-02 9.65506e-03
8.17347e-02 9.67537e-03
8.17920e-02 9.69572e-03
8.18492e-02 9.71609e-03
8.19064e-02 9.73649e-03
8.19637e-02 9.75692e-03
8.20209e-02 9.77738e-03
8.20781e-02 9.79786e-03
8.21354e-02 9.81838e-03
8.21926e-02 9.83892e-03
8.22499e-02 9.85950e-03
8.23071e-02 9.88010e-03
8.23643e-02 9.90073e-03
8.24216e-02 9.92138e-03
8.24788e-02 9.94207e-03
8.25360e-02 9.96279e-03
8.25933e-02 9.98353e-03
8.26505e-02 1.00043e-02
8.27078e-02 1.00251e-02
8.27650e-02 1.00459e-02
8.28222e-02 1.00668e-02
8.28795e-02 1.00877e-02
8.29367e-02 1.01086e-02
8.29939e-02 1.01296e-02
8.30512e-02 1.01505e-02
8.31084e-02 1.01715e-02
8.31657e-02 1.01926e-02
8.32229e-02 1.02136e-02
8.32801e-02 1.02347e-02
8.33374e-02 1.02558e-02
8.33946e-02 1.02770e-02
8.34518e-02 1.02982e-02
8.35091e-02 1.03194e-02
8.35663e-02 1.03406e-02
8.36236e-02 1.03619e-02
8.36808e-02 1.03832e-02
8.37380e-02 1.04045e-02
8.37953e-02 1.04259e-02
8.38525e-02 1.04472e-02
8.39097e-02 1.04686e-02
8.39670e-02 1.04901e-02
8.40242e-02 1.05116e-02
8.40815e-02 1.05331e-02
8.41387e-02 1.05546e-02
8.41959e-02 1.05761e-02
8.42532e-02 1.05977e-02
8.43104e-02 1.06193e-02
8.43676e-02 1.06410e-02
8.44249e-02 1.06627e-02
8.44821e-02 1.06844e-02
8.45393e-02 1.07061e-02
8.45966e-02 1.07279e-02
8.46538e-02 1.07497e-02
8.47111e-02 1.07715e-02
8.47683e-02 1.07933e-02
8.48255e-02 1.08152e-02
8.48828e-02 1.08371e-02
8.49400e-02 1.08591e-02
8.49972e-02 1.08810e-02
8.50545e-02 1.09030e-02
8.51117e-02 1.09251e-02
8.51690e-02 1.09471e-02
8.52262e-02 1.09692e-02
8.52834e-02 1.09913e-02
8.53407e-02 1.10135e-02
8.53979e-02 1.10357e-02
8.54551e-02 1.10579e-02
8.55124e-02 1.10801e-02
8.55696e-02 1.11024e-02
8.56269e-02 1.11247e-02
8.56841e-02 1.11470e-02
8.57413e-02 1.11694e-02
8.57986e-02 1.11917e-02
8.58558e-02 1.12142e-02
8.59130e-02 1.12366e-02
8.59703e-02 1.12591e-02
8.60275e-02 1.12816e-02
8.60848e-02 1.13041e-02
8.61420e-02 1.13267e-02
8.61992e-02 1.13493e-02
8.62565e-02 1.13719e-02
8.63137e-02 1.13946e-02
8.63709e-02 1.14173e-02
8.64282e-02 1.14400e-02
8.64854e-02 1.14627e-02
8.65427e-02 1.14855e-02
8.65999e-02 1.15083e-02
8.66571e-02 1.15312e-02
8.67144e-02 1.15540e-02
8.67716e-02 1.15769e-02
8.68288e-02 1.15998e-02
8.68861e-02 1.16228e-02
8.69433e-02 1.16458e-02
8.70005e-02 1.16688e-02
8.70578e-02 1.16919e-02
8.71150e-02 1.17149e-02
8.71723e-02 1.17380e-02
8.72295e-02 1.17612e-02
8.72867e-02 1.17844e-02
8.73440e-02 1.18076e-02
8.74012e-02 1.18308e-02
8.74584e-02 1.18541e-02
8.75157e-02 1.18773e-02
8.75729e-02 1.19007e-02
8.76302e-02 1.19240e-02
8.76874e-02 1.19474e-02
8.77446e-02 1.19708e-02
8.78019e-02 1.19943e-02
8.78591e-02 1.20177e-02
8.79163e-02 1.20412e-02
8.79736e-02 1.20648e-02
8.80308e-02 1.20884e-02
8.80881e-02 1.21119e-02
8.81453e-02 1.21356e-02
8.82025e-02 1.21592e-02
8.82598e-02 1.21829e-02
8.83170e-02 1.22066e-02
8.83742e-02 1.22304e-02
8.84315e-02 1.22542e-02
8.84887e-02 1.22780e-02
8.85460e-02 1.23018e-02
8.86032e-02 1.23257e-02
8.86604e-02 1.23496e-02
8.87177e-02 1.23736e-02
8.87749e-02 1.23975e-02
8.88321e-02 1.24215e-02
8.88894e-02 1.24456e-02
8.89466e-02 1.24696e-02
8.90039e-02 1.24937e-02
8.90611e-02 1.25178e-02
8.91183e-02 1.25420e-02
8.91756e-02 1.25662e-02
8.92328e-02 1.25904e-02
8.92900e-02 1.26146e-02
8.93473e-02 1.26389e-02
8.94045e-02 1.26632e-02
8.94617e-02 1.26876e-02
8.95190e-02 1.27119e-02
8.95762e-02 1.27363e-02
8.96335e-02 1.27608e-02
8.96907e-02 1.27852e-02
8.97479e-02 1.28097e-02
8.98052e-02 1.28343e-02
8.98624e-02 1.28588e-02
8.99196e-02 1.28834e-02
8.99769e-02 1.29080e-02
9.00341e-02 1.29327e-02
9.00914e-02 1.29574e-02
9.01486e-02 1.29821e-02
9.02058e-02 1.30068e-02
9.02631e-02 1.30316e-02
9.03203e-02 1.30564e-02
9.03775e-02 1.30812e-02
9.04348e-02 1.31061e-02
9.04920e-02 1.31310e-02
9.05493e-02 1.31560e-02
9.06065e-02 1.31809e-02
9.06637e-02 1.32059e-02
9.07210e-02 1.32310e-02
9.07782e-02 1.32560e-02
9.08354e-02 1.32811e-02
9.08927e-02 1.33062e-02
9.09499e-02 1.33314e-02
9.10072e-02 1.33566e-02
9.10644e-02 1.33818e-02
9.11216e-02 1.34071e-02
9.11789e-02 1.34323e-02
9.12361e-02 1.34577e-02
9.12933e-02 1.34830e-02
9.13506e-02 1.35084e-02
9.14078e-02 1.35338e-02
9.14651e-02 1.35592e-02
9.15223e-02 1.35847e-02
9.15795e-02 1.36102e-02
9.16368e-02 1.36358e-02
9.16940e-02 1.36613e-02
9.17512e-02 1.36869e-02
9.18085e-02 1.37126e-02
9.18657e-02 1.37382e-02
9.19229e-02 1.37639e-02
9.19802e-02 1.37897e-02
9.20374e-02 1.38154e-02
9.20947e-02 1.38412e-02
9.21519e-02 1.38670e-02
9.22091e-02 1.38929e-02
9.22664e-02 1.39188e-02
9.23236e-02 1.39447e-02
9.23808e-02 1.39707e-02
9.24381e-02 1.39967e-02
9.24953e-02 1.40227e-02
9.25526e-02 1.40487e-02
9.26098e-02 1.40748e-02
9.26670e-02 1.41009e-02
9.27243e-02 1.41271e-02
9.27815e-02 1.41533e-02
9.28387e-02 1.41795e-02
9.28960e-02 1.42057e-02
9.29532e-02 1.42320e-02
9.30105e-02 1.42583e-02
9.30677e-02 1.42846e-02
9.31249e-02 1.43110e-02
9.31822e-02 1.43374e-02
9.32394e-02 1.43639e-02
9.32966e-02 1.43903e-02
9.33539e-02 1.44168e-02
9.34111e-02 1.44434e-02
9.34684e-02 1.44700e-02
9.35256e-02 1.44966e-02
9.35828e-02 1.45232e-02
9.36401e-02 1.45499e-02
9.36973e-02 1.45766e-02
9.37545e-02 1.46033e-02
9.38118e-02 1.46301e-02
9.38690e-02 1.46569e-02
9.39263e-02 1.46837e-02
9.39835e-02 1.47105e-02
9.40407e-02 1.47374e-02
9.40980e-02 1.47644e-02
9.41552e-02 1.47913e-02
9.42124e-02 1.48183e-02
9.42697e-02 1.48454e-02
9.43269e-02 1.48724e-02
9.43841e-02 1.48995e-02
9.44414e-02 1.49266e-02
9.44986e-02 1.49538e-02
9.45559e-02 1.49810e-02
9.46131e-02 1.50082e-02
9.46703e-02 1.50355e-02
9.47276e-02 1.50628e-02
9.47848e-02 1.50901e-02
9.48420e-02 1.51174e-02
9.48993e-02 1.51448e-02
9.49565e-02 1.51723e-02
9.50138e-02 1.51997e-02
9.50710e-02 1.52272e-02
9.51282e-02 1.52547e-02
9.51855e-02 1.52823e-02
9.52427e-02 1.53099e-02
9.52999e-02 1.53375e-02
9.53572e-02 1.53651e-02
9.54144e-02 1.53928e-02
9.54717e-02 1.54206e-02
9.55289e-02 1.54483e-02
9.55861e-02 1.54761e-02
9.56434e-02 1.55039e-02
9.57006e-02 1.55318e-02
9.57578e-02 1.55597e-02
9.58151e-02 1.55876e-02
9.58723e-02 1.56155e-02
9.59296e-02 1.56435e-02
9.59868e-02 1.56715e-02
9.60440e-02 1.56996e-02
9.61013e-02 1.57277e-02
9.61585e-02 1.57558e-02
9.62157e-02 1.57840e-02
9.62730e-02 1.58122e-02
9.63302e-02 1.58404e-02
9.63875e-02 1.58686e-02
9.64447e-02 1.58969e-02
9.65019e-02 1.59252e-02
9.65592e-02 1.59536e-02
9.66164e-02 1.59820e-02
9.66736e-02 1.60104e-02
9.67309e-02 1.60389e-02
9.67881e-02 1.60674e-02
9.68453e-02 1.60959e-02
9.69026e-02 1.61245e-02
9.69598e-02 1.61530e-02
9.70171e-02 1.61817e-02
9.70743e-02 1.62103e-02
9.71315e-02 1.62390e-02
9.71888e-02 1.62678e-02
9.72460e-02 1.62965e-02
9.73032e-02 1.63253e-02
9.73605e-02 1.63541e-02
9.74177e-02 1.63830e-02
9.74750e-02 1.64119e-02
9.75322e-02 1.64408e-02
9.75894e-02 1.64698e-02
9.76467e-02 1.64988e-02
9.77039e-02 1.65278e-02
9.77611e-02 1.65569e-02
9.78184e-02 1.65860e-02
9.78756e-02 1.66151e-02
9.79329e-02 1.66443e-02
9.79901e-02 1.66735e-02
9.80473e-02 1.67027e-02
9.81046e-02 1.67320e-02
9.81618e-02 1.67613e-02
9.82190e-02 1.67907e-02
9.82763e-02 1.68200e-02
9.83335e-02 1.68494e-02
9.83908e-02 1.68789e-02
9.84480e-02 1.69084e-02
9.85052e-02 1.69379e-02
9.85625e-02 1.69674e-02
9.86197e-02 1.69970e-02
9.86769e-02 1.70266e-02
9.87342e-02 1.70563e-02
9.87914e-02 1.70860e-02
9.88486e-02 1.71157e-02
9.89059e-02 1.71454e-02
9.89631e-02 1.71752e-02
9.90204e-02 1.72050e-02
9.90776e-02 1.72349e-02
9.91348e-02 1.72648e-02
9.91921e-02 1.72947e-02
9.92493e-02 1.73247e-02
9.93065e-02 1.73547e-02
9.93638e-02 1.73847e-02
9.94210e-02 1.74147e-02
9.94783e-02 1.74448e-02
9.95355e-02 1.74750e-02
9.95927e-02 1.75051e-02
9.96500e-02 1.75353e-02
9.97072e-02 1.75656e-02
9.97644e-02 1.75959e-02
9.98217e-02 1.76262e-02
9.98789e-02 1.76565e-02
9.99362e-02 1.76869e-02
9.99934e-02 1.77173e-02
1.00000e-01 1.77208e-02
