3-D EmbeddedElt 
Explicit Analysis	1
Embedded Elements	1
VolumeCorrection 	0
2
hexa8
truss2
1570
1    1    -0.02500 -0.00200 0.00600
2    1    -0.02500 -0.00100 0.00600
3    1    -0.02500 0.00000 0.00600
4    1    -0.02500 0.00100 0.00600
5    1    -0.02500 0.00200 0.00600
6    1    -0.02500 -0.00200 0.00480
7    1    -0.02500 -0.00100 0.00480
8    1    -0.02500 0.00000 0.00480
9    1    -0.02500 0.00100 0.00480
10   1    -0.02500 0.00200 0.00480
11   1    -0.02500 -0.00200 0.00360
12   1    -0.02500 -0.00100 0.00360
13   1    -0.02500 0.00000 0.00360
14   1    -0.02500 0.00100 0.00360
15   1    -0.02500 0.00200 0.00360
16   1    -0.02500 -0.00200 0.00240
17   1    -0.02500 -0.00100 0.00240
18   1    -0.02500 0.00000 0.00240
19   1    -0.02500 0.00100 0.00240
20   1    -0.02500 0.00200 0.00240
21   1    -0.02500 -0.00200 0.00120
22   1    -0.02500 -0.00100 0.00120
23   1    -0.02500 0.00000 0.00120
24   1    -0.02500 0.00100 0.00120
25   1    -0.02500 0.00200 0.00120
26   1    -0.02500 -0.00200 0.00000
27   1    -0.02500 -0.00100 0.00000
28   1    -0.02500 0.00000 0.00000
29   1    -0.02500 0.00100 0.00000
30   1    -0.02500 0.00200 0.00000
31   0    -0.02381 -0.00200 0.00600
32   0    -0.02381 -0.00100 0.00600
33   0    -0.02381 0.00000 0.00600
34   0    -0.02381 0.00100 0.00600
35   0    -0.02381 0.00200 0.00600
36   0    -0.02381 -0.00200 0.00480
37   0    -0.02381 -0.00100 0.00480
38   0    -0.02381 0.00000 0.00480
39   0    -0.02381 0.00100 0.00480
40   0    -0.02381 0.00200 0.00480
41   0    -0.02381 -0.00200 0.00360
42   0    -0.02381 -0.00100 0.00360
43   0    -0.02381 0.00000 0.00360
44   0    -0.02381 0.00100 0.00360
45   0    -0.02381 0.00200 0.00360
46   0    -0.02381 -0.00200 0.00240
47   0    -0.02381 -0.00100 0.00240
48   0    -0.02381 0.00000 0.00240
49   0    -0.02381 0.00100 0.00240
50   0    -0.02381 0.00200 0.00240
51   0    -0.02381 -0.00200 0.00120
52   0    -0.02381 -0.00100 0.00120
53   0    -0.02381 0.00000 0.00120
54   0    -0.02381 0.00100 0.00120
55   0    -0.02381 0.00200 0.00120
56   0    -0.02381 -0.00200 0.00000
57   0    -0.02381 -0.00100 0.00000
58   0    -0.02381 0.00000 0.00000
59   0    -0.02381 0.00100 0.00000
60   0    -0.02381 0.00200 0.00000
61   0    -0.02262 -0.00200 0.00600
62   0    -0.02262 -0.00100 0.00600
63   0    -0.02262 0.00000 0.00600
64   0    -0.02262 0.00100 0.00600
65   0    -0.02262 0.00200 0.00600
66   0    -0.02262 -0.00200 0.00480
67   0    -0.02262 -0.00100 0.00480
68   0    -0.02262 0.00000 0.00480
69   0    -0.02262 0.00100 0.00480
70   0    -0.02262 0.00200 0.00480
71   0    -0.02262 -0.00200 0.00360
72   0    -0.02262 -0.00100 0.00360
73   0    -0.02262 0.00000 0.00360
74   0    -0.02262 0.00100 0.00360
75   0    -0.02262 0.00200 0.00360
76   0    -0.02262 -0.00200 0.00240
77   0    -0.02262 -0.00100 0.00240
78   0    -0.02262 0.00000 0.00240
79   0    -0.02262 0.00100 0.00240
80   0    -0.02262 0.00200 0.00240
81   0    -0.02262 -0.00200 0.00120
82   0    -0.02262 -0.00100 0.00120
83   0    -0.02262 0.00000 0.00120
84   0    -0.02262 0.00100 0.00120
85   0    -0.02262 0.00200 0.00120
86   0    -0.02262 -0.00200 0.00000
87   0    -0.02262 -0.00100 0.00000
88   0    -0.02262 0.00000 0.00000
89   0    -0.02262 0.00100 0.00000
90   0    -0.02262 0.00200 0.00000
91   0    -0.02143 -0.00200 0.00600
92   0    -0.02143 -0.00100 0.00600
93   0    -0.02143 0.00000 0.00600
94   0    -0.02143 0.00100 0.00600
95   0    -0.02143 0.00200 0.00600
96   0    -0.02143 -0.00200 0.00480
97   0    -0.02143 -0.00100 0.00480
98   0    -0.02143 0.00000 0.00480
99   0    -0.02143 0.00100 0.00480
100  0    -0.02143 0.00200 0.00480
101  0    -0.02143 -0.00200 0.00360
102  0    -0.02143 -0.00100 0.00360
103  0    -0.02143 0.00000 0.00360
104  0    -0.02143 0.00100 0.00360
105  0    -0.02143 0.00200 0.00360
106  0    -0.02143 -0.00200 0.00240
107  0    -0.02143 -0.00100 0.00240
108  0    -0.02143 0.00000 0.00240
109  0    -0.02143 0.00100 0.00240
110  0    -0.02143 0.00200 0.00240
111  0    -0.02143 -0.00200 0.00120
112  0    -0.02143 -0.00100 0.00120
113  0    -0.02143 0.00000 0.00120
114  0    -0.02143 0.00100 0.00120
115  0    -0.02143 0.00200 0.00120
116  0    -0.02143 -0.00200 0.00000
117  0    -0.02143 -0.00100 0.00000
118  0    -0.02143 0.00000 0.00000
119  0    -0.02143 0.00100 0.00000
120  0    -0.02143 0.00200 0.00000
121  0    -0.02024 -0.00200 0.00600
122  0    -0.02024 -0.00100 0.00600
123  0    -0.02024 0.00000 0.00600
124  0    -0.02024 0.00100 0.00600
125  0    -0.02024 0.00200 0.00600
126  0    -0.02024 -0.00200 0.00480
127  0    -0.02024 -0.00100 0.00480
128  0    -0.02024 0.00000 0.00480
129  0    -0.02024 0.00100 0.00480
130  0    -0.02024 0.00200 0.00480
131  0    -0.02024 -0.00200 0.00360
132  0    -0.02024 -0.00100 0.00360
133  0    -0.02024 0.00000 0.00360
134  0    -0.02024 0.00100 0.00360
135  0    -0.02024 0.00200 0.00360
136  0    -0.02024 -0.00200 0.00240
137  0    -0.02024 -0.00100 0.00240
138  0    -0.02024 0.00000 0.00240
139  0    -0.02024 0.00100 0.00240
140  0    -0.02024 0.00200 0.00240
141  0    -0.02024 -0.00200 0.00120
142  0    -0.02024 -0.00100 0.00120
143  0    -0.02024 0.00000 0.00120
144  0    -0.02024 0.00100 0.00120
145  0    -0.02024 0.00200 0.00120
146  0    -0.02024 -0.00200 0.00000
147  0    -0.02024 -0.00100 0.00000
148  0    -0.02024 0.00000 0.00000
149  0    -0.02024 0.00100 0.00000
150  0    -0.02024 0.00200 0.00000
151  0    -0.01905 -0.00200 0.00600
152  0    -0.01905 -0.00100 0.00600
153  0    -0.01905 0.00000 0.00600
154  0    -0.01905 0.00100 0.00600
155  0    -0.01905 0.00200 0.00600
156  0    -0.01905 -0.00200 0.00480
157  0    -0.01905 -0.00100 0.00480
158  0    -0.01905 0.00000 0.00480
159  0    -0.01905 0.00100 0.00480
160  0    -0.01905 0.00200 0.00480
161  0    -0.01905 -0.00200 0.00360
162  0    -0.01905 -0.00100 0.00360
163  0    -0.01905 0.00000 0.00360
164  0    -0.01905 0.00100 0.00360
165  0    -0.01905 0.00200 0.00360
166  0    -0.01905 -0.00200 0.00240
167  0    -0.01905 -0.00100 0.00240
168  0    -0.01905 0.00000 0.00240
169  0    -0.01905 0.00100 0.00240
170  0    -0.01905 0.00200 0.00240
171  0    -0.01905 -0.00200 0.00120
172  0    -0.01905 -0.00100 0.00120
173  0    -0.01905 0.00000 0.00120
174  0    -0.01905 0.00100 0.00120
175  0    -0.01905 0.00200 0.00120
176  0    -0.01905 -0.00200 0.00000
177  0    -0.01905 -0.00100 0.00000
178  0    -0.01905 0.00000 0.00000
179  0    -0.01905 0.00100 0.00000
180  0    -0.01905 0.00200 0.00000
181  0    -0.01786 -0.00200 0.00600
182  0    -0.01786 -0.00100 0.00600
183  0    -0.01786 0.00000 0.00600
184  0    -0.01786 0.00100 0.00600
185  0    -0.01786 0.00200 0.00600
186  0    -0.01786 -0.00200 0.00480
187  0    -0.01786 -0.00100 0.00480
188  0    -0.01786 0.00000 0.00480
189  0    -0.01786 0.00100 0.00480
190  0    -0.01786 0.00200 0.00480
191  0    -0.01786 -0.00200 0.00360
192  0    -0.01786 -0.00100 0.00360
193  0    -0.01786 0.00000 0.00360
194  0    -0.01786 0.00100 0.00360
195  0    -0.01786 0.00200 0.00360
196  0    -0.01786 -0.00200 0.00240
197  0    -0.01786 -0.00100 0.00240
198  0    -0.01786 0.00000 0.00240
199  0    -0.01786 0.00100 0.00240
200  0    -0.01786 0.00200 0.00240
201  0    -0.01786 -0.00200 0.00120
202  0    -0.01786 -0.00100 0.00120
203  0    -0.01786 0.00000 0.00120
204  0    -0.01786 0.00100 0.00120
205  0    -0.01786 0.00200 0.00120
206  0    -0.01786 -0.00200 0.00000
207  0    -0.01786 -0.00100 0.00000
208  0    -0.01786 0.00000 0.00000
209  0    -0.01786 0.00100 0.00000
210  0    -0.01786 0.00200 0.00000
211  0    -0.01667 -0.00200 0.00600
212  0    -0.01667 -0.00100 0.00600
213  0    -0.01667 0.00000 0.00600
214  0    -0.01667 0.00100 0.00600
215  0    -0.01667 0.00200 0.00600
216  0    -0.01667 -0.00200 0.00480
217  0    -0.01667 -0.00100 0.00480
218  0    -0.01667 0.00000 0.00480
219  0    -0.01667 0.00100 0.00480
220  0    -0.01667 0.00200 0.00480
221  0    -0.01667 -0.00200 0.00360
222  0    -0.01667 -0.00100 0.00360
223  0    -0.01667 0.00000 0.00360
224  0    -0.01667 0.00100 0.00360
225  0    -0.01667 0.00200 0.00360
226  0    -0.01667 -0.00200 0.00240
227  0    -0.01667 -0.00100 0.00240
228  0    -0.01667 0.00000 0.00240
229  0    -0.01667 0.00100 0.00240
230  0    -0.01667 0.00200 0.00240
231  0    -0.01667 -0.00200 0.00120
232  0    -0.01667 -0.00100 0.00120
233  0    -0.01667 0.00000 0.00120
234  0    -0.01667 0.00100 0.00120
235  0    -0.01667 0.00200 0.00120
236  0    -0.01667 -0.00200 0.00000
237  0    -0.01667 -0.00100 0.00000
238  0    -0.01667 0.00000 0.00000
239  0    -0.01667 0.00100 0.00000
240  0    -0.01667 0.00200 0.00000
241  0    -0.01548 -0.00200 0.00600
242  0    -0.01548 -0.00100 0.00600
243  0    -0.01548 0.00000 0.00600
244  0    -0.01548 0.00100 0.00600
245  0    -0.01548 0.00200 0.00600
246  0    -0.01548 -0.00200 0.00480
247  0    -0.01548 -0.00100 0.00480
248  0    -0.01548 0.00000 0.00480
249  0    -0.01548 0.00100 0.00480
250  0    -0.01548 0.00200 0.00480
251  0    -0.01548 -0.00200 0.00360
252  0    -0.01548 -0.00100 0.00360
253  0    -0.01548 0.00000 0.00360
254  0    -0.01548 0.00100 0.00360
255  0    -0.01548 0.00200 0.00360
256  0    -0.01548 -0.00200 0.00240
257  0    -0.01548 -0.00100 0.00240
258  0    -0.01548 0.00000 0.00240
259  0    -0.01548 0.00100 0.00240
260  0    -0.01548 0.00200 0.00240
261  0    -0.01548 -0.00200 0.00120
262  0    -0.01548 -0.00100 0.00120
263  0    -0.01548 0.00000 0.00120
264  0    -0.01548 0.00100 0.00120
265  0    -0.01548 0.00200 0.00120
266  0    -0.01548 -0.00200 0.00000
267  0    -0.01548 -0.00100 0.00000
268  0    -0.01548 0.00000 0.00000
269  0    -0.01548 0.00100 0.00000
270  0    -0.01548 0.00200 0.00000
271  0    -0.01429 -0.00200 0.00600
272  0    -0.01429 -0.00100 0.00600
273  0    -0.01429 0.00000 0.00600
274  0    -0.01429 0.00100 0.00600
275  0    -0.01429 0.00200 0.00600
276  0    -0.01429 -0.00200 0.00480
277  0    -0.01429 -0.00100 0.00480
278  0    -0.01429 0.00000 0.00480
279  0    -0.01429 0.00100 0.00480
280  0    -0.01429 0.00200 0.00480
281  0    -0.01429 -0.00200 0.00360
282  0    -0.01429 -0.00100 0.00360
283  0    -0.01429 0.00000 0.00360
284  0    -0.01429 0.00100 0.00360
285  0    -0.01429 0.00200 0.00360
286  0    -0.01429 -0.00200 0.00240
287  0    -0.01429 -0.00100 0.00240
288  0    -0.01429 0.00000 0.00240
289  0    -0.01429 0.00100 0.00240
290  0    -0.01429 0.00200 0.00240
291  0    -0.01429 -0.00200 0.00120
292  0    -0.01429 -0.00100 0.00120
293  0    -0.01429 0.00000 0.00120
294  0    -0.01429 0.00100 0.00120
295  0    -0.01429 0.00200 0.00120
296  0    -0.01429 -0.00200 0.00000
297  0    -0.01429 -0.00100 0.00000
298  0    -0.01429 0.00000 0.00000
299  0    -0.01429 0.00100 0.00000
300  0    -0.01429 0.00200 0.00000
301  0    -0.01310 -0.00200 0.00600
302  0    -0.01310 -0.00100 0.00600
303  0    -0.01310 0.00000 0.00600
304  0    -0.01310 0.00100 0.00600
305  0    -0.01310 0.00200 0.00600
306  0    -0.01310 -0.00200 0.00480
307  0    -0.01310 -0.00100 0.00480
308  0    -0.01310 0.00000 0.00480
309  0    -0.01310 0.00100 0.00480
310  0    -0.01310 0.00200 0.00480
311  0    -0.01310 -0.00200 0.00360
312  0    -0.01310 -0.00100 0.00360
313  0    -0.01310 0.00000 0.00360
314  0    -0.01310 0.00100 0.00360
315  0    -0.01310 0.00200 0.00360
316  0    -0.01310 -0.00200 0.00240
317  0    -0.01310 -0.00100 0.00240
318  0    -0.01310 0.00000 0.00240
319  0    -0.01310 0.00100 0.00240
320  0    -0.01310 0.00200 0.00240
321  0    -0.01310 -0.00200 0.00120
322  0    -0.01310 -0.00100 0.00120
323  0    -0.01310 0.00000 0.00120
324  0    -0.01310 0.00100 0.00120
325  0    -0.01310 0.00200 0.00120
326  0    -0.01310 -0.00200 0.00000
327  0    -0.01310 -0.00100 0.00000
328  0    -0.01310 0.00000 0.00000
329  0    -0.01310 0.00100 0.00000
330  0    -0.01310 0.00200 0.00000
331  0    -0.01190 -0.00200 0.00600
332  0    -0.01190 -0.00100 0.00600
333  0    -0.01190 0.00000 0.00600
334  0    -0.01190 0.00100 0.00600
335  0    -0.01190 0.00200 0.00600
336  0    -0.01190 -0.00200 0.00480
337  0    -0.01190 -0.00100 0.00480
338  0    -0.01190 0.00000 0.00480
339  0    -0.01190 0.00100 0.00480
340  0    -0.01190 0.00200 0.00480
341  0    -0.01190 -0.00200 0.00360
342  0    -0.01190 -0.00100 0.00360
343  0    -0.01190 0.00000 0.00360
344  0    -0.01190 0.00100 0.00360
345  0    -0.01190 0.00200 0.00360
346  0    -0.01190 -0.00200 0.00240
347  0    -0.01190 -0.00100 0.00240
348  0    -0.01190 0.00000 0.00240
349  0    -0.01190 0.00100 0.00240
350  0    -0.01190 0.00200 0.00240
351  0    -0.01190 -0.00200 0.00120
352  0    -0.01190 -0.00100 0.00120
353  0    -0.01190 0.00000 0.00120
354  0    -0.01190 0.00100 0.00120
355  0    -0.01190 0.00200 0.00120
356  0    -0.01190 -0.00200 0.00000
357  0    -0.01190 -0.00100 0.00000
358  0    -0.01190 0.00000 0.00000
359  0    -0.01190 0.00100 0.00000
360  0    -0.01190 0.00200 0.00000
361  0    -0.01071 -0.00200 0.00600
362  0    -0.01071 -0.00100 0.00600
363  0    -0.01071 0.00000 0.00600
364  0    -0.01071 0.00100 0.00600
365  0    -0.01071 0.00200 0.00600
366  0    -0.01071 -0.00200 0.00480
367  0    -0.01071 -0.00100 0.00480
368  0    -0.01071 0.00000 0.00480
369  0    -0.01071 0.00100 0.00480
370  0    -0.01071 0.00200 0.00480
371  0    -0.01071 -0.00200 0.00360
372  0    -0.01071 -0.00100 0.00360
373  0    -0.01071 0.00000 0.00360
374  0    -0.01071 0.00100 0.00360
375  0    -0.01071 0.00200 0.00360
376  0    -0.01071 -0.00200 0.00240
377  0    -0.01071 -0.00100 0.00240
378  0    -0.01071 0.00000 0.00240
379  0    -0.01071 0.00100 0.00240
380  0    -0.01071 0.00200 0.00240
381  0    -0.01071 -0.00200 0.00120
382  0    -0.01071 -0.00100 0.00120
383  0    -0.01071 0.00000 0.00120
384  0    -0.01071 0.00100 0.00120
385  0    -0.01071 0.00200 0.00120
386  0    -0.01071 -0.00200 0.00000
387  0    -0.01071 -0.00100 0.00000
388  0    -0.01071 0.00000 0.00000
389  0    -0.01071 0.00100 0.00000
390  0    -0.01071 0.00200 0.00000
391  0    -0.00952 -0.00200 0.00600
392  0    -0.00952 -0.00100 0.00600
393  0    -0.00952 0.00000 0.00600
394  0    -0.00952 0.00100 0.00600
395  0    -0.00952 0.00200 0.00600
396  0    -0.00952 -0.00200 0.00480
397  0    -0.00952 -0.00100 0.00480
398  0    -0.00952 0.00000 0.00480
399  0    -0.00952 0.00100 0.00480
400  0    -0.00952 0.00200 0.00480
401  0    -0.00952 -0.00200 0.00360
402  0    -0.00952 -0.00100 0.00360
403  0    -0.00952 0.00000 0.00360
404  0    -0.00952 0.00100 0.00360
405  0    -0.00952 0.00200 0.00360
406  0    -0.00952 -0.00200 0.00240
407  0    -0.00952 -0.00100 0.00240
408  0    -0.00952 0.00000 0.00240
409  0    -0.00952 0.00100 0.00240
410  0    -0.00952 0.00200 0.00240
411  0    -0.00952 -0.00200 0.00120
412  0    -0.00952 -0.00100 0.00120
413  0    -0.00952 0.00000 0.00120
414  0    -0.00952 0.00100 0.00120
415  0    -0.00952 0.00200 0.00120
416  0    -0.00952 -0.00200 0.00000
417  0    -0.00952 -0.00100 0.00000
418  0    -0.00952 0.00000 0.00000
419  0    -0.00952 0.00100 0.00000
420  0    -0.00952 0.00200 0.00000
421  0    -0.00833 -0.00200 0.00600
422  0    -0.00833 -0.00100 0.00600
423  0    -0.00833 0.00000 0.00600
424  0    -0.00833 0.00100 0.00600
425  0    -0.00833 0.00200 0.00600
426  0    -0.00833 -0.00200 0.00480
427  0    -0.00833 -0.00100 0.00480
428  0    -0.00833 0.00000 0.00480
429  0    -0.00833 0.00100 0.00480
430  0    -0.00833 0.00200 0.00480
431  0    -0.00833 -0.00200 0.00360
432  0    -0.00833 -0.00100 0.00360
433  0    -0.00833 0.00000 0.00360
434  0    -0.00833 0.00100 0.00360
435  0    -0.00833 0.00200 0.00360
436  0    -0.00833 -0.00200 0.00240
437  0    -0.00833 -0.00100 0.00240
438  0    -0.00833 0.00000 0.00240
439  0    -0.00833 0.00100 0.00240
440  0    -0.00833 0.00200 0.00240
441  0    -0.00833 -0.00200 0.00120
442  0    -0.00833 -0.00100 0.00120
443  0    -0.00833 0.00000 0.00120
444  0    -0.00833 0.00100 0.00120
445  0    -0.00833 0.00200 0.00120
446  0    -0.00833 -0.00200 0.00000
447  0    -0.00833 -0.00100 0.00000
448  0    -0.00833 0.00000 0.00000
449  0    -0.00833 0.00100 0.00000
450  0    -0.00833 0.00200 0.00000
451  0    -0.00714 -0.00200 0.00600
452  0    -0.00714 -0.00100 0.00600
453  0    -0.00714 0.00000 0.00600
454  0    -0.00714 0.00100 0.00600
455  0    -0.00714 0.00200 0.00600
456  0    -0.00714 -0.00200 0.00480
457  0    -0.00714 -0.00100 0.00480
458  0    -0.00714 0.00000 0.00480
459  0    -0.00714 0.00100 0.00480
460  0    -0.00714 0.00200 0.00480
461  0    -0.00714 -0.00200 0.00360
462  0    -0.00714 -0.00100 0.00360
463  0    -0.00714 0.00000 0.00360
464  0    -0.00714 0.00100 0.00360
465  0    -0.00714 0.00200 0.00360
466  0    -0.00714 -0.00200 0.00240
467  0    -0.00714 -0.00100 0.00240
468  0    -0.00714 0.00000 0.00240
469  0    -0.00714 0.00100 0.00240
470  0    -0.00714 0.00200 0.00240
471  0    -0.00714 -0.00200 0.00120
472  0    -0.00714 -0.00100 0.00120
473  0    -0.00714 0.00000 0.00120
474  0    -0.00714 0.00100 0.00120
475  0    -0.00714 0.00200 0.00120
476  0    -0.00714 -0.00200 0.00000
477  0    -0.00714 -0.00100 0.00000
478  0    -0.00714 0.00000 0.00000
479  0    -0.00714 0.00100 0.00000
480  0    -0.00714 0.00200 0.00000
481  0    -0.00595 -0.00200 0.00600
482  0    -0.00595 -0.00100 0.00600
483  0    -0.00595 0.00000 0.00600
484  0    -0.00595 0.00100 0.00600
485  0    -0.00595 0.00200 0.00600
486  0    -0.00595 -0.00200 0.00480
487  0    -0.00595 -0.00100 0.00480
488  0    -0.00595 0.00000 0.00480
489  0    -0.00595 0.00100 0.00480
490  0    -0.00595 0.00200 0.00480
491  0    -0.00595 -0.00200 0.00360
492  0    -0.00595 -0.00100 0.00360
493  0    -0.00595 0.00000 0.00360
494  0    -0.00595 0.00100 0.00360
495  0    -0.00595 0.00200 0.00360
496  0    -0.00595 -0.00200 0.00240
497  0    -0.00595 -0.00100 0.00240
498  0    -0.00595 0.00000 0.00240
499  0    -0.00595 0.00100 0.00240
500  0    -0.00595 0.00200 0.00240
501  0    -0.00595 -0.00200 0.00120
502  0    -0.00595 -0.00100 0.00120
503  0    -0.00595 0.00000 0.00120
504  0    -0.00595 0.00100 0.00120
505  0    -0.00595 0.00200 0.00120
506  0    -0.00595 -0.00200 0.00000
507  0    -0.00595 -0.00100 0.00000
508  0    -0.00595 0.00000 0.00000
509  0    -0.00595 0.00100 0.00000
510  0    -0.00595 0.00200 0.00000
511  0    -0.00476 -0.00200 0.00600
512  0    -0.00476 -0.00100 0.00600
513  0    -0.00476 0.00000 0.00600
514  0    -0.00476 0.00100 0.00600
515  0    -0.00476 0.00200 0.00600
516  0    -0.00476 -0.00200 0.00480
517  0    -0.00476 -0.00100 0.00480
518  0    -0.00476 0.00000 0.00480
519  0    -0.00476 0.00100 0.00480
520  0    -0.00476 0.00200 0.00480
521  0    -0.00476 -0.00200 0.00360
522  0    -0.00476 -0.00100 0.00360
523  0    -0.00476 0.00000 0.00360
524  0    -0.00476 0.00100 0.00360
525  0    -0.00476 0.00200 0.00360
526  0    -0.00476 -0.00200 0.00240
527  0    -0.00476 -0.00100 0.00240
528  0    -0.00476 0.00000 0.00240
529  0    -0.00476 0.00100 0.00240
530  0    -0.00476 0.00200 0.00240
531  0    -0.00476 -0.00200 0.00120
532  0    -0.00476 -0.00100 0.00120
533  0    -0.00476 0.00000 0.00120
534  0    -0.00476 0.00100 0.00120
535  0    -0.00476 0.00200 0.00120
536  0    -0.00476 -0.00200 0.00000
537  0    -0.00476 -0.00100 0.00000
538  0    -0.00476 0.00000 0.00000
539  0    -0.00476 0.00100 0.00000
540  0    -0.00476 0.00200 0.00000
541  0    -0.00357 -0.00200 0.00600
542  0    -0.00357 -0.00100 0.00600
543  0    -0.00357 0.00000 0.00600
544  0    -0.00357 0.00100 0.00600
545  0    -0.00357 0.00200 0.00600
546  0    -0.00357 -0.00200 0.00480
547  0    -0.00357 -0.00100 0.00480
548  0    -0.00357 0.00000 0.00480
549  0    -0.00357 0.00100 0.00480
550  0    -0.00357 0.00200 0.00480
551  0    -0.00357 -0.00200 0.00360
552  0    -0.00357 -0.00100 0.00360
553  0    -0.00357 0.00000 0.00360
554  0    -0.00357 0.00100 0.00360
555  0    -0.00357 0.00200 0.00360
556  0    -0.00357 -0.00200 0.00240
557  0    -0.00357 -0.00100 0.00240
558  0    -0.00357 0.00000 0.00240
559  0    -0.00357 0.00100 0.00240
560  0    -0.00357 0.00200 0.00240
561  0    -0.00357 -0.00200 0.00120
562  0    -0.00357 -0.00100 0.00120
563  0    -0.00357 0.00000 0.00120
564  0    -0.00357 0.00100 0.00120
565  0    -0.00357 0.00200 0.00120
566  0    -0.00357 -0.00200 0.00000
567  0    -0.00357 -0.00100 0.00000
568  0    -0.00357 0.00000 0.00000
569  0    -0.00357 0.00100 0.00000
570  0    -0.00357 0.00200 0.00000
571  0    -0.00238 -0.00200 0.00600
572  0    -0.00238 -0.00100 0.00600
573  0    -0.00238 0.00000 0.00600
574  0    -0.00238 0.00100 0.00600
575  0    -0.00238 0.00200 0.00600
576  0    -0.00238 -0.00200 0.00480
577  0    -0.00238 -0.00100 0.00480
578  0    -0.00238 0.00000 0.00480
579  0    -0.00238 0.00100 0.00480
580  0    -0.00238 0.00200 0.00480
581  0    -0.00238 -0.00200 0.00360
582  0    -0.00238 -0.00100 0.00360
583  0    -0.00238 0.00000 0.00360
584  0    -0.00238 0.00100 0.00360
585  0    -0.00238 0.00200 0.00360
586  0    -0.00238 -0.00200 0.00240
587  0    -0.00238 -0.00100 0.00240
588  0    -0.00238 0.00000 0.00240
589  0    -0.00238 0.00100 0.00240
590  0    -0.00238 0.00200 0.00240
591  0    -0.00238 -0.00200 0.00120
592  0    -0.00238 -0.00100 0.00120
593  0    -0.00238 0.00000 0.00120
594  0    -0.00238 0.00100 0.00120
595  0    -0.00238 0.00200 0.00120
596  0    -0.00238 -0.00200 0.00000
597  0    -0.00238 -0.00100 0.00000
598  0    -0.00238 0.00000 0.00000
599  0    -0.00238 0.00100 0.00000
600  0    -0.00238 0.00200 0.00000
601  0    -0.00119 -0.00200 0.00600
602  0    -0.00119 -0.00100 0.00600
603  0    -0.00119 0.00000 0.00600
604  0    -0.00119 0.00100 0.00600
605  0    -0.00119 0.00200 0.00600
606  0    -0.00119 -0.00200 0.00480
607  0    -0.00119 -0.00100 0.00480
608  0    -0.00119 0.00000 0.00480
609  0    -0.00119 0.00100 0.00480
610  0    -0.00119 0.00200 0.00480
611  0    -0.00119 -0.00200 0.00360
612  0    -0.00119 -0.00100 0.00360
613  0    -0.00119 0.00000 0.00360
614  0    -0.00119 0.00100 0.00360
615  0    -0.00119 0.00200 0.00360
616  0    -0.00119 -0.00200 0.00240
617  0    -0.00119 -0.00100 0.00240
618  0    -0.00119 0.00000 0.00240
619  0    -0.00119 0.00100 0.00240
620  0    -0.00119 0.00200 0.00240
621  0    -0.00119 -0.00200 0.00120
622  0    -0.00119 -0.00100 0.00120
623  0    -0.00119 0.00000 0.00120
624  0    -0.00119 0.00100 0.00120
625  0    -0.00119 0.00200 0.00120
626  0    -0.00119 -0.00200 0.00000
627  0    -0.00119 -0.00100 0.00000
628  0    -0.00119 0.00000 0.00000
629  0    -0.00119 0.00100 0.00000
630  0    -0.00119 0.00200 0.00000
631  1    0.00000 -0.00200 0.00600
632  1    0.00000 -0.00100 0.00600
633  1    0.00000 0.00000 0.00600
634  1    0.00000 0.00100 0.00600
635  1    0.00000 0.00200 0.00600
636  1    0.00000 -0.00200 0.00480
637  1    0.00000 -0.00100 0.00480
638  1    0.00000 0.00000 0.00480
639  1    0.00000 0.00100 0.00480
640  1    0.00000 0.00200 0.00480
641  1    0.00000 -0.00200 0.00360
642  1    0.00000 -0.00100 0.00360
643  1    0.00000 0.00000 0.00360
644  1    0.00000 0.00100 0.00360
645  1    0.00000 0.00200 0.00360
646  1    0.00000 -0.00200 0.00240
647  1    0.00000 -0.00100 0.00240
648  1    0.00000 0.00000 0.00240
649  1    0.00000 0.00100 0.00240
650  1    0.00000 0.00200 0.00240
651  1    0.00000 -0.00200 0.00120
652  1    0.00000 -0.00100 0.00120
653  1    0.00000 0.00000 0.00120
654  1    0.00000 0.00100 0.00120
655  1    0.00000 0.00200 0.00120
656  1    0.00000 -0.00200 0.00000
657  1    0.00000 -0.00100 0.00000
658  1    0.00000 0.00000 0.00000
659  1    0.00000 0.00100 0.00000
660  1    0.00000 0.00200 0.00000
661  0    -0.02468 -0.00200 0.00011
662  0    -0.02468 0.00200 0.00011
663  0    -0.02424 -0.00200 0.00011
664  0    -0.02424 0.00200 0.00011
665  0    -0.02379 -0.00200 0.00011
666  0    -0.02379 0.00200 0.00011
667  0    -0.02335 -0.00200 0.00011
668  0    -0.02335 0.00200 0.00011
669  0    -0.02291 -0.00200 0.00011
670  0    -0.02291 0.00200 0.00011
671  0    -0.02246 -0.00200 0.00011
672  0    -0.02246 0.00200 0.00011
673  0    -0.02202 -0.00200 0.00011
674  0    -0.02202 0.00200 0.00011
675  0    -0.02158 -0.00200 0.00011
676  0    -0.02158 0.00200 0.00011
677  0    -0.02113 -0.00200 0.00011
678  0    -0.02113 0.00200 0.00011
679  0    -0.02069 -0.00200 0.00011
680  0    -0.02069 0.00200 0.00011
681  0    -0.02024 -0.00200 0.00011
682  0    -0.02024 0.00200 0.00011
683  0    -0.01980 -0.00200 0.00011
684  0    -0.01980 0.00200 0.00011
685  0    -0.01936 -0.00200 0.00011
686  0    -0.01936 0.00200 0.00011
687  0    -0.01891 -0.00200 0.00011
688  0    -0.01891 0.00200 0.00011
689  0    -0.01847 -0.00200 0.00011
690  0    -0.01847 0.00200 0.00011
691  0    -0.01803 -0.00200 0.00011
692  0    -0.01803 0.00200 0.00011
693  0    -0.01758 -0.00200 0.00011
694  0    -0.01758 0.00200 0.00011
695  0    -0.01714 -0.00200 0.00011
696  0    -0.01714 0.00200 0.00011
697  0    -0.01670 -0.00200 0.00011
698  0    -0.01670 0.00200 0.00011
699  0    -0.01625 -0.00200 0.00011
700  0    -0.01625 0.00200 0.00011
701  0    -0.01581 -0.00200 0.00011
702  0    -0.01581 0.00200 0.00011
703  0    -0.01537 -0.00200 0.00011
704  0    -0.01537 0.00200 0.00011
705  0    -0.01492 -0.00200 0.00011
706  0    -0.01492 0.00200 0.00011
707  0    -0.01448 -0.00200 0.00011
708  0    -0.01448 0.00200 0.00011
709  0    -0.01404 -0.00200 0.00011
710  0    -0.01404 0.00200 0.00011
711  0    -0.01359 -0.00200 0.00011
712  0    -0.01359 0.00200 0.00011
713  0    -0.01315 -0.00200 0.00011
714  0    -0.01315 0.00200 0.00011
715  0    -0.01270 -0.00200 0.00011
716  0    -0.01270 0.00200 0.00011
717  0    -0.01226 -0.00200 0.00011
718  0    -0.01226 0.00200 0.00011
719  0    -0.01182 -0.00200 0.00011
720  0    -0.01182 0.00200 0.00011
721  0    -0.01137 -0.00200 0.00011
722  0    -0.01137 0.00200 0.00011
723  0    -0.01093 -0.00200 0.00011
724  0    -0.01093 0.00200 0.00011
725  0    -0.01049 -0.00200 0.00011
726  0    -0.01049 0.00200 0.00011
727  0    -0.01004 -0.00200 0.00011
728  0    -0.01004 0.00200 0.00011
729  0    -0.00960 -0.00200 0.00011
730  0    -0.00960 0.00200 0.00011
731  0    -0.00916 -0.00200 0.00011
732  0    -0.00916 0.00200 0.00011
733  0    -0.00871 -0.00200 0.00011
734  0    -0.00871 0.00200 0.00011
735  0    -0.00827 -0.00200 0.00011
736  0    -0.00827 0.00200 0.00011
737  0    -0.00783 -0.00200 0.00011
738  0    -0.00783 0.00200 0.00011
739  0    -0.00738 -0.00200 0.00011
740  0    -0.00738 0.00200 0.00011
741  0    -0.00694 -0.00200 0.00011
742  0    -0.00694 0.00200 0.00011
743  0    -0.00650 -0.00200 0.00011
744  0    -0.00650 0.00200 0.00011
745  0    -0.00605 -0.00200 0.00011
746  0    -0.00605 0.00200 0.00011
747  0    -0.00561 -0.00200 0.00011
748  0    -0.00561 0.00200 0.00011
749  0    -0.00517 -0.00200 0.00011
750  0    -0.00517 0.00200 0.00011
751  0    -0.00472 -0.00200 0.00011
752  0    -0.00472 0.00200 0.00011
753  0    -0.00428 -0.00200 0.00011
754  0    -0.00428 0.00200 0.00011
755  0    -0.00384 -0.00200 0.00011
756  0    -0.00384 0.00200 0.00011
757  0    -0.00339 -0.00200 0.00011
758  0    -0.00339 0.00200 0.00011
759  0    -0.00295 -0.00200 0.00011
760  0    -0.00295 0.00200 0.00011
761  0    -0.00250 -0.00200 0.00011
762  0    -0.00250 0.00200 0.00011
763  0    -0.00206 -0.00200 0.00011
764  0    -0.00206 0.00200 0.00011
765  0    -0.00162 -0.00200 0.00011
766  0    -0.00162 0.00200 0.00011
767  0    -0.00118 -0.00200 0.00011
768  0    -0.00118 0.00200 0.00011
769  0    -0.00073 -0.00200 0.00011
770  0    -0.00073 0.00200 0.00011
771  0    -0.00029 -0.00200 0.00011
772  0    -0.00029 0.00200 0.00011
773  0    -0.02468 -0.00200 0.00100
774  0    -0.02468 0.00200 0.00100
775  0    -0.02424 -0.00200 0.00100
776  0    -0.02424 0.00200 0.00100
777  0    -0.02379 -0.00200 0.00100
778  0    -0.02379 0.00200 0.00100
779  0    -0.02335 -0.00200 0.00100
780  0    -0.02335 0.00200 0.00100
781  0    -0.02291 -0.00200 0.00100
782  0    -0.02291 0.00200 0.00100
783  0    -0.02246 -0.00200 0.00100
784  0    -0.02246 0.00200 0.00100
785  0    -0.02202 -0.00200 0.00100
786  0    -0.02202 0.00200 0.00100
787  0    -0.02158 -0.00200 0.00100
788  0    -0.02158 0.00200 0.00100
789  0    -0.02113 -0.00200 0.00100
790  0    -0.02113 0.00200 0.00100
791  0    -0.02069 -0.00200 0.00100
792  0    -0.02069 0.00200 0.00100
793  0    -0.02024 -0.00200 0.00100
794  0    -0.02024 0.00200 0.00100
795  0    -0.01980 -0.00200 0.00100
796  0    -0.01980 0.00200 0.00100
797  0    -0.01936 -0.00200 0.00100
798  0    -0.01936 0.00200 0.00100
799  0    -0.01891 -0.00200 0.00100
800  0    -0.01891 0.00200 0.00100
801  0    -0.01847 -0.00200 0.00100
802  0    -0.01847 0.00200 0.00100
803  0    -0.01803 -0.00200 0.00100
804  0    -0.01803 0.00200 0.00100
805  0    -0.01758 -0.00200 0.00100
806  0    -0.01758 0.00200 0.00100
807  0    -0.01714 -0.00200 0.00100
808  0    -0.01714 0.00200 0.00100
809  0    -0.01670 -0.00200 0.00100
810  0    -0.01670 0.00200 0.00100
811  0    -0.01625 -0.00200 0.00100
812  0    -0.01625 0.00200 0.00100
813  0    -0.01581 -0.00200 0.00100
814  0    -0.01581 0.00200 0.00100
815  0    -0.01537 -0.00200 0.00100
816  0    -0.01537 0.00200 0.00100
817  0    -0.01492 -0.00200 0.00100
818  0    -0.01492 0.00200 0.00100
819  0    -0.01448 -0.00200 0.00100
820  0    -0.01448 0.00200 0.00100
821  0    -0.01404 -0.00200 0.00100
822  0    -0.01404 0.00200 0.00100
823  0    -0.01359 -0.00200 0.00100
824  0    -0.01359 0.00200 0.00100
825  0    -0.01315 -0.00200 0.00100
826  0    -0.01315 0.00200 0.00100
827  0    -0.01270 -0.00200 0.00100
828  0    -0.01270 0.00200 0.00100
829  0    -0.01226 -0.00200 0.00100
830  0    -0.01226 0.00200 0.00100
831  0    -0.01182 -0.00200 0.00100
832  0    -0.01182 0.00200 0.00100
833  0    -0.01137 -0.00200 0.00100
834  0    -0.01137 0.00200 0.00100
835  0    -0.01093 -0.00200 0.00100
836  0    -0.01093 0.00200 0.00100
837  0    -0.01049 -0.00200 0.00100
838  0    -0.01049 0.00200 0.00100
839  0    -0.01004 -0.00200 0.00100
840  0    -0.01004 0.00200 0.00100
841  0    -0.00960 -0.00200 0.00100
842  0    -0.00960 0.00200 0.00100
843  0    -0.00916 -0.00200 0.00100
844  0    -0.00916 0.00200 0.00100
845  0    -0.00871 -0.00200 0.00100
846  0    -0.00871 0.00200 0.00100
847  0    -0.00827 -0.00200 0.00100
848  0    -0.00827 0.00200 0.00100
849  0    -0.00783 -0.00200 0.00100
850  0    -0.00783 0.00200 0.00100
851  0    -0.00738 -0.00200 0.00100
852  0    -0.00738 0.00200 0.00100
853  0    -0.00694 -0.00200 0.00100
854  0    -0.00694 0.00200 0.00100
855  0    -0.00650 -0.00200 0.00100
856  0    -0.00650 0.00200 0.00100
857  0    -0.00605 -0.00200 0.00100
858  0    -0.00605 0.00200 0.00100
859  0    -0.00561 -0.00200 0.00100
860  0    -0.00561 0.00200 0.00100
861  0    -0.00517 -0.00200 0.00100
862  0    -0.00517 0.00200 0.00100
863  0    -0.00472 -0.00200 0.00100
864  0    -0.00472 0.00200 0.00100
865  0    -0.00428 -0.00200 0.00100
866  0    -0.00428 0.00200 0.00100
867  0    -0.00384 -0.00200 0.00100
868  0    -0.00384 0.00200 0.00100
869  0    -0.00339 -0.00200 0.00100
870  0    -0.00339 0.00200 0.00100
871  0    -0.00295 -0.00200 0.00100
872  0    -0.00295 0.00200 0.00100
873  0    -0.00250 -0.00200 0.00100
874  0    -0.00250 0.00200 0.00100
875  0    -0.00206 -0.00200 0.00100
876  0    -0.00206 0.00200 0.00100
877  0    -0.00162 -0.00200 0.00100
878  0    -0.00162 0.00200 0.00100
879  0    -0.00118 -0.00200 0.00100
880  0    -0.00118 0.00200 0.00100
881  0    -0.00073 -0.00200 0.00100
882  0    -0.00073 0.00200 0.00100
883  0    -0.00029 -0.00200 0.00100
884  0    -0.00029 0.00200 0.00100
885  0    -0.02468 -0.00200 0.00188
886  0    -0.02468 0.00200 0.00188
887  0    -0.02424 -0.00200 0.00188
888  0    -0.02424 0.00200 0.00188
889  0    -0.02379 -0.00200 0.00188
890  0    -0.02379 0.00200 0.00188
891  0    -0.02335 -0.00200 0.00188
892  0    -0.02335 0.00200 0.00188
893  0    -0.02291 -0.00200 0.00188
894  0    -0.02291 0.00200 0.00188
895  0    -0.02246 -0.00200 0.00188
896  0    -0.02246 0.00200 0.00188
897  0    -0.02202 -0.00200 0.00188
898  0    -0.02202 0.00200 0.00188
899  0    -0.02158 -0.00200 0.00188
900  0    -0.02158 0.00200 0.00188
901  0    -0.02113 -0.00200 0.00188
902  0    -0.02113 0.00200 0.00188
903  0    -0.02069 -0.00200 0.00188
904  0    -0.02069 0.00200 0.00188
905  0    -0.02024 -0.00200 0.00188
906  0    -0.02024 0.00200 0.00188
907  0    -0.01980 -0.00200 0.00188
908  0    -0.01980 0.00200 0.00188
909  0    -0.01936 -0.00200 0.00188
910  0    -0.01936 0.00200 0.00188
911  0    -0.01891 -0.00200 0.00188
912  0    -0.01891 0.00200 0.00188
913  0    -0.01847 -0.00200 0.00188
914  0    -0.01847 0.00200 0.00188
915  0    -0.01803 -0.00200 0.00188
916  0    -0.01803 0.00200 0.00188
917  0    -0.01758 -0.00200 0.00188
918  0    -0.01758 0.00200 0.00188
919  0    -0.01714 -0.00200 0.00188
920  0    -0.01714 0.00200 0.00188
921  0    -0.01670 -0.00200 0.00188
922  0    -0.01670 0.00200 0.00188
923  0    -0.01625 -0.00200 0.00188
924  0    -0.01625 0.00200 0.00188
925  0    -0.01581 -0.00200 0.00188
926  0    -0.01581 0.00200 0.00188
927  0    -0.01537 -0.00200 0.00188
928  0    -0.01537 0.00200 0.00188
929  0    -0.01492 -0.00200 0.00188
930  0    -0.01492 0.00200 0.00188
931  0    -0.01448 -0.00200 0.00188
932  0    -0.01448 0.00200 0.00188
933  0    -0.01404 -0.00200 0.00188
934  0    -0.01404 0.00200 0.00188
935  0    -0.01359 -0.00200 0.00188
936  0    -0.01359 0.00200 0.00188
937  0    -0.01315 -0.00200 0.00188
938  0    -0.01315 0.00200 0.00188
939  0    -0.01270 -0.00200 0.00188
940  0    -0.01270 0.00200 0.00188
941  0    -0.01226 -0.00200 0.00188
942  0    -0.01226 0.00200 0.00188
943  0    -0.01182 -0.00200 0.00188
944  0    -0.01182 0.00200 0.00188
945  0    -0.01137 -0.00200 0.00188
946  0    -0.01137 0.00200 0.00188
947  0    -0.01093 -0.00200 0.00188
948  0    -0.01093 0.00200 0.00188
949  0    -0.01049 -0.00200 0.00188
950  0    -0.01049 0.00200 0.00188
951  0    -0.01004 -0.00200 0.00188
952  0    -0.01004 0.00200 0.00188
953  0    -0.00960 -0.00200 0.00188
954  0    -0.00960 0.00200 0.00188
955  0    -0.00916 -0.00200 0.00188
956  0    -0.00916 0.00200 0.00188
957  0    -0.00871 -0.00200 0.00188
958  0    -0.00871 0.00200 0.00188
959  0    -0.00827 -0.00200 0.00188
960  0    -0.00827 0.00200 0.00188
961  0    -0.00783 -0.00200 0.00188
962  0    -0.00783 0.00200 0.00188
963  0    -0.00738 -0.00200 0.00188
964  0    -0.00738 0.00200 0.00188
965  0    -0.00694 -0.00200 0.00188
966  0    -0.00694 0.00200 0.00188
967  0    -0.00650 -0.00200 0.00188
968  0    -0.00650 0.00200 0.00188
969  0    -0.00605 -0.00200 0.00188
970  0    -0.00605 0.00200 0.00188
971  0    -0.00561 -0.00200 0.00188
972  0    -0.00561 0.00200 0.00188
973  0    -0.00517 -0.00200 0.00188
974  0    -0.00517 0.00200 0.00188
975  0    -0.00472 -0.00200 0.00188
976  0    -0.00472 0.00200 0.00188
977  0    -0.00428 -0.00200 0.00188
978  0    -0.00428 0.00200 0.00188
979  0    -0.00384 -0.00200 0.00188
980  0    -0.00384 0.00200 0.00188
981  0    -0.00339 -0.00200 0.00188
982  0    -0.00339 0.00200 0.00188
983  0    -0.00295 -0.00200 0.00188
984  0    -0.00295 0.00200 0.00188
985  0    -0.00250 -0.00200 0.00188
986  0    -0.00250 0.00200 0.00188
987  0    -0.00206 -0.00200 0.00188
988  0    -0.00206 0.00200 0.00188
989  0    -0.00162 -0.00200 0.00188
990  0    -0.00162 0.00200 0.00188
991  0    -0.00118 -0.00200 0.00188
992  0    -0.00118 0.00200 0.00188
993  0    -0.00073 -0.00200 0.00188
994  0    -0.00073 0.00200 0.00188
995  0    -0.00029 -0.00200 0.00188
996  0    -0.00029 0.00200 0.00188
997  0    -0.02468 -0.00200 0.00277
998  0    -0.02468 0.00200 0.00277
999  0    -0.02424 -0.00200 0.00277
1000 0    -0.02424 0.00200 0.00277
1001 0    -0.02379 -0.00200 0.00277
1002 0    -0.02379 0.00200 0.00277
1003 0    -0.02335 -0.00200 0.00277
1004 0    -0.02335 0.00200 0.00277
1005 0    -0.02291 -0.00200 0.00277
1006 0    -0.02291 0.00200 0.00277
1007 0    -0.02246 -0.00200 0.00277
1008 0    -0.02246 0.00200 0.00277
1009 0    -0.02202 -0.00200 0.00277
1010 0    -0.02202 0.00200 0.00277
1011 0    -0.02158 -0.00200 0.00277
1012 0    -0.02158 0.00200 0.00277
1013 0    -0.02113 -0.00200 0.00277
1014 0    -0.02113 0.00200 0.00277
1015 0    -0.02069 -0.00200 0.00277
1016 0    -0.02069 0.00200 0.00277
1017 0    -0.02024 -0.00200 0.00277
1018 0    -0.02024 0.00200 0.00277
1019 0    -0.01980 -0.00200 0.00277
1020 0    -0.01980 0.00200 0.00277
1021 0    -0.01936 -0.00200 0.00277
1022 0    -0.01936 0.00200 0.00277
1023 0    -0.01891 -0.00200 0.00277
1024 0    -0.01891 0.00200 0.00277
1025 0    -0.01847 -0.00200 0.00277
1026 0    -0.01847 0.00200 0.00277
1027 0    -0.01803 -0.00200 0.00277
1028 0    -0.01803 0.00200 0.00277
1029 0    -0.01758 -0.00200 0.00277
1030 0    -0.01758 0.00200 0.00277
1031 0    -0.01714 -0.00200 0.00277
1032 0    -0.01714 0.00200 0.00277
1033 0    -0.01670 -0.00200 0.00277
1034 0    -0.01670 0.00200 0.00277
1035 0    -0.01625 -0.00200 0.00277
1036 0    -0.01625 0.00200 0.00277
1037 0    -0.01581 -0.00200 0.00277
1038 0    -0.01581 0.00200 0.00277
1039 0    -0.01537 -0.00200 0.00277
1040 0    -0.01537 0.00200 0.00277
1041 0    -0.01492 -0.00200 0.00277
1042 0    -0.01492 0.00200 0.00277
1043 0    -0.01448 -0.00200 0.00277
1044 0    -0.01448 0.00200 0.00277
1045 0    -0.01404 -0.00200 0.00277
1046 0    -0.01404 0.00200 0.00277
1047 0    -0.01359 -0.00200 0.00277
1048 0    -0.01359 0.00200 0.00277
1049 0    -0.01315 -0.00200 0.00277
1050 0    -0.01315 0.00200 0.00277
1051 0    -0.01270 -0.00200 0.00277
1052 0    -0.01270 0.00200 0.00277
1053 0    -0.01226 -0.00200 0.00277
1054 0    -0.01226 0.00200 0.00277
1055 0    -0.01182 -0.00200 0.00277
1056 0    -0.01182 0.00200 0.00277
1057 0    -0.01137 -0.00200 0.00277
1058 0    -0.01137 0.00200 0.00277
1059 0    -0.01093 -0.00200 0.00277
1060 0    -0.01093 0.00200 0.00277
1061 0    -0.01049 -0.00200 0.00277
1062 0    -0.01049 0.00200 0.00277
1063 0    -0.01004 -0.00200 0.00277
1064 0    -0.01004 0.00200 0.00277
1065 0    -0.00960 -0.00200 0.00277
1066 0    -0.00960 0.00200 0.00277
1067 0    -0.00916 -0.00200 0.00277
1068 0    -0.00916 0.00200 0.00277
1069 0    -0.00871 -0.00200 0.00277
1070 0    -0.00871 0.00200 0.00277
1071 0    -0.00827 -0.00200 0.00277
1072 0    -0.00827 0.00200 0.00277
1073 0    -0.00783 -0.00200 0.00277
1074 0    -0.00783 0.00200 0.00277
1075 0    -0.00738 -0.00200 0.00277
1076 0    -0.00738 0.00200 0.00277
1077 0    -0.00694 -0.00200 0.00277
1078 0    -0.00694 0.00200 0.00277
1079 0    -0.00650 -0.00200 0.00277
1080 0    -0.00650 0.00200 0.00277
1081 0    -0.00605 -0.00200 0.00277
1082 0    -0.00605 0.00200 0.00277
1083 0    -0.00561 -0.00200 0.00277
1084 0    -0.00561 0.00200 0.00277
1085 0    -0.00517 -0.00200 0.00277
1086 0    -0.00517 0.00200 0.00277
1087 0    -0.00472 -0.00200 0.00277
1088 0    -0.00472 0.00200 0.00277
1089 0    -0.00428 -0.00200 0.00277
1090 0    -0.00428 0.00200 0.00277
1091 0    -0.00384 -0.00200 0.00277
1092 0    -0.00384 0.00200 0.00277
1093 0    -0.00339 -0.00200 0.00277
1094 0    -0.00339 0.00200 0.00277
1095 0    -0.00295 -0.00200 0.00277
1096 0    -0.00295 0.00200 0.00277
1097 0    -0.00250 -0.00200 0.00277
1098 0    -0.00250 0.00200 0.00277
1099 0    -0.00206 -0.00200 0.00277
1100 0    -0.00206 0.00200 0.00277
1101 0    -0.00162 -0.00200 0.00277
1102 0    -0.00162 0.00200 0.00277
1103 0    -0.00118 -0.00200 0.00277
1104 0    -0.00118 0.00200 0.00277
1105 0    -0.00073 -0.00200 0.00277
1106 0    -0.00073 0.00200 0.00277
1107 0    -0.00029 -0.00200 0.00277
1108 0    -0.00029 0.00200 0.00277
1109 0    -0.02468 -0.00200 0.00366
1110 0    -0.02468 0.00200 0.00366
1111 0    -0.02424 -0.00200 0.00366
1112 0    -0.02424 0.00200 0.00366
1113 0    -0.02379 -0.00200 0.00366
1114 0    -0.02379 0.00200 0.00366
1115 0    -0.02335 -0.00200 0.00366
1116 0    -0.02335 0.00200 0.00366
1117 0    -0.02291 -0.00200 0.00366
1118 0    -0.02291 0.00200 0.00366
1119 0    -0.02246 -0.00200 0.00366
1120 0    -0.02246 0.00200 0.00366
1121 0    -0.02202 -0.00200 0.00366
1122 0    -0.02202 0.00200 0.00366
1123 0    -0.02158 -0.00200 0.00366
1124 0    -0.02158 0.00200 0.00366
1125 0    -0.02113 -0.00200 0.00366
1126 0    -0.02113 0.00200 0.00366
1127 0    -0.02069 -0.00200 0.00366
1128 0    -0.02069 0.00200 0.00366
1129 0    -0.02024 -0.00200 0.00366
1130 0    -0.02024 0.00200 0.00366
1131 0    -0.01980 -0.00200 0.00366
1132 0    -0.01980 0.00200 0.00366
1133 0    -0.01936 -0.00200 0.00366
1134 0    -0.01936 0.00200 0.00366
1135 0    -0.01891 -0.00200 0.00366
1136 0    -0.01891 0.00200 0.00366
1137 0    -0.01847 -0.00200 0.00366
1138 0    -0.01847 0.00200 0.00366
1139 0    -0.01803 -0.00200 0.00366
1140 0    -0.01803 0.00200 0.00366
1141 0    -0.01758 -0.00200 0.00366
1142 0    -0.01758 0.00200 0.00366
1143 0    -0.01714 -0.00200 0.00366
1144 0    -0.01714 0.00200 0.00366
1145 0    -0.01670 -0.00200 0.00366
1146 0    -0.01670 0.00200 0.00366
1147 0    -0.01625 -0.00200 0.00366
1148 0    -0.01625 0.00200 0.00366
1149 0    -0.01581 -0.00200 0.00366
1150 0    -0.01581 0.00200 0.00366
1151 0    -0.01537 -0.00200 0.00366
1152 0    -0.01537 0.00200 0.00366
1153 0    -0.01492 -0.00200 0.00366
1154 0    -0.01492 0.00200 0.00366
1155 0    -0.01448 -0.00200 0.00366
1156 0    -0.01448 0.00200 0.00366
1157 0    -0.01404 -0.00200 0.00366
1158 0    -0.01404 0.00200 0.00366
1159 0    -0.01359 -0.00200 0.00366
1160 0    -0.01359 0.00200 0.00366
1161 0    -0.01315 -0.00200 0.00366
1162 0    -0.01315 0.00200 0.00366
1163 0    -0.01270 -0.00200 0.00366
1164 0    -0.01270 0.00200 0.00366
1165 0    -0.01226 -0.00200 0.00366
1166 0    -0.01226 0.00200 0.00366
1167 0    -0.01182 -0.00200 0.00366
1168 0    -0.01182 0.00200 0.00366
1169 0    -0.01137 -0.00200 0.00366
1170 0    -0.01137 0.00200 0.00366
1171 0    -0.01093 -0.00200 0.00366
1172 0    -0.01093 0.00200 0.00366
1173 0    -0.01049 -0.00200 0.00366
1174 0    -0.01049 0.00200 0.00366
1175 0    -0.01004 -0.00200 0.00366
1176 0    -0.01004 0.00200 0.00366
1177 0    -0.00960 -0.00200 0.00366
1178 0    -0.00960 0.00200 0.00366
1179 0    -0.00916 -0.00200 0.00366
1180 0    -0.00916 0.00200 0.00366
1181 0    -0.00871 -0.00200 0.00366
1182 0    -0.00871 0.00200 0.00366
1183 0    -0.00827 -0.00200 0.00366
1184 0    -0.00827 0.00200 0.00366
1185 0    -0.00783 -0.00200 0.00366
1186 0    -0.00783 0.00200 0.00366
1187 0    -0.00738 -0.00200 0.00366
1188 0    -0.00738 0.00200 0.00366
1189 0    -0.00694 -0.00200 0.00366
1190 0    -0.00694 0.00200 0.00366
1191 0    -0.00650 -0.00200 0.00366
1192 0    -0.00650 0.00200 0.00366
1193 0    -0.00605 -0.00200 0.00366
1194 0    -0.00605 0.00200 0.00366
1195 0    -0.00561 -0.00200 0.00366
1196 0    -0.00561 0.00200 0.00366
1197 0    -0.00517 -0.00200 0.00366
1198 0    -0.00517 0.00200 0.00366
1199 0    -0.00472 -0.00200 0.00366
1200 0    -0.00472 0.00200 0.00366
1201 0    -0.00428 -0.00200 0.00366
1202 0    -0.00428 0.00200 0.00366
1203 0    -0.00384 -0.00200 0.00366
1204 0    -0.00384 0.00200 0.00366
1205 0    -0.00339 -0.00200 0.00366
1206 0    -0.00339 0.00200 0.00366
1207 0    -0.00295 -0.00200 0.00366
1208 0    -0.00295 0.00200 0.00366
1209 0    -0.00250 -0.00200 0.00366
1210 0    -0.00250 0.00200 0.00366
1211 0    -0.00206 -0.00200 0.00366
1212 0    -0.00206 0.00200 0.00366
1213 0    -0.00162 -0.00200 0.00366
1214 0    -0.00162 0.00200 0.00366
1215 0    -0.00118 -0.00200 0.00366
1216 0    -0.00118 0.00200 0.00366
1217 0    -0.00073 -0.00200 0.00366
1218 0    -0.00073 0.00200 0.00366
1219 0    -0.00029 -0.00200 0.00366
1220 0    -0.00029 0.00200 0.00366
1221 0    -0.02468 -0.00200 0.00455
1222 0    -0.02468 0.00200 0.00455
1223 0    -0.02424 -0.00200 0.00455
1224 0    -0.02424 0.00200 0.00455
1225 0    -0.02379 -0.00200 0.00455
1226 0    -0.02379 0.00200 0.00455
1227 0    -0.02335 -0.00200 0.00455
1228 0    -0.02335 0.00200 0.00455
1229 0    -0.02291 -0.00200 0.00455
1230 0    -0.02291 0.00200 0.00455
1231 0    -0.02246 -0.00200 0.00455
1232 0    -0.02246 0.00200 0.00455
1233 0    -0.02202 -0.00200 0.00455
1234 0    -0.02202 0.00200 0.00455
1235 0    -0.02158 -0.00200 0.00455
1236 0    -0.02158 0.00200 0.00455
1237 0    -0.02113 -0.00200 0.00455
1238 0    -0.02113 0.00200 0.00455
1239 0    -0.02069 -0.00200 0.00455
1240 0    -0.02069 0.00200 0.00455
1241 0    -0.02024 -0.00200 0.00455
1242 0    -0.02024 0.00200 0.00455
1243 0    -0.01980 -0.00200 0.00455
1244 0    -0.01980 0.00200 0.00455
1245 0    -0.01936 -0.00200 0.00455
1246 0    -0.01936 0.00200 0.00455
1247 0    -0.01891 -0.00200 0.00455
1248 0    -0.01891 0.00200 0.00455
1249 0    -0.01847 -0.00200 0.00455
1250 0    -0.01847 0.00200 0.00455
1251 0    -0.01803 -0.00200 0.00455
1252 0    -0.01803 0.00200 0.00455
1253 0    -0.01758 -0.00200 0.00455
1254 0    -0.01758 0.00200 0.00455
1255 0    -0.01714 -0.00200 0.00455
1256 0    -0.01714 0.00200 0.00455
1257 0    -0.01670 -0.00200 0.00455
1258 0    -0.01670 0.00200 0.00455
1259 0    -0.01625 -0.00200 0.00455
1260 0    -0.01625 0.00200 0.00455
1261 0    -0.01581 -0.00200 0.00455
1262 0    -0.01581 0.00200 0.00455
1263 0    -0.01537 -0.00200 0.00455
1264 0    -0.01537 0.00200 0.00455
1265 0    -0.01492 -0.00200 0.00455
1266 0    -0.01492 0.00200 0.00455
1267 0    -0.01448 -0.00200 0.00455
1268 0    -0.01448 0.00200 0.00455
1269 0    -0.01404 -0.00200 0.00455
1270 0    -0.01404 0.00200 0.00455
1271 0    -0.01359 -0.00200 0.00455
1272 0    -0.01359 0.00200 0.00455
1273 0    -0.01315 -0.00200 0.00455
1274 0    -0.01315 0.00200 0.00455
1275 0    -0.01270 -0.00200 0.00455
1276 0    -0.01270 0.00200 0.00455
1277 0    -0.01226 -0.00200 0.00455
1278 0    -0.01226 0.00200 0.00455
1279 0    -0.01182 -0.00200 0.00455
1280 0    -0.01182 0.00200 0.00455
1281 0    -0.01137 -0.00200 0.00455
1282 0    -0.01137 0.00200 0.00455
1283 0    -0.01093 -0.00200 0.00455
1284 0    -0.01093 0.00200 0.00455
1285 0    -0.01049 -0.00200 0.00455
1286 0    -0.01049 0.00200 0.00455
1287 0    -0.01004 -0.00200 0.00455
1288 0    -0.01004 0.00200 0.00455
1289 0    -0.00960 -0.00200 0.00455
1290 0    -0.00960 0.00200 0.00455
1291 0    -0.00916 -0.00200 0.00455
1292 0    -0.00916 0.00200 0.00455
1293 0    -0.00871 -0.00200 0.00455
1294 0    -0.00871 0.00200 0.00455
1295 0    -0.00827 -0.00200 0.00455
1296 0    -0.00827 0.00200 0.00455
1297 0    -0.00783 -0.00200 0.00455
1298 0    -0.00783 0.00200 0.00455
1299 0    -0.00738 -0.00200 0.00455
1300 0    -0.00738 0.00200 0.00455
1301 0    -0.00694 -0.00200 0.00455
1302 0    -0.00694 0.00200 0.00455
1303 0    -0.00650 -0.00200 0.00455
1304 0    -0.00650 0.00200 0.00455
1305 0    -0.00605 -0.00200 0.00455
1306 0    -0.00605 0.00200 0.00455
1307 0    -0.00561 -0.00200 0.00455
1308 0    -0.00561 0.00200 0.00455
1309 0    -0.00517 -0.00200 0.00455
1310 0    -0.00517 0.00200 0.00455
1311 0    -0.00472 -0.00200 0.00455
1312 0    -0.00472 0.00200 0.00455
1313 0    -0.00428 -0.00200 0.00455
1314 0    -0.00428 0.00200 0.00455
1315 0    -0.00384 -0.00200 0.00455
1316 0    -0.00384 0.00200 0.00455
1317 0    -0.00339 -0.00200 0.00455
1318 0    -0.00339 0.00200 0.00455
1319 0    -0.00295 -0.00200 0.00455
1320 0    -0.00295 0.00200 0.00455
1321 0    -0.00250 -0.00200 0.00455
1322 0    -0.00250 0.00200 0.00455
1323 0    -0.00206 -0.00200 0.00455
1324 0    -0.00206 0.00200 0.00455
1325 0    -0.00162 -0.00200 0.00455
1326 0    -0.00162 0.00200 0.00455
1327 0    -0.00118 -0.00200 0.00455
1328 0    -0.00118 0.00200 0.00455
1329 0    -0.00073 -0.00200 0.00455
1330 0    -0.00073 0.00200 0.00455
1331 0    -0.00029 -0.00200 0.00455
1332 0    -0.00029 0.00200 0.00455
1333 0    -0.02468 -0.00200 0.00543
1334 0    -0.02468 0.00200 0.00543
1335 0    -0.02424 -0.00200 0.00543
1336 0    -0.02424 0.00200 0.00543
1337 0    -0.02379 -0.00200 0.00543
1338 0    -0.02379 0.00200 0.00543
1339 0    -0.02335 -0.00200 0.00543
1340 0    -0.02335 0.00200 0.00543
1341 0    -0.02291 -0.00200 0.00543
1342 0    -0.02291 0.00200 0.00543
1343 0    -0.02246 -0.00200 0.00543
1344 0    -0.02246 0.00200 0.00543
1345 0    -0.02202 -0.00200 0.00543
1346 0    -0.02202 0.00200 0.00543
1347 0    -0.02158 -0.00200 0.00543
1348 0    -0.02158 0.00200 0.00543
1349 0    -0.02113 -0.00200 0.00543
1350 0    -0.02113 0.00200 0.00543
1351 0    -0.02069 -0.00200 0.00543
1352 0    -0.02069 0.00200 0.00543
1353 0    -0.02024 -0.00200 0.00543
1354 0    -0.02024 0.00200 0.00543
1355 0    -0.01980 -0.00200 0.00543
1356 0    -0.01980 0.00200 0.00543
1357 0    -0.01936 -0.00200 0.00543
1358 0    -0.01936 0.00200 0.00543
1359 0    -0.01891 -0.00200 0.00543
1360 0    -0.01891 0.00200 0.00543
1361 0    -0.01847 -0.00200 0.00543
1362 0    -0.01847 0.00200 0.00543
1363 0    -0.01803 -0.00200 0.00543
1364 0    -0.01803 0.00200 0.00543
1365 0    -0.01758 -0.00200 0.00543
1366 0    -0.01758 0.00200 0.00543
1367 0    -0.01714 -0.00200 0.00543
1368 0    -0.01714 0.00200 0.00543
1369 0    -0.01670 -0.00200 0.00543
1370 0    -0.01670 0.00200 0.00543
1371 0    -0.01625 -0.00200 0.00543
1372 0    -0.01625 0.00200 0.00543
1373 0    -0.01581 -0.00200 0.00543
1374 0    -0.01581 0.00200 0.00543
1375 0    -0.01537 -0.00200 0.00543
1376 0    -0.01537 0.00200 0.00543
1377 0    -0.01492 -0.00200 0.00543
1378 0    -0.01492 0.00200 0.00543
1379 0    -0.01448 -0.00200 0.00543
1380 0    -0.01448 0.00200 0.00543
1381 0    -0.01404 -0.00200 0.00543
1382 0    -0.01404 0.00200 0.00543
1383 0    -0.01359 -0.00200 0.00543
1384 0    -0.01359 0.00200 0.00543
1385 0    -0.01315 -0.00200 0.00543
1386 0    -0.01315 0.00200 0.00543
1387 0    -0.01270 -0.00200 0.00543
1388 0    -0.01270 0.00200 0.00543
1389 0    -0.01226 -0.00200 0.00543
1390 0    -0.01226 0.00200 0.00543
1391 0    -0.01182 -0.00200 0.00543
1392 0    -0.01182 0.00200 0.00543
1393 0    -0.01137 -0.00200 0.00543
1394 0    -0.01137 0.00200 0.00543
1395 0    -0.01093 -0.00200 0.00543
1396 0    -0.01093 0.00200 0.00543
1397 0    -0.01049 -0.00200 0.00543
1398 0    -0.01049 0.00200 0.00543
1399 0    -0.01004 -0.00200 0.00543
1400 0    -0.01004 0.00200 0.00543
1401 0    -0.00960 -0.00200 0.00543
1402 0    -0.00960 0.00200 0.00543
1403 0    -0.00916 -0.00200 0.00543
1404 0    -0.00916 0.00200 0.00543
1405 0    -0.00871 -0.00200 0.00543
1406 0    -0.00871 0.00200 0.00543
1407 0    -0.00827 -0.00200 0.00543
1408 0    -0.00827 0.00200 0.00543
1409 0    -0.00783 -0.00200 0.00543
1410 0    -0.00783 0.00200 0.00543
1411 0    -0.00738 -0.00200 0.00543
1412 0    -0.00738 0.00200 0.00543
1413 0    -0.00694 -0.00200 0.00543
1414 0    -0.00694 0.00200 0.00543
1415 0    -0.00650 -0.00200 0.00543
1416 0    -0.00650 0.00200 0.00543
1417 0    -0.00605 -0.00200 0.00543
1418 0    -0.00605 0.00200 0.00543
1419 0    -0.00561 -0.00200 0.00543
1420 0    -0.00561 0.00200 0.00543
1421 0    -0.00517 -0.00200 0.00543
1422 0    -0.00517 0.00200 0.00543
1423 0    -0.00472 -0.00200 0.00543
1424 0    -0.00472 0.00200 0.00543
1425 0    -0.00428 -0.00200 0.00543
1426 0    -0.00428 0.00200 0.00543
1427 0    -0.00384 -0.00200 0.00543
1428 0    -0.00384 0.00200 0.00543
1429 0    -0.00339 -0.00200 0.00543
1430 0    -0.00339 0.00200 0.00543
1431 0    -0.00295 -0.00200 0.00543
1432 0    -0.00295 0.00200 0.00543
1433 0    -0.00250 -0.00200 0.00543
1434 0    -0.00250 0.00200 0.00543
1435 0    -0.00206 -0.00200 0.00543
1436 0    -0.00206 0.00200 0.00543
1437 0    -0.00162 -0.00200 0.00543
1438 0    -0.00162 0.00200 0.00543
1439 0    -0.00118 -0.00200 0.00543
1440 0    -0.00118 0.00200 0.00543
1441 0    -0.00073 -0.00200 0.00543
1442 0    -0.00073 0.00200 0.00543
1443 0    -0.00029 -0.00200 0.00543
1444 0    -0.00029 0.00200 0.00543
1445 0    -0.02500 -0.00195 0.00055
1446 0    0.00000 -0.00195 0.00055
1447 0    -0.02500 -0.00151 0.00055
1448 0    0.00000 -0.00151 0.00055
1449 0    -0.02500 -0.00106 0.00055
1450 0    0.00000 -0.00106 0.00055
1451 0    -0.02500 -0.00062 0.00055
1452 0    0.00000 -0.00062 0.00055
1453 0    -0.02500 -0.00017 0.00055
1454 0    0.00000 -0.00017 0.00055
1455 0    -0.02500 0.00027 0.00055
1456 0    0.00000 0.00027 0.00055
1457 0    -0.02500 0.00071 0.00055
1458 0    0.00000 0.00071 0.00055
1459 0    -0.02500 0.00116 0.00055
1460 0    0.00000 0.00116 0.00055
1461 0    -0.02500 0.00160 0.00055
1462 0    0.00000 0.00160 0.00055
1463 0    -0.02500 -0.00195 0.00144
1464 0    0.00000 -0.00195 0.00144
1465 0    -0.02500 -0.00151 0.00144
1466 0    0.00000 -0.00151 0.00144
1467 0    -0.02500 -0.00106 0.00144
1468 0    0.00000 -0.00106 0.00144
1469 0    -0.02500 -0.00062 0.00144
1470 0    0.00000 -0.00062 0.00144
1471 0    -0.02500 -0.00017 0.00144
1472 0    0.00000 -0.00017 0.00144
1473 0    -0.02500 0.00027 0.00144
1474 0    0.00000 0.00027 0.00144
1475 0    -0.02500 0.00071 0.00144
1476 0    0.00000 0.00071 0.00144
1477 0    -0.02500 0.00116 0.00144
1478 0    0.00000 0.00116 0.00144
1479 0    -0.02500 0.00160 0.00144
1480 0    0.00000 0.00160 0.00144
1481 0    -0.02500 -0.00195 0.00233
1482 0    0.00000 -0.00195 0.00233
1483 0    -0.02500 -0.00151 0.00233
1484 0    0.00000 -0.00151 0.00233
1485 0    -0.02500 -0.00106 0.00233
1486 0    0.00000 -0.00106 0.00233
1487 0    -0.02500 -0.00062 0.00233
1488 0    0.00000 -0.00062 0.00233
1489 0    -0.02500 -0.00017 0.00233
1490 0    0.00000 -0.00017 0.00233
1491 0    -0.02500 0.00027 0.00233
1492 0    0.00000 0.00027 0.00233
1493 0    -0.02500 0.00071 0.00233
1494 0    0.00000 0.00071 0.00233
1495 0    -0.02500 0.00116 0.00233
1496 0    0.00000 0.00116 0.00233
1497 0    -0.02500 0.00160 0.00233
1498 0    0.00000 0.00160 0.00233
1499 0    -0.02500 -0.00195 0.00321
1500 0    0.00000 -0.00195 0.00321
1501 0    -0.02500 -0.00151 0.00321
1502 0    0.00000 -0.00151 0.00321
1503 0    -0.02500 -0.00106 0.00321
1504 0    0.00000 -0.00106 0.00321
1505 0    -0.02500 -0.00062 0.00321
1506 0    0.00000 -0.00062 0.00321
1507 0    -0.02500 -0.00017 0.00321
1508 0    0.00000 -0.00017 0.00321
1509 0    -0.02500 0.00027 0.00321
1510 0    0.00000 0.00027 0.00321
1511 0    -0.02500 0.00071 0.00321
1512 0    0.00000 0.00071 0.00321
1513 0    -0.02500 0.00116 0.00321
1514 0    0.00000 0.00116 0.00321
1515 0    -0.02500 0.00160 0.00321
1516 0    0.00000 0.00160 0.00321
1517 0    -0.02500 -0.00195 0.00410
1518 0    0.00000 -0.00195 0.00410
1519 0    -0.02500 -0.00151 0.00410
1520 0    0.00000 -0.00151 0.00410
1521 0    -0.02500 -0.00106 0.00410
1522 0    0.00000 -0.00106 0.00410
1523 0    -0.02500 -0.00062 0.00410
1524 0    0.00000 -0.00062 0.00410
1525 0    -0.02500 -0.00017 0.00410
1526 0    0.00000 -0.00017 0.00410
1527 0    -0.02500 0.00027 0.00410
1528 0    0.00000 0.00027 0.00410
1529 0    -0.02500 0.00071 0.00410
1530 0    0.00000 0.00071 0.00410
1531 0    -0.02500 0.00116 0.00410
1532 0    0.00000 0.00116 0.00410
1533 0    -0.02500 0.00160 0.00410
1534 0    0.00000 0.00160 0.00410
1535 0    -0.02500 -0.00195 0.00499
1536 0    0.00000 -0.00195 0.00499
1537 0    -0.02500 -0.00151 0.00499
1538 0    0.00000 -0.00151 0.00499
1539 0    -0.02500 -0.00106 0.00499
1540 0    0.00000 -0.00106 0.00499
1541 0    -0.02500 -0.00062 0.00499
1542 0    0.00000 -0.00062 0.00499
1543 0    -0.02500 -0.00017 0.00499
1544 0    0.00000 -0.00017 0.00499
1545 0    -0.02500 0.00027 0.00499
1546 0    0.00000 0.00027 0.00499
1547 0    -0.02500 0.00071 0.00499
1548 0    0.00000 0.00071 0.00499
1549 0    -0.02500 0.00116 0.00499
1550 0    0.00000 0.00116 0.00499
1551 0    -0.02500 0.00160 0.00499
1552 0    0.00000 0.00160 0.00499
1553 0    -0.02500 -0.00195 0.00588
1554 0    0.00000 -0.00195 0.00588
1555 0    -0.02500 -0.00151 0.00588
1556 0    0.00000 -0.00151 0.00588
1557 0    -0.02500 -0.00106 0.00588
1558 0    0.00000 -0.00106 0.00588
1559 0    -0.02500 -0.00062 0.00588
1560 0    0.00000 -0.00062 0.00588
1561 0    -0.02500 -0.00017 0.00588
1562 0    0.00000 -0.00017 0.00588
1563 0    -0.02500 0.00027 0.00588
1564 0    0.00000 0.00027 0.00588
1565 0    -0.02500 0.00071 0.00588
1566 0    0.00000 0.00071 0.00588
1567 0    -0.02500 0.00116 0.00588
1568 0    0.00000 0.00116 0.00588
1569 0    -0.02500 0.00160 0.00588
1570 0    0.00000 0.00160 0.00588
420
1   1   0   31  32  37  36  1   2   7   6   
2   1   0   32  33  38  37  2   3   8   7   
3   1   0   33  34  39  38  3   4   9   8   
4   1   0   34  35  40  39  4   5   10  9   
5   1   0   36  37  42  41  6   7   12  11  
6   1   0   37  38  43  42  7   8   13  12  
7   1   0   38  39  44  43  8   9   14  13  
8   1   0   39  40  45  44  9   10  15  14  
9   1   0   41  42  47  46  11  12  17  16  
10  1   0   42  43  48  47  12  13  18  17  
11  1   0   43  44  49  48  13  14  19  18  
12  1   0   44  45  50  49  14  15  20  19  
13  1   0   46  47  52  51  16  17  22  21  
14  1   0   47  48  53  52  17  18  23  22  
15  1   0   48  49  54  53  18  19  24  23  
16  1   0   49  50  55  54  19  20  25  24  
17  1   0   51  52  57  56  21  22  27  26  
18  1   0   52  53  58  57  22  23  28  27  
19  1   0   53  54  59  58  23  24  29  28  
20  1   0   54  55  60  59  24  25  30  29  
21  1   0   61  62  67  66  31  32  37  36  
22  1   0   62  63  68  67  32  33  38  37  
23  1   0   63  64  69  68  33  34  39  38  
24  1   0   64  65  70  69  34  35  40  39  
25  1   0   66  67  72  71  36  37  42  41  
26  1   0   67  68  73  72  37  38  43  42  
27  1   0   68  69  74  73  38  39  44  43  
28  1   0   69  70  75  74  39  40  45  44  
29  1   0   71  72  77  76  41  42  47  46  
30  1   0   72  73  78  77  42  43  48  47  
31  1   0   73  74  79  78  43  44  49  48  
32  1   0   74  75  80  79  44  45  50  49  
33  1   0   76  77  82  81  46  47  52  51  
34  1   0   77  78  83  82  47  48  53  52  
35  1   0   78  79  84  83  48  49  54  53  
36  1   0   79  80  85  84  49  50  55  54  
37  1   0   81  82  87  86  51  52  57  56  
38  1   0   82  83  88  87  52  53  58  57  
39  1   0   83  84  89  88  53  54  59  58  
40  1   0   84  85  90  89  54  55  60  59  
41  1   0   91  92  97  96  61  62  67  66  
42  1   0   92  93  98  97  62  63  68  67  
43  1   0   93  94  99  98  63  64  69  68  
44  1   0   94  95  100 99  64  65  70  69  
45  1   0   96  97  102 101 66  67  72  71  
46  1   0   97  98  103 102 67  68  73  72  
47  1   0   98  99  104 103 68  69  74  73  
48  1   0   99  100 105 104 69  70  75  74  
49  1   0   101 102 107 106 71  72  77  76  
50  1   0   102 103 108 107 72  73  78  77  
51  1   0   103 104 109 108 73  74  79  78  
52  1   0   104 105 110 109 74  75  80  79  
53  1   0   106 107 112 111 76  77  82  81  
54  1   0   107 108 113 112 77  78  83  82  
55  1   0   108 109 114 113 78  79  84  83  
56  1   0   109 110 115 114 79  80  85  84  
57  1   0   111 112 117 116 81  82  87  86  
58  1   0   112 113 118 117 82  83  88  87  
59  1   0   113 114 119 118 83  84  89  88  
60  1   0   114 115 120 119 84  85  90  89  
61  1   0   121 122 127 126 91  92  97  96  
62  1   0   122 123 128 127 92  93  98  97  
63  1   0   123 124 129 128 93  94  99  98  
64  1   0   124 125 130 129 94  95  100 99  
65  1   0   126 127 132 131 96  97  102 101 
66  1   0   127 128 133 132 97  98  103 102 
67  1   0   128 129 134 133 98  99  104 103 
68  1   0   129 130 135 134 99  100 105 104 
69  1   0   131 132 137 136 101 102 107 106 
70  1   0   132 133 138 137 102 103 108 107 
71  1   0   133 134 139 138 103 104 109 108 
72  1   0   134 135 140 139 104 105 110 109 
73  1   0   136 137 142 141 106 107 112 111 
74  1   0   137 138 143 142 107 108 113 112 
75  1   0   138 139 144 143 108 109 114 113 
76  1   0   139 140 145 144 109 110 115 114 
77  1   0   141 142 147 146 111 112 117 116 
78  1   0   142 143 148 147 112 113 118 117 
79  1   0   143 144 149 148 113 114 119 118 
80  1   0   144 145 150 149 114 115 120 119 
81  1   0   151 152 157 156 121 122 127 126 
82  1   0   152 153 158 157 122 123 128 127 
83  1   0   153 154 159 158 123 124 129 128 
84  1   0   154 155 160 159 124 125 130 129 
85  1   0   156 157 162 161 126 127 132 131 
86  1   0   157 158 163 162 127 128 133 132 
87  1   0   158 159 164 163 128 129 134 133 
88  1   0   159 160 165 164 129 130 135 134 
89  1   0   161 162 167 166 131 132 137 136 
90  1   0   162 163 168 167 132 133 138 137 
91  1   0   163 164 169 168 133 134 139 138 
92  1   0   164 165 170 169 134 135 140 139 
93  1   0   166 167 172 171 136 137 142 141 
94  1   0   167 168 173 172 137 138 143 142 
95  1   0   168 169 174 173 138 139 144 143 
96  1   0   169 170 175 174 139 140 145 144 
97  1   0   171 172 177 176 141 142 147 146 
98  1   0   172 173 178 177 142 143 148 147 
99  1   0   173 174 179 178 143 144 149 148 
100 1   0   174 175 180 179 144 145 150 149 
101 1   0   181 182 187 186 151 152 157 156 
102 1   0   182 183 188 187 152 153 158 157 
103 1   0   183 184 189 188 153 154 159 158 
104 1   0   184 185 190 189 154 155 160 159 
105 1   0   186 187 192 191 156 157 162 161 
106 1   0   187 188 193 192 157 158 163 162 
107 1   0   188 189 194 193 158 159 164 163 
108 1   0   189 190 195 194 159 160 165 164 
109 1   0   191 192 197 196 161 162 167 166 
110 1   0   192 193 198 197 162 163 168 167 
111 1   0   193 194 199 198 163 164 169 168 
112 1   0   194 195 200 199 164 165 170 169 
113 1   0   196 197 202 201 166 167 172 171 
114 1   0   197 198 203 202 167 168 173 172 
115 1   0   198 199 204 203 168 169 174 173 
116 1   0   199 200 205 204 169 170 175 174 
117 1   0   201 202 207 206 171 172 177 176 
118 1   0   202 203 208 207 172 173 178 177 
119 1   0   203 204 209 208 173 174 179 178 
120 1   0   204 205 210 209 174 175 180 179 
121 1   0   211 212 217 216 181 182 187 186 
122 1   0   212 213 218 217 182 183 188 187 
123 1   0   213 214 219 218 183 184 189 188 
124 1   0   214 215 220 219 184 185 190 189 
125 1   0   216 217 222 221 186 187 192 191 
126 1   0   217 218 223 222 187 188 193 192 
127 1   0   218 219 224 223 188 189 194 193 
128 1   0   219 220 225 224 189 190 195 194 
129 1   0   221 222 227 226 191 192 197 196 
130 1   0   222 223 228 227 192 193 198 197 
131 1   0   223 224 229 228 193 194 199 198 
132 1   0   224 225 230 229 194 195 200 199 
133 1   0   226 227 232 231 196 197 202 201 
134 1   0   227 228 233 232 197 198 203 202 
135 1   0   228 229 234 233 198 199 204 203 
136 1   0   229 230 235 234 199 200 205 204 
137 1   0   231 232 237 236 201 202 207 206 
138 1   0   232 233 238 237 202 203 208 207 
139 1   0   233 234 239 238 203 204 209 208 
140 1   0   234 235 240 239 204 205 210 209 
141 1   0   241 242 247 246 211 212 217 216 
142 1   0   242 243 248 247 212 213 218 217 
143 1   0   243 244 249 248 213 214 219 218 
144 1   0   244 245 250 249 214 215 220 219 
145 1   0   246 247 252 251 216 217 222 221 
146 1   0   247 248 253 252 217 218 223 222 
147 1   0   248 249 254 253 218 219 224 223 
148 1   0   249 250 255 254 219 220 225 224 
149 1   0   251 252 257 256 221 222 227 226 
150 1   0   252 253 258 257 222 223 228 227 
151 1   0   253 254 259 258 223 224 229 228 
152 1   0   254 255 260 259 224 225 230 229 
153 1   0   256 257 262 261 226 227 232 231 
154 1   0   257 258 263 262 227 228 233 232 
155 1   0   258 259 264 263 228 229 234 233 
156 1   0   259 260 265 264 229 230 235 234 
157 1   0   261 262 267 266 231 232 237 236 
158 1   0   262 263 268 267 232 233 238 237 
159 1   0   263 264 269 268 233 234 239 238 
160 1   0   264 265 270 269 234 235 240 239 
161 1   0   271 272 277 276 241 242 247 246 
162 1   0   272 273 278 277 242 243 248 247 
163 1   0   273 274 279 278 243 244 249 248 
164 1   0   274 275 280 279 244 245 250 249 
165 1   0   276 277 282 281 246 247 252 251 
166 1   0   277 278 283 282 247 248 253 252 
167 1   0   278 279 284 283 248 249 254 253 
168 1   0   279 280 285 284 249 250 255 254 
169 1   0   281 282 287 286 251 252 257 256 
170 1   0   282 283 288 287 252 253 258 257 
171 1   0   283 284 289 288 253 254 259 258 
172 1   0   284 285 290 289 254 255 260 259 
173 1   0   286 287 292 291 256 257 262 261 
174 1   0   287 288 293 292 257 258 263 262 
175 1   0   288 289 294 293 258 259 264 263 
176 1   0   289 290 295 294 259 260 265 264 
177 1   0   291 292 297 296 261 262 267 266 
178 1   0   292 293 298 297 262 263 268 267 
179 1   0   293 294 299 298 263 264 269 268 
180 1   0   294 295 300 299 264 265 270 269 
181 1   0   301 302 307 306 271 272 277 276 
182 1   0   302 303 308 307 272 273 278 277 
183 1   0   303 304 309 308 273 274 279 278 
184 1   0   304 305 310 309 274 275 280 279 
185 1   0   306 307 312 311 276 277 282 281 
186 1   0   307 308 313 312 277 278 283 282 
187 1   0   308 309 314 313 278 279 284 283 
188 1   0   309 310 315 314 279 280 285 284 
189 1   0   311 312 317 316 281 282 287 286 
190 1   0   312 313 318 317 282 283 288 287 
191 1   0   313 314 319 318 283 284 289 288 
192 1   0   314 315 320 319 284 285 290 289 
193 1   0   316 317 322 321 286 287 292 291 
194 1   0   317 318 323 322 287 288 293 292 
195 1   0   318 319 324 323 288 289 294 293 
196 1   0   319 320 325 324 289 290 295 294 
197 1   0   321 322 327 326 291 292 297 296 
198 1   0   322 323 328 327 292 293 298 297 
199 1   0   323 324 329 328 293 294 299 298 
200 1   0   324 325 330 329 294 295 300 299 
201 1   0   331 332 337 336 301 302 307 306 
202 1   0   332 333 338 337 302 303 308 307 
203 1   0   333 334 339 338 303 304 309 308 
204 1   0   334 335 340 339 304 305 310 309 
205 1   0   336 337 342 341 306 307 312 311 
206 1   0   337 338 343 342 307 308 313 312 
207 1   0   338 339 344 343 308 309 314 313 
208 1   0   339 340 345 344 309 310 315 314 
209 1   0   341 342 347 346 311 312 317 316 
210 1   0   342 343 348 347 312 313 318 317 
211 1   0   343 344 349 348 313 314 319 318 
212 1   0   344 345 350 349 314 315 320 319 
213 1   0   346 347 352 351 316 317 322 321 
214 1   0   347 348 353 352 317 318 323 322 
215 1   0   348 349 354 353 318 319 324 323 
216 1   0   349 350 355 354 319 320 325 324 
217 1   0   351 352 357 356 321 322 327 326 
218 1   0   352 353 358 357 322 323 328 327 
219 1   0   353 354 359 358 323 324 329 328 
220 1   0   354 355 360 359 324 325 330 329 
221 1   0   361 362 367 366 331 332 337 336 
222 1   0   362 363 368 367 332 333 338 337 
223 1   0   363 364 369 368 333 334 339 338 
224 1   0   364 365 370 369 334 335 340 339 
225 1   0   366 367 372 371 336 337 342 341 
226 1   0   367 368 373 372 337 338 343 342 
227 1   0   368 369 374 373 338 339 344 343 
228 1   0   369 370 375 374 339 340 345 344 
229 1   0   371 372 377 376 341 342 347 346 
230 1   0   372 373 378 377 342 343 348 347 
231 1   0   373 374 379 378 343 344 349 348 
232 1   0   374 375 380 379 344 345 350 349 
233 1   0   376 377 382 381 346 347 352 351 
234 1   0   377 378 383 382 347 348 353 352 
235 1   0   378 379 384 383 348 349 354 353 
236 1   0   379 380 385 384 349 350 355 354 
237 1   0   381 382 387 386 351 352 357 356 
238 1   0   382 383 388 387 352 353 358 357 
239 1   0   383 384 389 388 353 354 359 358 
240 1   0   384 385 390 389 354 355 360 359 
241 1   0   391 392 397 396 361 362 367 366 
242 1   0   392 393 398 397 362 363 368 367 
243 1   0   393 394 399 398 363 364 369 368 
244 1   0   394 395 400 399 364 365 370 369 
245 1   0   396 397 402 401 366 367 372 371 
246 1   0   397 398 403 402 367 368 373 372 
247 1   0   398 399 404 403 368 369 374 373 
248 1   0   399 400 405 404 369 370 375 374 
249 1   0   401 402 407 406 371 372 377 376 
250 1   0   402 403 408 407 372 373 378 377 
251 1   0   403 404 409 408 373 374 379 378 
252 1   0   404 405 410 409 374 375 380 379 
253 1   0   406 407 412 411 376 377 382 381 
254 1   0   407 408 413 412 377 378 383 382 
255 1   0   408 409 414 413 378 379 384 383 
256 1   0   409 410 415 414 379 380 385 384 
257 1   0   411 412 417 416 381 382 387 386 
258 1   0   412 413 418 417 382 383 388 387 
259 1   0   413 414 419 418 383 384 389 388 
260 1   0   414 415 420 419 384 385 390 389 
261 1   0   421 422 427 426 391 392 397 396 
262 1   0   422 423 428 427 392 393 398 397 
263 1   0   423 424 429 428 393 394 399 398 
264 1   0   424 425 430 429 394 395 400 399 
265 1   0   426 427 432 431 396 397 402 401 
266 1   0   427 428 433 432 397 398 403 402 
267 1   0   428 429 434 433 398 399 404 403 
268 1   0   429 430 435 434 399 400 405 404 
269 1   0   431 432 437 436 401 402 407 406 
270 1   0   432 433 438 437 402 403 408 407 
271 1   0   433 434 439 438 403 404 409 408 
272 1   0   434 435 440 439 404 405 410 409 
273 1   0   436 437 442 441 406 407 412 411 
274 1   0   437 438 443 442 407 408 413 412 
275 1   0   438 439 444 443 408 409 414 413 
276 1   0   439 440 445 444 409 410 415 414 
277 1   0   441 442 447 446 411 412 417 416 
278 1   0   442 443 448 447 412 413 418 417 
279 1   0   443 444 449 448 413 414 419 418 
280 1   0   444 445 450 449 414 415 420 419 
281 1   0   451 452 457 456 421 422 427 426 
282 1   0   452 453 458 457 422 423 428 427 
283 1   0   453 454 459 458 423 424 429 428 
284 1   0   454 455 460 459 424 425 430 429 
285 1   0   456 457 462 461 426 427 432 431 
286 1   0   457 458 463 462 427 428 433 432 
287 1   0   458 459 464 463 428 429 434 433 
288 1   0   459 460 465 464 429 430 435 434 
289 1   0   461 462 467 466 431 432 437 436 
290 1   0   462 463 468 467 432 433 438 437 
291 1   0   463 464 469 468 433 434 439 438 
292 1   0   464 465 470 469 434 435 440 439 
293 1   0   466 467 472 471 436 437 442 441 
294 1   0   467 468 473 472 437 438 443 442 
295 1   0   468 469 474 473 438 439 444 443 
296 1   0   469 470 475 474 439 440 445 444 
297 1   0   471 472 477 476 441 442 447 446 
298 1   0   472 473 478 477 442 443 448 447 
299 1   0   473 474 479 478 443 444 449 448 
300 1   0   474 475 480 479 444 445 450 449 
301 1   0   481 482 487 486 451 452 457 456 
302 1   0   482 483 488 487 452 453 458 457 
303 1   0   483 484 489 488 453 454 459 458 
304 1   0   484 485 490 489 454 455 460 459 
305 1   0   486 487 492 491 456 457 462 461 
306 1   0   487 488 493 492 457 458 463 462 
307 1   0   488 489 494 493 458 459 464 463 
308 1   0   489 490 495 494 459 460 465 464 
309 1   0   491 492 497 496 461 462 467 466 
310 1   0   492 493 498 497 462 463 468 467 
311 1   0   493 494 499 498 463 464 469 468 
312 1   0   494 495 500 499 464 465 470 469 
313 1   0   496 497 502 501 466 467 472 471 
314 1   0   497 498 503 502 467 468 473 472 
315 1   0   498 499 504 503 468 469 474 473 
316 1   0   499 500 505 504 469 470 475 474 
317 1   0   501 502 507 506 471 472 477 476 
318 1   0   502 503 508 507 472 473 478 477 
319 1   0   503 504 509 508 473 474 479 478 
320 1   0   504 505 510 509 474 475 480 479 
321 1   0   511 512 517 516 481 482 487 486 
322 1   0   512 513 518 517 482 483 488 487 
323 1   0   513 514 519 518 483 484 489 488 
324 1   0   514 515 520 519 484 485 490 489 
325 1   0   516 517 522 521 486 487 492 491 
326 1   0   517 518 523 522 487 488 493 492 
327 1   0   518 519 524 523 488 489 494 493 
328 1   0   519 520 525 524 489 490 495 494 
329 1   0   521 522 527 526 491 492 497 496 
330 1   0   522 523 528 527 492 493 498 497 
331 1   0   523 524 529 528 493 494 499 498 
332 1   0   524 525 530 529 494 495 500 499 
333 1   0   526 527 532 531 496 497 502 501 
334 1   0   527 528 533 532 497 498 503 502 
335 1   0   528 529 534 533 498 499 504 503 
336 1   0   529 530 535 534 499 500 505 504 
337 1   0   531 532 537 536 501 502 507 506 
338 1   0   532 533 538 537 502 503 508 507 
339 1   0   533 534 539 538 503 504 509 508 
340 1   0   534 535 540 539 504 505 510 509 
341 1   0   541 542 547 546 511 512 517 516 
342 1   0   542 543 548 547 512 513 518 517 
343 1   0   543 544 549 548 513 514 519 518 
344 1   0   544 545 550 549 514 515 520 519 
345 1   0   546 547 552 551 516 517 522 521 
346 1   0   547 548 553 552 517 518 523 522 
347 1   0   548 549 554 553 518 519 524 523 
348 1   0   549 550 555 554 519 520 525 524 
349 1   0   551 552 557 556 521 522 527 526 
350 1   0   552 553 558 557 522 523 528 527 
351 1   0   553 554 559 558 523 524 529 528 
352 1   0   554 555 560 559 524 525 530 529 
353 1   0   556 557 562 561 526 527 532 531 
354 1   0   557 558 563 562 527 528 533 532 
355 1   0   558 559 564 563 528 529 534 533 
356 1   0   559 560 565 564 529 530 535 534 
357 1   0   561 562 567 566 531 532 537 536 
358 1   0   562 563 568 567 532 533 538 537 
359 1   0   563 564 569 568 533 534 539 538 
360 1   0   564 565 570 569 534 535 540 539 
361 1   0   571 572 577 576 541 542 547 546 
362 1   0   572 573 578 577 542 543 548 547 
363 1   0   573 574 579 578 543 544 549 548 
364 1   0   574 575 580 579 544 545 550 549 
365 1   0   576 577 582 581 546 547 552 551 
366 1   0   577 578 583 582 547 548 553 552 
367 1   0   578 579 584 583 548 549 554 553 
368 1   0   579 580 585 584 549 550 555 554 
369 1   0   581 582 587 586 551 552 557 556 
370 1   0   582 583 588 587 552 553 558 557 
371 1   0   583 584 589 588 553 554 559 558 
372 1   0   584 585 590 589 554 555 560 559 
373 1   0   586 587 592 591 556 557 562 561 
374 1   0   587 588 593 592 557 558 563 562 
375 1   0   588 589 594 593 558 559 564 563 
376 1   0   589 590 595 594 559 560 565 564 
377 1   0   591 592 597 596 561 562 567 566 
378 1   0   592 593 598 597 562 563 568 567 
379 1   0   593 594 599 598 563 564 569 568 
380 1   0   594 595 600 599 564 565 570 569 
381 1   0   601 602 607 606 571 572 577 576 
382 1   0   602 603 608 607 572 573 578 577 
383 1   0   603 604 609 608 573 574 579 578 
384 1   0   604 605 610 609 574 575 580 579 
385 1   0   606 607 612 611 576 577 582 581 
386 1   0   607 608 613 612 577 578 583 582 
387 1   0   608 609 614 613 578 579 584 583 
388 1   0   609 610 615 614 579 580 585 584 
389 1   0   611 612 617 616 581 582 587 586 
390 1   0   612 613 618 617 582 583 588 587 
391 1   0   613 614 619 618 583 584 589 588 
392 1   0   614 615 620 619 584 585 590 589 
393 1   0   616 617 622 621 586 587 592 591 
394 1   0   617 618 623 622 587 588 593 592 
395 1   0   618 619 624 623 588 589 594 593 
396 1   0   619 620 625 624 589 590 595 594 
397 1   0   621 622 627 626 591 592 597 596 
398 1   0   622 623 628 627 592 593 598 597 
399 1   0   623 624 629 628 593 594 599 598 
400 1   0   624 625 630 629 594 595 600 599 
401 1   0   631 632 637 636 601 602 607 606 
402 1   0   632 633 638 637 602 603 608 607 
403 1   0   633 634 639 638 603 604 609 608 
404 1   0   634 635 640 639 604 605 610 609 
405 1   0   636 637 642 641 606 607 612 611 
406 1   0   637 638 643 642 607 608 613 612 
407 1   0   638 639 644 643 608 609 614 613 
408 1   0   639 640 645 644 609 610 615 614 
409 1   0   641 642 647 646 611 612 617 616 
410 1   0   642 643 648 647 612 613 618 617 
411 1   0   643 644 649 648 613 614 619 618 
412 1   0   644 645 650 649 614 615 620 619 
413 1   0   646 647 652 651 616 617 622 621 
414 1   0   647 648 653 652 617 618 623 622 
415 1   0   648 649 654 653 618 619 624 623 
416 1   0   649 650 655 654 619 620 625 624 
417 1   0   651 652 657 656 621 622 627 626 
418 1   0   652 653 658 657 622 623 628 627 
419 1   0   653 654 659 658 623 624 629 628 
420 1   0   654 655 660 659 624 625 630 629 
455
1   1   1   661 662 
2   1   1   663 664 
3   1   1   665 666 
4   1   1   667 668 
5   1   1   669 670 
6   1   1   671 672 
7   1   1   673 674 
8   1   1   675 676 
9   1   1   677 678 
10  1   1   679 680 
11  1   1   681 682 
12  1   1   683 684 
13  1   1   685 686 
14  1   1   687 688 
15  1   1   689 690 
16  1   1   691 692 
17  1   1   693 694 
18  1   1   695 696 
19  1   1   697 698 
20  1   1   699 700 
21  1   1   701 702 
22  1   1   703 704 
23  1   1   705 706 
24  1   1   707 708 
25  1   1   709 710 
26  1   1   711 712 
27  1   1   713 714 
28  1   1   715 716 
29  1   1   717 718 
30  1   1   719 720 
31  1   1   721 722 
32  1   1   723 724 
33  1   1   725 726 
34  1   1   727 728 
35  1   1   729 730 
36  1   1   731 732 
37  1   1   733 734 
38  1   1   735 736 
39  1   1   737 738 
40  1   1   739 740 
41  1   1   741 742 
42  1   1   743 744 
43  1   1   745 746 
44  1   1   747 748 
45  1   1   749 750 
46  1   1   751 752 
47  1   1   753 754 
48  1   1   755 756 
49  1   1   757 758 
50  1   1   759 760 
51  1   1   761 762 
52  1   1   763 764 
53  1   1   765 766 
54  1   1   767 768 
55  1   1   769 770 
56  1   1   771 772 
57  1   1   773 774 
58  1   1   775 776 
59  1   1   777 778 
60  1   1   779 780 
61  1   1   781 782 
62  1   1   783 784 
63  1   1   785 786 
64  1   1   787 788 
65  1   1   789 790 
66  1   1   791 792 
67  1   1   793 794 
68  1   1   795 796 
69  1   1   797 798 
70  1   1   799 800 
71  1   1   801 802 
72  1   1   803 804 
73  1   1   805 806 
74  1   1   807 808 
75  1   1   809 810 
76  1   1   811 812 
77  1   1   813 814 
78  1   1   815 816 
79  1   1   817 818 
80  1   1   819 820 
81  1   1   821 822 
82  1   1   823 824 
83  1   1   825 826 
84  1   1   827 828 
85  1   1   829 830 
86  1   1   831 832 
87  1   1   833 834 
88  1   1   835 836 
89  1   1   837 838 
90  1   1   839 840 
91  1   1   841 842 
92  1   1   843 844 
93  1   1   845 846 
94  1   1   847 848 
95  1   1   849 850 
96  1   1   851 852 
97  1   1   853 854 
98  1   1   855 856 
99  1   1   857 858 
100 1   1   859 860 
101 1   1   861 862 
102 1   1   863 864 
103 1   1   865 866 
104 1   1   867 868 
105 1   1   869 870 
106 1   1   871 872 
107 1   1   873 874 
108 1   1   875 876 
109 1   1   877 878 
110 1   1   879 880 
111 1   1   881 882 
112 1   1   883 884 
113 1   1   885 886 
114 1   1   887 888 
115 1   1   889 890 
116 1   1   891 892 
117 1   1   893 894 
118 1   1   895 896 
119 1   1   897 898 
120 1   1   899 900 
121 1   1   901 902 
122 1   1   903 904 
123 1   1   905 906 
124 1   1   907 908 
125 1   1   909 910 
126 1   1   911 912 
127 1   1   913 914 
128 1   1   915 916 
129 1   1   917 918 
130 1   1   919 920 
131 1   1   921 922 
132 1   1   923 924 
133 1   1   925 926 
134 1   1   927 928 
135 1   1   929 930 
136 1   1   931 932 
137 1   1   933 934 
138 1   1   935 936 
139 1   1   937 938 
140 1   1   939 940 
141 1   1   941 942 
142 1   1   943 944 
143 1   1   945 946 
144 1   1   947 948 
145 1   1   949 950 
146 1   1   951 952 
147 1   1   953 954 
148 1   1   955 956 
149 1   1   957 958 
150 1   1   959 960 
151 1   1   961 962 
152 1   1   963 964 
153 1   1   965 966 
154 1   1   967 968 
155 1   1   969 970 
156 1   1   971 972 
157 1   1   973 974 
158 1   1   975 976 
159 1   1   977 978 
160 1   1   979 980 
161 1   1   981 982 
162 1   1   983 984 
163 1   1   985 986 
164 1   1   987 988 
165 1   1   989 990 
166 1   1   991 992 
167 1   1   993 994 
168 1   1   995 996 
169 1   1   997 998 
170 1   1   999 1000 
171 1   1   1001 1002 
172 1   1   1003 1004 
173 1   1   1005 1006 
174 1   1   1007 1008 
175 1   1   1009 1010 
176 1   1   1011 1012 
177 1   1   1013 1014 
178 1   1   1015 1016 
179 1   1   1017 1018 
180 1   1   1019 1020 
181 1   1   1021 1022 
182 1   1   1023 1024 
183 1   1   1025 1026 
184 1   1   1027 1028 
185 1   1   1029 1030 
186 1   1   1031 1032 
187 1   1   1033 1034 
188 1   1   1035 1036 
189 1   1   1037 1038 
190 1   1   1039 1040 
191 1   1   1041 1042 
192 1   1   1043 1044 
193 1   1   1045 1046 
194 1   1   1047 1048 
195 1   1   1049 1050 
196 1   1   1051 1052 
197 1   1   1053 1054 
198 1   1   1055 1056 
199 1   1   1057 1058 
200 1   1   1059 1060 
201 1   1   1061 1062 
202 1   1   1063 1064 
203 1   1   1065 1066 
204 1   1   1067 1068 
205 1   1   1069 1070 
206 1   1   1071 1072 
207 1   1   1073 1074 
208 1   1   1075 1076 
209 1   1   1077 1078 
210 1   1   1079 1080 
211 1   1   1081 1082 
212 1   1   1083 1084 
213 1   1   1085 1086 
214 1   1   1087 1088 
215 1   1   1089 1090 
216 1   1   1091 1092 
217 1   1   1093 1094 
218 1   1   1095 1096 
219 1   1   1097 1098 
220 1   1   1099 1100 
221 1   1   1101 1102 
222 1   1   1103 1104 
223 1   1   1105 1106 
224 1   1   1107 1108 
225 1   1   1109 1110 
226 1   1   1111 1112 
227 1   1   1113 1114 
228 1   1   1115 1116 
229 1   1   1117 1118 
230 1   1   1119 1120 
231 1   1   1121 1122 
232 1   1   1123 1124 
233 1   1   1125 1126 
234 1   1   1127 1128 
235 1   1   1129 1130 
236 1   1   1131 1132 
237 1   1   1133 1134 
238 1   1   1135 1136 
239 1   1   1137 1138 
240 1   1   1139 1140 
241 1   1   1141 1142 
242 1   1   1143 1144 
243 1   1   1145 1146 
244 1   1   1147 1148 
245 1   1   1149 1150 
246 1   1   1151 1152 
247 1   1   1153 1154 
248 1   1   1155 1156 
249 1   1   1157 1158 
250 1   1   1159 1160 
251 1   1   1161 1162 
252 1   1   1163 1164 
253 1   1   1165 1166 
254 1   1   1167 1168 
255 1   1   1169 1170 
256 1   1   1171 1172 
257 1   1   1173 1174 
258 1   1   1175 1176 
259 1   1   1177 1178 
260 1   1   1179 1180 
261 1   1   1181 1182 
262 1   1   1183 1184 
263 1   1   1185 1186 
264 1   1   1187 1188 
265 1   1   1189 1190 
266 1   1   1191 1192 
267 1   1   1193 1194 
268 1   1   1195 1196 
269 1   1   1197 1198 
270 1   1   1199 1200 
271 1   1   1201 1202 
272 1   1   1203 1204 
273 1   1   1205 1206 
274 1   1   1207 1208 
275 1   1   1209 1210 
276 1   1   1211 1212 
277 1   1   1213 1214 
278 1   1   1215 1216 
279 1   1   1217 1218 
280 1   1   1219 1220 
281 1   1   1221 1222 
282 1   1   1223 1224 
283 1   1   1225 1226 
284 1   1   1227 1228 
285 1   1   1229 1230 
286 1   1   1231 1232 
287 1   1   1233 1234 
288 1   1   1235 1236 
289 1   1   1237 1238 
290 1   1   1239 1240 
291 1   1   1241 1242 
292 1   1   1243 1244 
293 1   1   1245 1246 
294 1   1   1247 1248 
295 1   1   1249 1250 
296 1   1   1251 1252 
297 1   1   1253 1254 
298 1   1   1255 1256 
299 1   1   1257 1258 
300 1   1   1259 1260 
301 1   1   1261 1262 
302 1   1   1263 1264 
303 1   1   1265 1266 
304 1   1   1267 1268 
305 1   1   1269 1270 
306 1   1   1271 1272 
307 1   1   1273 1274 
308 1   1   1275 1276 
309 1   1   1277 1278 
310 1   1   1279 1280 
311 1   1   1281 1282 
312 1   1   1283 1284 
313 1   1   1285 1286 
314 1   1   1287 1288 
315 1   1   1289 1290 
316 1   1   1291 1292 
317 1   1   1293 1294 
318 1   1   1295 1296 
319 1   1   1297 1298 
320 1   1   1299 1300 
321 1   1   1301 1302 
322 1   1   1303 1304 
323 1   1   1305 1306 
324 1   1   1307 1308 
325 1   1   1309 1310 
326 1   1   1311 1312 
327 1   1   1313 1314 
328 1   1   1315 1316 
329 1   1   1317 1318 
330 1   1   1319 1320 
331 1   1   1321 1322 
332 1   1   1323 1324 
333 1   1   1325 1326 
334 1   1   1327 1328 
335 1   1   1329 1330 
336 1   1   1331 1332 
337 1   1   1333 1334 
338 1   1   1335 1336 
339 1   1   1337 1338 
340 1   1   1339 1340 
341 1   1   1341 1342 
342 1   1   1343 1344 
343 1   1   1345 1346 
344 1   1   1347 1348 
345 1   1   1349 1350 
346 1   1   1351 1352 
347 1   1   1353 1354 
348 1   1   1355 1356 
349 1   1   1357 1358 
350 1   1   1359 1360 
351 1   1   1361 1362 
352 1   1   1363 1364 
353 1   1   1365 1366 
354 1   1   1367 1368 
355 1   1   1369 1370 
356 1   1   1371 1372 
357 1   1   1373 1374 
358 1   1   1375 1376 
359 1   1   1377 1378 
360 1   1   1379 1380 
361 1   1   1381 1382 
362 1   1   1383 1384 
363 1   1   1385 1386 
364 1   1   1387 1388 
365 1   1   1389 1390 
366 1   1   1391 1392 
367 1   1   1393 1394 
368 1   1   1395 1396 
369 1   1   1397 1398 
370 1   1   1399 1400 
371 1   1   1401 1402 
372 1   1   1403 1404 
373 1   1   1405 1406 
374 1   1   1407 1408 
375 1   1   1409 1410 
376 1   1   1411 1412 
377 1   1   1413 1414 
378 1   1   1415 1416 
379 1   1   1417 1418 
380 1   1   1419 1420 
381 1   1   1421 1422 
382 1   1   1423 1424 
383 1   1   1425 1426 
384 1   1   1427 1428 
385 1   1   1429 1430 
386 1   1   1431 1432 
387 1   1   1433 1434 
388 1   1   1435 1436 
389 1   1   1437 1438 
390 1   1   1439 1440 
391 1   1   1441 1442 
392 1   1   1443 1444 
393 1   1   1445 1446 
394 1   1   1447 1448 
395 1   1   1449 1450 
396 1   1   1451 1452 
397 1   1   1453 1454 
398 1   1   1455 1456 
399 1   1   1457 1458 
400 1   1   1459 1460 
401 1   1   1461 1462 
402 1   1   1463 1464 
403 1   1   1465 1466 
404 1   1   1467 1468 
405 1   1   1469 1470 
406 1   1   1471 1472 
407 1   1   1473 1474 
408 1   1   1475 1476 
409 1   1   1477 1478 
410 1   1   1479 1480 
411 1   1   1481 1482 
412 1   1   1483 1484 
413 1   1   1485 1486 
414 1   1   1487 1488 
415 1   1   1489 1490 
416 1   1   1491 1492 
417 1   1   1493 1494 
418 1   1   1495 1496 
419 1   1   1497 1498 
420 1   1   1499 1500 
421 1   1   1501 1502 
422 1   1   1503 1504 
423 1   1   1505 1506 
424 1   1   1507 1508 
425 1   1   1509 1510 
426 1   1   1511 1512 
427 1   1   1513 1514 
428 1   1   1515 1516 
429 1   1   1517 1518 
430 1   1   1519 1520 
431 1   1   1521 1522 
432 1   1   1523 1524 
433 1   1   1525 1526 
434 1   1   1527 1528 
435 1   1   1529 1530 
436 1   1   1531 1532 
437 1   1   1533 1534 
438 1   1   1535 1536 
439 1   1   1537 1538 
440 1   1   1539 1540 
441 1   1   1541 1542 
442 1   1   1543 1544 
443 1   1   1545 1546 
444 1   1   1547 1548 
445 1   1   1549 1550 
446 1   1   1551 1552 
447 1   1   1553 1554 
448 1   1   1555 1556 
449 1   1   1557 1558 
450 1   1   1559 1560 
451 1   1   1561 1562 
452 1   1   1563 1564 
453 1   1   1565 1566 
454 1   1   1567 1568 
455 1   1   1569 1570 
1
1 1 1100E5 4.23e8 6.34e8
1
1 2 1100E5 1.1e9 0.3 1.1349E-07 2E6 1
0.1000
0 30 0 0.0 0.0 0.0
631 1   0.00050 
632 1   0.00050 
633 1   0.00050 
634 1   0.00050 
635 1   0.00050 
636 1   0.00050 
637 1   0.00050 
638 1   0.00050 
639 1   0.00050 
640 1   0.00050 
641 1   0.00050 
642 1   0.00050 
643 1   0.00050 
644 1   0.00050 
645 1   0.00050 
646 1   0.00050 
647 1   0.00050 
648 1   0.00050 
649 1   0.00050 
650 1   0.00050 
651 1   0.00050 
652 1   0.00050 
653 1   0.00050 
654 1   0.00050 
655 1   0.00050 
656 1   0.00050 
657 1   0.00050 
658 1   0.00050 
659 1   0.00050 
660 1   0.00050 
1 20.0 1.0 25 1.e-6 0.0 0.0 1 1 3 2