1.79730e-04 2.11481e-05  1.31454e-05 1.31454e-05 
3.59461e-04 3.37817e-05  3.31200e-05 4.53690e-05 
5.39124e-04 5.50889e-05  5.00234e-05 8.39363e-05 
7.18562e-04 7.51593e-05  6.72761e-05 1.21293e-04 
8.98022e-04 9.20219e-05  8.50481e-05 1.56056e-04 
1.07735e-03 1.06408e-04  1.04267e-04 1.89703e-04 
1.25670e-03 1.19736e-04  1.24807e-04 2.23461e-04 
1.43607e-03 1.34055e-04  1.44619e-04 2.57597e-04 
1.61554e-03 1.50145e-04  1.63166e-04 2.92302e-04 
1.79500e-03 1.68031e-04  1.80973e-04 3.28060e-04 
1.97448e-03 1.87490e-04  1.98741e-04 3.65382e-04 
2.15401e-03 2.07781e-04  2.17450e-04 4.04391e-04 
2.33358e-03 2.28361e-04  2.37106e-04 4.44652e-04 
2.51316e-03 2.48561e-04  2.57615e-04 4.85276e-04 
2.69273e-03 2.68656e-04  2.77553e-04 5.25267e-04 
2.87232e-03 2.88777e-04  2.96095e-04 5.63994e-04 
3.05187e-03 3.08405e-04  3.13858e-04 6.01397e-04 
3.23141e-03 3.27573e-04  3.31006e-04 6.37780e-04 
3.41097e-03 3.45778e-04  3.48410e-04 6.73472e-04 
3.59050e-03 3.62396e-04  3.67096e-04 7.08747e-04 
3.77004e-03 3.78164e-04  3.86627e-04 7.44018e-04 
3.94958e-03 3.94132e-04  4.06438e-04 7.79790e-04 
4.12910e-03 4.11028e-04  4.26215e-04 8.16426e-04 
4.30861e-03 4.29482e-04  4.45376e-04 8.54059e-04 
4.48815e-03 4.49446e-04  4.64041e-04 8.92716e-04 
4.66769e-03 4.70633e-04  4.82520e-04 9.32392e-04 
4.84726e-03 4.92694e-04  5.00933e-04 9.72903e-04 
5.02682e-03 5.14701e-04  5.19686e-04 1.01366e-03 
5.20637e-03 5.35992e-04  5.38601e-04 1.05382e-03 
5.38592e-03 5.56542e-04  5.56974e-04 1.09275e-03 
5.56545e-03 5.76177e-04  5.74882e-04 1.13034e-03 
5.74499e-03 5.94570e-04  5.92974e-04 1.16686e-03 
5.92453e-03 6.11546e-04  6.11697e-04 1.20258e-03 
6.10407e-03 6.27078e-04  6.31198e-04 1.23759e-03 
6.28360e-03 6.41628e-04  6.51094e-04 1.27199e-03 
6.46317e-03 6.56135e-04  6.70747e-04 1.30614e-03 
6.64273e-03 6.71426e-04  6.89922e-04 1.34063e-03 
6.82230e-03 6.87917e-04  7.08811e-04 1.37604e-03 
7.00187e-03 7.05422e-04  7.27899e-04 1.41269e-03 
7.18141e-03 7.23129e-04  7.47939e-04 1.45048e-03 
7.36095e-03 7.40067e-04  7.69603e-04 1.48911e-03 
7.54048e-03 7.55437e-04  7.93342e-04 1.52826e-03 
7.71999e-03 7.68334e-04  8.19822e-04 1.56772e-03 
7.89952e-03 7.77486e-04  8.50170e-04 1.60730e-03 
8.07906e-03 7.81514e-04  8.85565e-04 1.64676e-03 
8.25860e-03 7.79496e-04  9.26664e-04 1.68584e-03 
8.43816e-03 7.71360e-04  9.73339e-04 1.72433e-03 
8.61773e-03 7.57832e-04  1.02484e-03 1.76224e-03 
8.79727e-03 7.40086e-04  1.08011e-03 1.79970e-03 
8.97681e-03 7.19365e-04  1.13804e-03 1.83684e-03 
9.15637e-03 6.96693e-04  1.19765e-03 1.87375e-03 
9.33591e-03 6.72719e-04  1.25835e-03 1.91046e-03 
9.51546e-03 6.48021e-04  1.31977e-03 1.94713e-03 
9.69499e-03 6.23662e-04  1.38107e-03 1.98400e-03 
9.87453e-03 6.00918e-04  1.44110e-03 2.02126e-03 
1.00541e-02 5.80308e-04  1.49931e-03 2.05888e-03 
1.02336e-02 5.61329e-04  1.55599e-03 2.09661e-03 
1.04132e-02 5.43220e-04  1.61155e-03 2.13407e-03 
1.05927e-02 5.25586e-04  1.66609e-03 2.17098e-03 
1.07722e-02 5.08263e-04  1.71971e-03 2.20732e-03 
1.09518e-02 4.91065e-04  1.77279e-03 2.24322e-03 
1.11313e-02 4.73859e-04  1.82574e-03 2.27899e-03 
1.13108e-02 4.56556e-04  1.87891e-03 2.31490e-03 
1.14903e-02 4.38803e-04  1.93292e-03 2.35123e-03 
1.16699e-02 4.19960e-04  1.98868e-03 2.38818e-03 
1.18494e-02 3.99633e-04  2.04676e-03 2.42591e-03 
1.20289e-02 3.78163e-04  2.10684e-03 2.46445e-03 
1.22084e-02 3.56556e-04  2.16774e-03 2.50365e-03 
1.23879e-02 3.36060e-04  2.22788e-03 2.54321e-03 
1.25674e-02 3.17641e-04  2.28591e-03 2.58280e-03 
1.27469e-02 3.01447e-04  2.34139e-03 2.62213e-03 
1.29263e-02 2.86652e-04  2.39502e-03 2.66105e-03 
1.31058e-02 2.72093e-04  2.44800e-03 2.69952e-03 
1.32852e-02 2.57101e-04  2.50102e-03 2.73756e-03 
1.34647e-02 2.41471e-04  2.55435e-03 2.77530e-03 
1.36442e-02 2.24798e-04  2.60859e-03 2.81294e-03 
1.38237e-02 2.06478e-04  2.66472e-03 2.85078e-03 
1.40032e-02 1.86596e-04  2.72307e-03 2.88919e-03 
1.41826e-02 1.66374e-04  2.78277e-03 2.92858e-03 
1.43621e-02 1.47439e-04  2.84246e-03 2.96928e-03 
1.45416e-02 1.30857e-04  2.90132e-03 3.01156e-03 
1.47210e-02 1.17061e-04  2.95918e-03 3.05562e-03 
1.49005e-02 1.06237e-04  3.01605e-03 3.10170e-03 
1.50800e-02 9.81398e-05  3.07243e-03 3.15009e-03 
1.52595e-02 9.16055e-05  3.12992e-03 3.20119e-03 
1.54390e-02 8.50060e-05  3.19075e-03 3.25551e-03 
1.56184e-02 7.76941e-05  3.25622e-03 3.31363e-03 
1.57979e-02 7.07945e-05  3.32574e-03 3.37616e-03 
1.59774e-02 6.61547e-05  3.39790e-03 3.44366e-03 
1.61568e-02 6.45264e-05  3.47236e-03 3.51657e-03 
1.63363e-02 6.50290e-05  3.55034e-03 3.59516e-03 
1.65158e-02 6.63390e-05  3.63332e-03 3.67947e-03 
1.66953e-02 6.80429e-05  3.72154e-03 3.76933e-03 
1.68748e-02 7.06937e-05  3.81404e-03 3.86441e-03 
1.70543e-02 7.48789e-05  3.90975e-03 3.96428e-03 
1.72337e-02 8.06680e-05  4.00817e-03 4.06846e-03 
1.74132e-02 8.80543e-05  4.10884e-03 4.17645e-03 
1.75926e-02 9.76423e-05  4.21062e-03 4.28771e-03 
1.77720e-02 1.10590e-04  4.31176e-03 4.40170e-03 
1.79514e-02 1.27883e-04  4.41069e-03 4.51788e-03 
1.81308e-02 1.49802e-04  4.50669e-03 4.63581e-03 
1.83103e-02 1.75892e-04  4.59988e-03 4.75514e-03 
1.84897e-02 2.05040e-04  4.69115e-03 4.87566e-03 
1.86691e-02 2.35654e-04  4.78198e-03 4.99719e-03 
1.88486e-02 2.66376e-04  4.87356e-03 5.11948e-03 
1.90280e-02 2.96866e-04  4.96585e-03 5.24219e-03 
1.92074e-02 3.27536e-04  5.05784e-03 5.36482e-03 
1.93868e-02 3.58296e-04  5.14900e-03 5.48678e-03 
1.95662e-02 3.88009e-04  5.23994e-03 5.60750e-03 
1.97456e-02 4.15421e-04  5.33158e-03 5.72656e-03 
1.99250e-02 4.40204e-04  5.42404e-03 5.84379e-03 
2.01044e-02 4.62649e-04  5.51706e-03 5.95927e-03 
2.02838e-02 4.82699e-04  5.61090e-03 6.07321e-03 
2.04632e-02 4.99928e-04  5.70630e-03 6.18584e-03 
2.06426e-02 5.14509e-04  5.80331e-03 6.29735e-03 
2.08221e-02 5.27704e-04  5.90070e-03 6.40783e-03 
2.10015e-02 5.41089e-04  5.99681e-03 6.51728e-03 
2.11809e-02 5.55395e-04  6.09089e-03 6.62570e-03 
2.13603e-02 5.70279e-04  6.18341e-03 6.73316e-03 
2.15398e-02 5.85084e-04  6.27523e-03 6.83982e-03 
2.17192e-02 5.99527e-04  6.36683e-03 6.94587e-03 
2.18986e-02 6.13601e-04  6.45840e-03 7.05155e-03 
2.20780e-02 6.27149e-04  6.55032e-03 7.15705e-03 
2.22574e-02 6.39932e-04  6.64304e-03 7.26255e-03 
2.24367e-02 6.52010e-04  6.73667e-03 7.36825e-03 
2.26161e-02 6.63653e-04  6.83116e-03 7.47441e-03 
2.27956e-02 6.74845e-04  6.92690e-03 7.58141e-03 
2.29750e-02 6.85269e-04  7.02472e-03 7.68968e-03 
2.31544e-02 6.94988e-04  7.12505e-03 7.79970e-03 
2.33338e-02 7.04729e-04  7.22748e-03 7.91183e-03 
2.35132e-02 7.15218e-04  7.33142e-03 8.02626e-03 
2.36926e-02 7.26404e-04  7.43687e-03 8.14294e-03 
2.38720e-02 7.37561e-04  7.54434e-03 8.26159e-03 
2.40514e-02 7.47860e-04  7.65420e-03 8.38175e-03 
2.42308e-02 7.56506e-04  7.76658e-03 8.50280e-03 
2.44102e-02 7.62448e-04  7.88182e-03 8.62403e-03 
2.45896e-02 7.64300e-04  8.00059e-03 8.74470e-03 
2.47690e-02 7.60564e-04  8.12363e-03 8.86405e-03 
2.49483e-02 7.49889e-04  8.25168e-03 8.98145e-03 
2.51277e-02 7.31518e-04  8.38508e-03 9.09644e-03 
2.53071e-02 7.05994e-04  8.52315e-03 9.20886e-03 
2.54865e-02 6.75363e-04  8.66391e-03 9.31884e-03 
2.56658e-02 6.42302e-04  8.80506e-03 9.42683e-03 
2.58451e-02 6.08973e-04  8.94502e-03 9.53342e-03 
2.60244e-02 5.76824e-04  9.08303e-03 9.63924e-03 
2.62037e-02 5.47004e-04  9.21841e-03 9.74476e-03 
2.63831e-02 5.20289e-04  9.35064e-03 9.85029e-03 
2.65624e-02 4.96540e-04  9.48001e-03 9.95600e-03 
2.67417e-02 4.74853e-04  9.60762e-03 1.00620e-02 
2.69210e-02 4.54479e-04  9.73446e-03 1.01685e-02 
2.71003e-02 4.35288e-04  9.86099e-03 1.02758e-02 
2.72796e-02 4.17295e-04  9.98766e-03 1.03846e-02 
2.74590e-02 4.00272e-04  1.01152e-02 1.04951e-02 
2.76383e-02 3.84044e-04  1.02442e-02 1.06079e-02 
2.78176e-02 3.68818e-04  1.03744e-02 1.07228e-02 
2.79969e-02 3.54957e-04  1.05053e-02 1.08398e-02 
2.81762e-02 3.42548e-04  1.06362e-02 1.09583e-02 
2.83555e-02 3.31169e-04  1.07668e-02 1.10775e-02 
2.85348e-02 3.19844e-04  1.08974e-02 1.11969e-02 
2.87141e-02 3.07329e-04  1.10289e-02 1.13158e-02 
2.88934e-02 2.92827e-04  1.11615e-02 1.14340e-02 
2.90728e-02 2.76428e-04  1.12951e-02 1.15511e-02 
2.92521e-02 2.58720e-04  1.14288e-02 1.16671e-02 
2.94314e-02 2.40269e-04  1.15621e-02 1.17819e-02 
2.96107e-02 2.21791e-04  1.16945e-02 1.18957e-02 
2.97900e-02 2.04289e-04  1.18249e-02 1.20086e-02 
2.99693e-02 1.88284e-04  1.19532e-02 1.21210e-02 
3.01487e-02 1.73200e-04  1.20806e-02 1.22334e-02 
3.03280e-02 1.58185e-04  1.22089e-02 1.23468e-02 
3.05073e-02 1.43331e-04  1.23391e-02 1.24621e-02 
3.06866e-02 1.29487e-04  1.24713e-02 1.25805e-02 
3.08660e-02 1.17208e-04  1.26058e-02 1.27028e-02 
3.10453e-02 1.06677e-04  1.27431e-02 1.28295e-02 
3.12246e-02 9.83810e-05  1.28828e-02 1.29608e-02 
3.14039e-02 9.29020e-05  1.30236e-02 1.30962e-02 
3.15832e-02 8.99801e-05  1.31654e-02 1.32350e-02 
3.17625e-02 8.84320e-05  1.33085e-02 1.33767e-02 
3.19418e-02 8.70147e-05  1.34539e-02 1.35207e-02 
3.21211e-02 8.49206e-05  1.36023e-02 1.36670e-02 
3.23004e-02 8.17104e-05  1.37543e-02 1.38159e-02 
3.24797e-02 7.75035e-05  1.39106e-02 1.39680e-02 
3.26591e-02 7.32426e-05  1.40710e-02 1.41241e-02 
3.28384e-02 7.02398e-05  1.42349e-02 1.42849e-02 
3.30177e-02 6.94225e-05  1.44018e-02 1.44509e-02 
3.31970e-02 7.12485e-05  1.45712e-02 1.46222e-02 
3.33762e-02 7.60309e-05  1.47427e-02 1.47984e-02 
3.35555e-02 8.38829e-05  1.49156e-02 1.49791e-02 
3.37348e-02 9.45502e-05  1.50895e-02 1.51637e-02 
3.39141e-02 1.07702e-04  1.52642e-02 1.53515e-02 
3.40933e-02 1.23303e-04  1.54394e-02 1.55423e-02 
3.42726e-02 1.41592e-04  1.56146e-02 1.57357e-02 
3.44518e-02 1.63056e-04  1.57892e-02 1.59318e-02 
3.46310e-02 1.88524e-04  1.59623e-02 1.61302e-02 
3.48102e-02 2.18788e-04  1.61326e-02 1.63307e-02 
3.49894e-02 2.53767e-04  1.62996e-02 1.65328e-02 
3.51686e-02 2.92274e-04  1.64638e-02 1.67356e-02 
3.53478e-02 3.32660e-04  1.66259e-02 1.69381e-02 
3.55270e-02 3.73168e-04  1.67866e-02 1.71394e-02 
3.57062e-02 4.11744e-04  1.69473e-02 1.73388e-02 
3.58855e-02 4.46288e-04  1.71095e-02 1.75356e-02 
3.60647e-02 4.75563e-04  1.72741e-02 1.77294e-02 
3.62440e-02 4.99598e-04  1.74411e-02 1.79204e-02 
3.64232e-02 5.19141e-04  1.76096e-02 1.81085e-02 
3.66025e-02 5.35059e-04  1.77794e-02 1.82941e-02 
3.67817e-02 5.48128e-04  1.79499e-02 1.84777e-02 
3.69609e-02 5.58926e-04  1.81214e-02 1.86600e-02 
3.71402e-02 5.68033e-04  1.82940e-02 1.88416e-02 
3.73194e-02 5.76688e-04  1.84670e-02 1.90232e-02 
3.74987e-02 5.86895e-04  1.86390e-02 1.92054e-02 
3.76779e-02 6.00247e-04  1.88085e-02 1.93882e-02 
3.78572e-02 6.16785e-04  1.89755e-02 1.95718e-02 
3.80364e-02 6.35345e-04  1.91408e-02 1.97557e-02 
3.82156e-02 6.54497e-04  1.93053e-02 1.99394e-02 
3.83948e-02 6.72669e-04  1.94702e-02 2.01225e-02 
3.85741e-02 6.88177e-04  1.96368e-02 2.03048e-02 
3.87533e-02 7.00106e-04  1.98063e-02 2.04862e-02 
3.89325e-02 7.08826e-04  1.99786e-02 2.06672e-02 
3.91118e-02 7.15017e-04  2.01534e-02 2.08482e-02 
3.92910e-02 7.18789e-04  2.03310e-02 2.10296e-02 
3.94702e-02 7.20453e-04  2.05116e-02 2.12118e-02 
3.96494e-02 7.21323e-04  2.06940e-02 2.13949e-02 
3.98287e-02 7.22613e-04  2.08767e-02 2.15789e-02 
4.00079e-02 7.23920e-04  2.10600e-02 2.17637e-02 
4.01871e-02 7.23632e-04  2.12458e-02 2.19493e-02 
4.03664e-02 7.20507e-04  2.14354e-02 2.21358e-02 
4.05456e-02 7.14225e-04  2.16294e-02 2.23235e-02 
4.07249e-02 7.04999e-04  2.18277e-02 2.25125e-02 
4.09041e-02 6.93505e-04  2.20299e-02 2.27032e-02 
4.10833e-02 6.80787e-04  2.22349e-02 2.28954e-02 
4.12625e-02 6.67494e-04  2.24417e-02 2.30889e-02 
4.14417e-02 6.53332e-04  2.26499e-02 2.32830e-02 
4.16210e-02 6.37574e-04  2.28597e-02 2.34770e-02 
4.18002e-02 6.19715e-04  2.30707e-02 2.36701e-02 
4.19794e-02 5.99494e-04  2.32824e-02 2.38615e-02 
4.21585e-02 5.76889e-04  2.34945e-02 2.40510e-02 
4.23377e-02 5.52402e-04  2.37064e-02 2.42384e-02 
4.25169e-02 5.26913e-04  2.39175e-02 2.44240e-02 
4.26961e-02 5.01191e-04  2.41274e-02 2.46082e-02 
4.28752e-02 4.76049e-04  2.43359e-02 2.47915e-02 
4.30544e-02 4.52695e-04  2.45421e-02 2.49743e-02 
4.32335e-02 4.32075e-04  2.47453e-02 2.51568e-02 
4.34126e-02 4.13880e-04  2.49459e-02 2.53393e-02 
4.35917e-02 3.96930e-04  2.51451e-02 2.55216e-02 
4.37708e-02 3.80425e-04  2.53439e-02 2.57040e-02 
4.39499e-02 3.64095e-04  2.55427e-02 2.58864e-02 
4.41290e-02 3.47426e-04  2.57421e-02 2.60693e-02 
4.43081e-02 3.29705e-04  2.59433e-02 2.62528e-02 
4.44873e-02 3.10777e-04  2.61467e-02 2.64372e-02 
4.46664e-02 2.91018e-04  2.63520e-02 2.66227e-02 
4.48456e-02 2.70714e-04  2.65588e-02 2.68092e-02 
4.50247e-02 2.50152e-04  2.67668e-02 2.69966e-02 
4.52039e-02 2.30044e-04  2.69754e-02 2.71850e-02 
4.53830e-02 2.11167e-04  2.71837e-02 2.73745e-02 
4.55621e-02 1.93821e-04  2.73918e-02 2.75652e-02 
4.57413e-02 1.78216e-04  2.75999e-02 2.77577e-02 
4.59204e-02 1.65016e-04  2.78078e-02 2.79524e-02 
4.60996e-02 1.54882e-04  2.80150e-02 2.81494e-02 
4.62787e-02 1.47771e-04  2.82215e-02 2.83489e-02 
4.64579e-02 1.43172e-04  2.84278e-02 2.85506e-02 
4.66370e-02 1.40723e-04  2.86339e-02 2.87542e-02 
4.68161e-02 1.40132e-04  2.88396e-02 2.89594e-02 
4.69953e-02 1.40705e-04  2.90455e-02 2.91659e-02 
4.71744e-02 1.41306e-04  2.92527e-02 2.93738e-02 
4.73535e-02 1.40693e-04  2.94625e-02 2.95831e-02 
4.75327e-02 1.37895e-04  2.96762e-02 2.97940e-02 
4.77118e-02 1.32581e-04  2.98943e-02 3.00068e-02 
4.78909e-02 1.25060e-04  3.01167e-02 3.02217e-02 
4.80701e-02 1.15782e-04  3.03432e-02 3.04388e-02 
4.82492e-02 1.05162e-04  3.05734e-02 3.06584e-02 
4.84284e-02 9.41447e-05  3.08066e-02 3.08805e-02 
4.86075e-02 8.43677e-05  3.10413e-02 3.11054e-02 
4.87866e-02 7.70967e-05  3.12765e-02 3.13333e-02 
4.89658e-02 7.22930e-05  3.15125e-02 3.15645e-02 
4.91449e-02 6.92082e-05  3.17505e-02 3.17996e-02 
4.93241e-02 6.75476e-05  3.19914e-02 3.20388e-02 
4.95032e-02 6.76567e-05  3.22351e-02 3.22826e-02 
4.96823e-02 7.01045e-05  3.24813e-02 3.25312e-02 
4.98614e-02 7.56736e-05  3.27297e-02 3.27851e-02 
5.00405e-02 8.54091e-05  3.29791e-02 3.30442e-02 
5.02196e-02 1.00132e-04  3.32286e-02 3.33084e-02 
5.03987e-02 1.20001e-04  3.34779e-02 3.35775e-02 
5.05777e-02 1.44681e-04  3.37265e-02 3.38508e-02 
5.07568e-02 1.73631e-04  3.39742e-02 3.41274e-02 
5.09359e-02 2.06194e-04  3.42206e-02 3.44064e-02 
5.11149e-02 2.41789e-04  3.44653e-02 3.46866e-02 
5.12940e-02 2.80078e-04  3.47075e-02 3.49671e-02 
5.14731e-02 3.20607e-04  3.49469e-02 3.52470e-02 
5.16521e-02 3.62407e-04  3.51840e-02 3.55259e-02 
5.18312e-02 4.04264e-04  3.54194e-02 3.58033e-02 
5.20103e-02 4.45065e-04  3.56539e-02 3.60787e-02 
5.21894e-02 4.83514e-04  3.58885e-02 3.63518e-02 
5.23684e-02 5.17929e-04  3.61245e-02 3.66223e-02 
5.25475e-02 5.46919e-04  3.63631e-02 3.68898e-02 
5.27266e-02 5.70139e-04  3.66044e-02 3.71543e-02 
5.29056e-02 5.88178e-04  3.68479e-02 3.74159e-02 
5.30847e-02 6.02089e-04  3.70929e-02 3.76747e-02 
5.32638e-02 6.13186e-04  3.73385e-02 3.79314e-02 
5.34428e-02 6.22691e-04  3.75840e-02 3.81863e-02 
5.36219e-02 6.31198e-04  3.78293e-02 3.84401e-02 
5.38010e-02 6.38840e-04  3.80747e-02 3.86932e-02 
5.39800e-02 6.45984e-04  3.83201e-02 3.89457e-02 
5.41591e-02 6.53212e-04  3.85651e-02 3.91979e-02 
5.43382e-02 6.60681e-04  3.88097e-02 3.94501e-02 
5.45173e-02 6.68227e-04  3.90546e-02 3.97025e-02 
5.46964e-02 6.76098e-04  3.92996e-02 3.99554e-02 
5.48754e-02 6.84911e-04  3.95447e-02 4.02093e-02 
5.50545e-02 6.94869e-04  3.97897e-02 4.04643e-02 
5.52335e-02 7.05572e-04  4.00355e-02 4.07208e-02 
5.54125e-02 7.16306e-04  4.02825e-02 4.09786e-02 
5.55916e-02 7.25893e-04  4.05318e-02 4.12376e-02 
5.57706e-02 7.32599e-04  4.07848e-02 4.14974e-02 
5.59497e-02 7.35017e-04  4.10425e-02 4.17575e-02 
5.61288e-02 7.32903e-04  4.13049e-02 4.20177e-02 
5.63078e-02 7.26725e-04  4.15710e-02 4.22776e-02 
5.64869e-02 7.16877e-04  4.18404e-02 4.25372e-02 
5.66659e-02 7.03896e-04  4.21128e-02 4.27965e-02 
5.68450e-02 6.88830e-04  4.23871e-02 4.30557e-02 
5.70240e-02 6.72575e-04  4.26628e-02 4.33151e-02 
5.72031e-02 6.55227e-04  4.29402e-02 4.35753e-02 
5.73822e-02 6.36603e-04  4.32201e-02 4.38365e-02 
5.75612e-02 6.17037e-04  4.35022e-02 4.40991e-02 
5.77403e-02 5.97228e-04  4.37860e-02 4.43630e-02 
5.79193e-02 5.77704e-04  4.40708e-02 4.46282e-02 
5.80983e-02 5.58783e-04  4.43558e-02 4.48943e-02 
5.82773e-02 5.40698e-04  4.46406e-02 4.51609e-02 
5.84563e-02 5.23476e-04  4.49245e-02 4.54276e-02 
5.86353e-02 5.06915e-04  4.52075e-02 4.56941e-02 
5.88143e-02 4.90666e-04  4.54897e-02 4.59600e-02 
5.89933e-02 4.74095e-04  4.57713e-02 4.62251e-02 
5.91723e-02 4.56367e-04  4.60528e-02 4.64889e-02 
5.93513e-02 4.37112e-04  4.63343e-02 4.67511e-02 
5.95303e-02 4.16789e-04  4.66148e-02 4.70112e-02 
5.97093e-02 3.96039e-04  4.68935e-02 4.72691e-02 
5.98882e-02 3.75148e-04  4.71702e-02 4.75249e-02 
6.00672e-02 3.54504e-04  4.74451e-02 4.77791e-02 
6.02462e-02 3.34963e-04  4.77181e-02 4.80326e-02 
6.04251e-02 3.17138e-04  4.79895e-02 4.82863e-02 
6.06041e-02 3.00720e-04  4.82605e-02 4.85409e-02 
6.07831e-02 2.84844e-04  4.85325e-02 4.87972e-02 
6.09621e-02 2.68668e-04  4.88068e-02 4.90553e-02 
6.11411e-02 2.51407e-04  4.90840e-02 4.93153e-02 
6.13201e-02 2.32598e-04  4.93647e-02 4.95772e-02 
6.14991e-02 2.12771e-04  4.96484e-02 4.98410e-02 
6.16781e-02 1.93360e-04  4.99339e-02 5.01070e-02 
6.18571e-02 1.75714e-04  5.02200e-02 5.03754e-02 
6.20361e-02 1.60651e-04  5.05062e-02 5.06465e-02 
6.22151e-02 1.48829e-04  5.07918e-02 5.09202e-02 
6.23941e-02 1.40728e-04  5.10759e-02 5.11962e-02 
6.25731e-02 1.36125e-04  5.13582e-02 5.14740e-02 
6.27521e-02 1.34162e-04  5.16391e-02 5.17530e-02 
6.29310e-02 1.33836e-04  5.19192e-02 5.20327e-02 
6.31100e-02 1.33951e-04  5.21994e-02 5.23132e-02 
6.32890e-02 1.33051e-04  5.24816e-02 5.25945e-02 
6.34679e-02 1.30230e-04  5.27670e-02 5.28772e-02 
6.36469e-02 1.25831e-04  5.30559e-02 5.31616e-02 
6.38259e-02 1.20762e-04  5.33477e-02 5.34483e-02 
6.40049e-02 1.15471e-04  5.36423e-02 5.37377e-02 
6.41839e-02 1.10072e-04  5.39400e-02 5.40300e-02 
6.43628e-02 1.04859e-04  5.42407e-02 5.43255e-02 
6.45418e-02 1.00006e-04  5.45447e-02 5.46246e-02 
6.47208e-02 9.52944e-05  5.48523e-02 5.49276e-02 
6.48998e-02 9.07853e-05  5.51639e-02 5.52346e-02 
6.50788e-02 8.72858e-05  5.54787e-02 5.55458e-02 
6.52577e-02 8.56464e-05  5.57955e-02 5.58609e-02 
6.54367e-02 8.61105e-05  5.61139e-02 5.61798e-02 
6.56156e-02 8.87612e-05  5.64335e-02 5.65020e-02 
6.57945e-02 9.39843e-05  5.67535e-02 5.68272e-02 
6.59734e-02 1.02015e-04  5.70736e-02 5.71553e-02 
6.61523e-02 1.12545e-04  5.73939e-02 5.74861e-02 
6.63312e-02 1.25187e-04  5.77147e-02 5.78196e-02 
6.65101e-02 1.39958e-04  5.80359e-02 5.81556e-02 
6.66890e-02 1.57081e-04  5.83570e-02 5.84937e-02 
6.68680e-02 1.76719e-04  5.86774e-02 5.88338e-02 
6.70469e-02 1.99015e-04  5.89967e-02 5.91754e-02 
6.72258e-02 2.24025e-04  5.93146e-02 5.95182e-02 
6.74047e-02 2.51576e-04  5.96311e-02 5.98623e-02 
6.75836e-02 2.81454e-04  5.99464e-02 6.02075e-02 
6.77625e-02 3.13569e-04  6.02607e-02 6.05539e-02 
6.79414e-02 3.47671e-04  6.05742e-02 6.09016e-02 
6.81203e-02 3.83206e-04  6.08873e-02 6.12502e-02 
6.82992e-02 4.19837e-04  6.12002e-02 6.15997e-02 
6.84781e-02 4.57749e-04  6.15122e-02 6.19495e-02 
6.86570e-02 4.96968e-04  6.18227e-02 6.22994e-02 
6.88358e-02 5.36585e-04  6.21324e-02 6.26487e-02 
6.90147e-02 5.74987e-04  6.24422e-02 6.29970e-02 
6.91936e-02 6.10515e-04  6.27534e-02 6.33438e-02 
6.93725e-02 6.41650e-04  6.30669e-02 6.36885e-02 
6.95514e-02 6.67087e-04  6.33835e-02 6.40304e-02 
6.97303e-02 6.86318e-04  6.37031e-02 6.43692e-02 
6.99092e-02 7.00028e-04  6.40248e-02 6.47046e-02 
7.00881e-02 7.09518e-04  6.43472e-02 6.50364e-02 
7.02670e-02 7.15793e-04  6.46695e-02 6.53650e-02 
7.04459e-02 7.19444e-04  6.49915e-02 6.56906e-02 
7.06248e-02 7.21138e-04  6.53132e-02 6.60140e-02 
7.08037e-02 7.21627e-04  6.56342e-02 6.63356e-02 
7.09826e-02 7.21178e-04  6.59550e-02 6.66560e-02 
7.11615e-02 7.19435e-04  6.62765e-02 6.69757e-02 
7.13404e-02 7.16190e-04  6.65994e-02 6.72954e-02 
7.15193e-02 7.12060e-04  6.69237e-02 6.76156e-02 
7.16982e-02 7.08105e-04  6.72490e-02 6.79369e-02 
7.18771e-02 7.04930e-04  6.75752e-02 6.82600e-02 
7.20560e-02 7.02405e-04  6.79028e-02 6.85851e-02 
7.22349e-02 6.99927e-04  6.82327e-02 6.89125e-02 
7.24137e-02 6.96442e-04  6.85657e-02 6.92422e-02 
7.25926e-02 6.90447e-04  6.89034e-02 6.95739e-02 
7.27715e-02 6.80679e-04  6.92466e-02 6.99073e-02 
7.29504e-02 6.66903e-04  6.95952e-02 7.02421e-02 
7.31293e-02 6.49720e-04  6.99483e-02 7.05780e-02 
7.33083e-02 6.29979e-04  7.03051e-02 7.09149e-02 
7.34872e-02 6.08927e-04  7.06642e-02 7.12529e-02 
7.36660e-02 5.88444e-04  7.10239e-02 7.15919e-02 
7.38449e-02 5.70175e-04  7.13823e-02 7.19321e-02 
7.40238e-02 5.54520e-04  7.17393e-02 7.22735e-02 
7.42026e-02 5.41024e-04  7.20953e-02 7.26160e-02 
7.43814e-02 5.29259e-04  7.24505e-02 7.29594e-02 
7.45603e-02 5.18536e-04  7.28050e-02 7.33033e-02 
7.47391e-02 5.07373e-04  7.31599e-02 7.36471e-02 
7.49179e-02 4.94346e-04  7.35159e-02 7.39900e-02 
7.50968e-02 4.79169e-04  7.38726e-02 7.43314e-02 
7.52756e-02 4.62180e-04  7.42287e-02 7.46706e-02 
7.54544e-02 4.43336e-04  7.45842e-02 7.50072e-02 
7.56333e-02 4.22629e-04  7.49388e-02 7.53411e-02 
7.58121e-02 4.00882e-04  7.52922e-02 7.56726e-02 
7.59909e-02 3.79175e-04  7.56434e-02 7.60022e-02 
7.61697e-02 3.57920e-04  7.59927e-02 7.63303e-02 
7.63485e-02 3.37190e-04  7.63407e-02 7.66576e-02 
7.65273e-02 3.17270e-04  7.66877e-02 7.69846e-02 
7.67062e-02 2.98177e-04  7.70340e-02 7.73120e-02 
7.68850e-02 2.79384e-04  7.73809e-02 7.76401e-02 
7.70638e-02 2.60723e-04  7.77292e-02 7.79697e-02 
7.72426e-02 2.42849e-04  7.80785e-02 7.83011e-02 
7.74214e-02 2.26272e-04  7.84288e-02 7.86349e-02 
7.76001e-02 2.10700e-04  7.87807e-02 7.89713e-02 
7.77789e-02 1.95823e-04  7.91346e-02 7.93102e-02 
7.79577e-02 1.81912e-04  7.94901e-02 7.96518e-02 
7.81365e-02 1.69242e-04  7.98468e-02 7.99959e-02 
7.83153e-02 1.57773e-04  8.02048e-02 8.03424e-02 
7.84941e-02 1.47728e-04  8.05640e-02 8.06915e-02 
7.86729e-02 1.39689e-04  8.09236e-02 8.10430e-02 
7.88517e-02 1.33839e-04  8.12835e-02 8.13971e-02 
7.90305e-02 1.29806e-04  8.16439e-02 8.17535e-02 
7.92094e-02 1.27280e-04  8.20046e-02 8.21116e-02 
7.93882e-02 1.25981e-04  8.23652e-02 8.24709e-02 
7.95670e-02 1.25071e-04  8.27259e-02 8.28308e-02 
7.97458e-02 1.23447e-04  8.30877e-02 8.31910e-02 
7.99246e-02 1.20671e-04  8.34512e-02 8.35517e-02 
8.01034e-02 1.17073e-04  8.38167e-02 8.39136e-02 
8.02822e-02 1.13145e-04  8.41845e-02 8.42776e-02 
8.04611e-02 1.09364e-04  8.45552e-02 8.46445e-02 
8.06399e-02 1.06238e-04  8.49288e-02 8.50150e-02 
8.08187e-02 1.03913e-04  8.53058e-02 8.53897e-02 
8.09975e-02 1.01963e-04  8.56867e-02 8.57687e-02 
8.11763e-02 9.99669e-05  8.60719e-02 8.61518e-02 
8.13551e-02 9.80218e-05  8.64611e-02 8.65390e-02 
8.15339e-02 9.65506e-05  8.68537e-02 8.69301e-02 
8.17127e-02 9.60917e-05  8.72489e-02 8.73249e-02 
8.18915e-02 9.73548e-05  8.76459e-02 8.77230e-02 
8.20702e-02 1.00976e-04  8.80436e-02 8.81243e-02 
8.22490e-02 1.07231e-04  8.84412e-02 8.85282e-02 
8.24277e-02 1.16422e-04  8.88382e-02 8.89343e-02 
8.26065e-02 1.29237e-04  8.92333e-02 8.93422e-02 
8.27852e-02 1.46082e-04  8.96260e-02 8.97517e-02 
8.29640e-02 1.66406e-04  9.00168e-02 9.01628e-02 
8.31427e-02 1.89369e-04  9.04066e-02 9.05757e-02 
8.33215e-02 2.14693e-04  9.07958e-02 9.09902e-02 
8.35002e-02 2.42224e-04  9.11845e-02 9.14064e-02 
8.36790e-02 2.71255e-04  9.15731e-02 9.18242e-02 
8.38577e-02 3.01146e-04  9.19622e-02 9.22431e-02 
8.40365e-02 3.32100e-04  9.23512e-02 9.26630e-02 
8.42152e-02 3.64578e-04  9.27392e-02 9.30834e-02 
8.43939e-02 3.98452e-04  9.31261e-02 9.35043e-02 
8.45727e-02 4.33268e-04  9.35124e-02 9.39253e-02 
8.47514e-02 4.68703e-04  9.38979e-02 9.43464e-02 
8.49301e-02 5.04206e-04  9.42832e-02 9.47672e-02 
8.51088e-02 5.38855e-04  9.46690e-02 9.51877e-02 
8.52876e-02 5.72150e-04  9.50556e-02 9.56075e-02 
8.54663e-02 6.04321e-04  9.54424e-02 9.60264e-02 
8.56450e-02 6.35456e-04  9.58289e-02 9.64441e-02 
8.58237e-02 6.64871e-04  9.62157e-02 9.68603e-02 
8.60024e-02 6.91487e-04  9.66033e-02 9.72746e-02 
8.61812e-02 7.14152e-04  9.69924e-02 9.76865e-02 
8.63599e-02 7.31569e-04  9.73841e-02 9.80957e-02 
8.65386e-02 7.42771e-04  9.77792e-02 9.85020e-02 
8.67174e-02 7.47996e-04  9.81775e-02 9.89054e-02 
8.68961e-02 7.48643e-04  9.85779e-02 9.93064e-02 
8.70748e-02 7.46410e-04  9.89791e-02 9.97053e-02 
8.72536e-02 7.42876e-04  9.93801e-02 1.00103e-01 
8.74323e-02 7.39431e-04  9.97798e-02 1.00499e-01 
8.76110e-02 7.36669e-04  1.00178e-01 1.00894e-01 
8.77897e-02 7.33933e-04  1.00576e-01 1.01289e-01 
8.79685e-02 7.30026e-04  1.00974e-01 1.01684e-01 
8.81472e-02 7.24222e-04  1.01374e-01 1.02078e-01 
8.83259e-02 7.16221e-04  1.01777e-01 1.02473e-01 
8.85046e-02 7.05710e-04  1.02183e-01 1.02868e-01 
8.86834e-02 6.92677e-04  1.02593e-01 1.03266e-01 
8.88621e-02 6.77845e-04  1.03007e-01 1.03665e-01 
8.90408e-02 6.62147e-04  1.03425e-01 1.04067e-01 
8.92195e-02 6.45898e-04  1.03845e-01 1.04471e-01 
8.93982e-02 6.28807e-04  1.04268e-01 1.04877e-01 
8.95769e-02 6.10525e-04  1.04694e-01 1.05284e-01 
8.97557e-02 5.90879e-04  1.05123e-01 1.05694e-01 
8.99344e-02 5.69882e-04  1.05554e-01 1.06104e-01 
9.01131e-02 5.47889e-04  1.05988e-01 1.06516e-01 
9.02918e-02 5.25656e-04  1.06423e-01 1.06929e-01 
9.04704e-02 5.04079e-04  1.06858e-01 1.07342e-01 
9.06491e-02 4.83860e-04  1.07292e-01 1.07756e-01 
9.08278e-02 4.65361e-04  1.07724e-01 1.08169e-01 
9.10065e-02 4.48624e-04  1.08155e-01 1.08583e-01 
9.11852e-02 4.33541e-04  1.08583e-01 1.08997e-01 
9.13639e-02 4.20052e-04  1.09010e-01 1.09410e-01 
9.15425e-02 4.08068e-04  1.09435e-01 1.09823e-01 
9.17212e-02 3.97224e-04  1.09860e-01 1.10237e-01 
9.18998e-02 3.86926e-04  1.10283e-01 1.10650e-01 
9.20785e-02 3.76645e-04  1.10706e-01 1.11063e-01 
9.22571e-02 3.66033e-04  1.11130e-01 1.11475e-01 
9.24358e-02 3.54881e-04  1.11553e-01 1.11887e-01 
9.26144e-02 3.43179e-04  1.11975e-01 1.12298e-01 
9.27931e-02 3.31044e-04  1.12398e-01 1.12709e-01 
9.29717e-02 3.18373e-04  1.12820e-01 1.13119e-01 
9.31504e-02 3.04775e-04  1.13243e-01 1.13528e-01 
9.33290e-02 2.90002e-04  1.13666e-01 1.13936e-01 
9.35076e-02 2.74135e-04  1.14090e-01 1.14344e-01 
9.36862e-02 2.57195e-04  1.14514e-01 1.14751e-01 
9.38648e-02 2.39035e-04  1.14939e-01 1.15158e-01 
9.40435e-02 2.19791e-04  1.15364e-01 1.15564e-01 
9.42221e-02 1.99965e-04  1.15791e-01 1.15971e-01 
9.44007e-02 1.79970e-04  1.16218e-01 1.16378e-01 
9.45793e-02 1.60143e-04  1.16648e-01 1.16788e-01 
9.47580e-02 1.41272e-04  1.17078e-01 1.17200e-01 
9.49366e-02 1.24398e-04  1.17511e-01 1.17615e-01 
9.51153e-02 1.09922e-04  1.17944e-01 1.18034e-01 
9.52939e-02 9.76194e-05  1.18379e-01 1.18457e-01 
9.54726e-02 8.75937e-05  1.18816e-01 1.18884e-01 
9.56512e-02 8.05090e-05  1.19255e-01 1.19315e-01 
9.58298e-02 7.67895e-05  1.19695e-01 1.19751e-01 
9.60085e-02 7.63851e-05  1.20135e-01 1.20191e-01 
9.61871e-02 7.93699e-05  1.20576e-01 1.20635e-01 
9.63658e-02 8.58835e-05  1.21017e-01 1.21083e-01 
9.65444e-02 9.53032e-05  1.21460e-01 1.21535e-01 
9.67231e-02 1.06229e-04  1.21903e-01 1.21989e-01 
9.69017e-02 1.17407e-04  1.22349e-01 1.22447e-01 
9.70804e-02 1.27933e-04  1.22798e-01 1.22906e-01 
9.72590e-02 1.36597e-04  1.23250e-01 1.23366e-01 
9.74376e-02 1.41984e-04  1.23705e-01 1.23827e-01 
9.76163e-02 1.43505e-04  1.24166e-01 1.24289e-01 
9.77949e-02 1.41694e-04  1.24629e-01 1.24751e-01 
9.79735e-02 1.37451e-04  1.25097e-01 1.25214e-01 
9.81521e-02 1.31753e-04  1.25567e-01 1.25679e-01 
9.83307e-02 1.26145e-04  1.26040e-01 1.26145e-01 
9.85093e-02 1.22641e-04  1.26513e-01 1.26615e-01 
9.86879e-02 1.22797e-04  1.26985e-01 1.27088e-01 
9.88665e-02 1.27414e-04  1.27457e-01 1.27564e-01 
9.90451e-02 1.37148e-04  1.27926e-01 1.28043e-01 
9.92237e-02 1.52637e-04  1.28393e-01 1.28525e-01 
9.94023e-02 1.73761e-04  1.28856e-01 1.29010e-01 
9.95809e-02 1.99487e-04  1.29318e-01 1.29497e-01 
9.97594e-02 2.28745e-04  1.29777e-01 1.29986e-01 
9.99380e-02 2.60845e-04  1.30236e-01 1.30477e-01 
1.00000e-01 2.72541e-04  1.30395e-01 1.30648e-01 
