2.84105e-04 1.42832e+03  1.18029e+03 1.18029e+03 
5.66675e-04 2.68953e+03  2.51746e+03 3.83506e+03 
8.49503e-04 3.74420e+03  4.20211e+03 6.64508e+03 
1.13226e-03 3.50220e+03  7.11163e+03 9.27568e+03 
1.41466e-03 2.87564e+03  1.07094e+04 1.22534e+04 
1.69685e-03 2.55695e+03  1.49593e+04 1.62132e+04 
1.97886e-03 2.50754e+03  2.01622e+04 2.13601e+04 
2.26033e-03 2.60706e+03  2.62058e+04 2.75039e+04 
2.54197e-03 2.63357e+03  3.30608e+04 3.43876e+04 
2.82313e-03 2.51443e+03  4.06687e+04 4.18566e+04 
3.10385e-03 2.48004e+03  4.87757e+04 4.99611e+04 
3.38462e-03 2.35218e+03  5.77993e+04 5.88785e+04 
3.66497e-03 2.08962e+03  6.79508e+04 6.87234e+04 
3.94494e-03 2.13326e+03  7.86603e+04 7.94970e+04 
4.22498e-03 2.28483e+03  9.01332e+04 9.11357e+04 
4.50487e-03 2.35579e+03  1.02528e+05 1.03577e+05 
4.78455e-03 2.61477e+03  1.15516e+05 1.16833e+05 
5.06415e-03 2.99673e+03  1.29198e+05 1.30922e+05 
5.34327e-03 3.14647e+03  1.43877e+05 1.45741e+05 
5.62219e-03 3.01586e+03  1.59429e+05 1.61146e+05 
5.90098e-03 2.70508e+03  1.75631e+05 1.77054e+05 
6.17936e-03 2.20022e+03  1.92650e+05 1.93563e+05 
6.45753e-03 1.82901e+03  2.10431e+05 2.10962e+05 
6.73547e-03 1.92008e+03  2.28839e+05 2.29482e+05 
7.01318e-03 2.24693e+03  2.48130e+05 2.49106e+05 
7.29050e-03 2.47993e+03  2.68373e+05 2.69567e+05 
7.56764e-03 2.55008e+03  2.89364e+05 2.90622e+05 
7.84449e-03 2.52060e+03  3.10991e+05 3.12228e+05 
8.12119e-03 2.48150e+03  3.33374e+05 3.34582e+05 
8.39773e-03 2.51891e+03  3.56637e+05 3.57877e+05 
8.67397e-03 2.72243e+03  3.80671e+05 3.82104e+05 
8.95016e-03 3.00415e+03  4.05372e+05 4.07104e+05 
9.22619e-03 2.98434e+03  4.30953e+05 4.32674e+05 
9.50206e-03 2.55697e+03  4.57510e+05 4.58776e+05 
9.77751e-03 2.16738e+03  4.84652e+05 4.85526e+05 
1.00528e-02 2.05343e+03  5.12359e+05 5.13150e+05 
1.03277e-02 2.00903e+03  5.41021e+05 5.41766e+05 
1.06024e-02 2.04108e+03  5.70611e+05 5.71364e+05 
1.08767e-02 2.29427e+03  6.00803e+05 6.01817e+05 
1.11510e-02 2.53713e+03  6.31741e+05 6.33016e+05 
1.14251e-02 2.51986e+03  6.63625e+05 6.64867e+05 
1.16989e-02 2.44910e+03  6.96259e+05 6.97417e+05 
1.19726e-02 2.58208e+03  7.29454e+05 7.30763e+05 
1.22460e-02 2.77248e+03  7.63450e+05 7.64964e+05 
1.25194e-02 2.79909e+03  7.98448e+05 7.99972e+05 
1.27923e-02 2.73803e+03  8.34178e+05 8.35627e+05 
1.30649e-02 2.66269e+03  8.70487e+05 8.71878e+05 
1.33375e-02 2.42023e+03  9.07623e+05 9.08781e+05 
1.36098e-02 2.04957e+03  9.45677e+05 9.46446e+05 
1.38816e-02 1.90868e+03  9.84382e+05 9.85007e+05 
1.41532e-02 2.09693e+03  1.02372e+06 1.02455e+06 
1.44247e-02 2.32049e+03  1.06397e+06 1.06503e+06 
1.46959e-02 2.45604e+03  1.10512e+06 1.10630e+06 
1.49667e-02 2.62607e+03  1.14689e+06 1.14824e+06 
1.52376e-02 2.76139e+03  1.18934e+06 1.19084e+06 
1.55083e-02 2.68934e+03  1.23264e+06 1.23406e+06 
1.57787e-02 2.50568e+03  1.27676e+06 1.27799e+06 
1.60490e-02 2.40660e+03  1.32157e+06 1.32271e+06 
1.63190e-02 2.38923e+03  1.36716e+06 1.36828e+06 
1.65888e-02 2.40033e+03  1.41362e+06 1.41475e+06 
1.68584e-02 2.47406e+03  1.46080e+06 1.46200e+06 
1.71278e-02 2.54930e+03  1.50866e+06 1.50994e+06 
1.73969e-02 2.47202e+03  1.55730e+06 1.55851e+06 
1.76656e-02 2.26053e+03  1.60671e+06 1.60770e+06 
1.79341e-02 2.08706e+03  1.65684e+06 1.65766e+06 
1.82023e-02 2.04248e+03  1.70778e+06 1.70856e+06 
1.84704e-02 2.16840e+03  1.75955e+06 1.76044e+06 
1.87382e-02 2.52201e+03  1.81200e+06 1.81324e+06 
1.90058e-02 2.94252e+03  1.86508e+06 1.86676e+06 
1.92732e-02 3.06350e+03  1.91903e+06 1.92083e+06 
1.95405e-02 2.80470e+03  1.97388e+06 1.97540e+06 
1.98076e-02 2.47626e+03  2.02936e+06 2.03055e+06 
2.00744e-02 2.26610e+03  2.08549e+06 2.08650e+06 
2.03411e-02 2.11537e+03  2.14257e+06 2.14342e+06 
2.06076e-02 2.10862e+03  2.20049e+06 2.20131e+06 
2.08737e-02 2.37494e+03  2.25892e+06 2.26002e+06 
2.11395e-02 2.64572e+03  2.31798e+06 2.31937e+06 
2.14050e-02 2.54414e+03  2.37803e+06 2.37931e+06 
2.16703e-02 2.21280e+03  2.43894e+06 2.43987e+06 
2.19354e-02 2.07572e+03  2.50042e+06 2.50121e+06 
2.22004e-02 2.18389e+03  2.56256e+06 2.56349e+06 
2.24652e-02 2.34189e+03  2.62566e+06 2.62673e+06 
2.27298e-02 2.57075e+03  2.68953e+06 2.69082e+06 
2.29942e-02 2.89433e+03  2.75396e+06 2.75559e+06 
2.32583e-02 3.01713e+03  2.81913e+06 2.82089e+06 
2.35222e-02 2.73736e+03  2.88527e+06 2.88673e+06 
2.37859e-02 2.33240e+03  2.95215e+06 2.95320e+06 
2.40493e-02 2.13365e+03  3.01959e+06 3.02045e+06 
2.43125e-02 2.11460e+03  3.08778e+06 3.08863e+06 
2.45755e-02 2.17728e+03  3.15685e+06 3.15776e+06 
2.48382e-02 2.37066e+03  3.22663e+06 3.22772e+06 
2.51007e-02 2.60489e+03  3.29706e+06 3.29840e+06 
2.53630e-02 2.62927e+03  3.36834e+06 3.36970e+06 
2.56250e-02 2.43956e+03  3.44044e+06 3.44160e+06 
2.58869e-02 2.28483e+03  3.51316e+06 3.51417e+06 
2.61485e-02 2.26296e+03  3.58654e+06 3.58754e+06 
2.64100e-02 2.30718e+03  3.66078e+06 3.66182e+06 
2.66712e-02 2.45031e+03  3.73583e+06 3.73700e+06 
2.69323e-02 2.69966e+03  3.81152e+06 3.81295e+06 
2.71931e-02 2.83261e+03  3.88795e+06 3.88952e+06 
2.74536e-02 2.68137e+03  3.96522e+06 3.96663e+06 
2.77138e-02 2.40534e+03  4.04319e+06 4.04431e+06 
2.79738e-02 2.21752e+03  4.12177e+06 4.12272e+06 
2.82336e-02 2.12528e+03  4.20109e+06 4.20195e+06 
2.84931e-02 2.11968e+03  4.28126e+06 4.28211e+06 
2.87523e-02 2.26866e+03  4.36213e+06 4.36313e+06 
2.90114e-02 2.48900e+03  4.44372e+06 4.44494e+06 
2.92703e-02 2.58127e+03  4.52608e+06 4.52739e+06 
2.95289e-02 2.54478e+03  4.60918e+06 4.61045e+06 
2.97873e-02 2.52147e+03  4.69291e+06 4.69416e+06 
3.00456e-02 2.50348e+03  4.77742e+06 4.77867e+06 
3.03038e-02 2.44326e+03  4.86284e+06 4.86401e+06 
3.05617e-02 2.47076e+03  4.94895e+06 4.95014e+06 
3.08193e-02 2.63617e+03  5.03564e+06 5.03701e+06 
3.10768e-02 2.69493e+03  5.12311e+06 5.12455e+06 
3.13340e-02 2.49905e+03  5.21146e+06 5.21268e+06 
3.15908e-02 2.28099e+03  5.30042e+06 5.30142e+06 
3.18474e-02 2.23646e+03  5.38996e+06 5.39093e+06 
3.21039e-02 2.22398e+03  5.48031e+06 5.48128e+06 
3.23601e-02 2.15667e+03  5.57162e+06 5.57250e+06 
3.26160e-02 2.22874e+03  5.66353e+06 5.66448e+06 
3.28718e-02 2.47832e+03  5.75599e+06 5.75720e+06 
3.31273e-02 2.60824e+03  5.84925e+06 5.85060e+06 
3.33828e-02 2.49155e+03  5.94345e+06 5.94467e+06 
3.36379e-02 2.38739e+03  6.03828e+06 6.03939e+06 
3.38929e-02 2.46278e+03  6.13369e+06 6.13489e+06 
3.41477e-02 2.56509e+03  6.22995e+06 6.23125e+06 
3.44023e-02 2.59545e+03  6.32705e+06 6.32837e+06 
3.46566e-02 2.64954e+03  6.42478e+06 6.42615e+06 
3.49106e-02 2.70356e+03  6.52312e+06 6.52456e+06 
3.51645e-02 2.58859e+03  6.62226e+06 6.62359e+06 
3.54182e-02 2.32132e+03  6.72222e+06 6.72327e+06 
3.56716e-02 2.10869e+03  6.82285e+06 6.82369e+06 
3.59249e-02 2.05724e+03  6.92419e+06 6.92498e+06 
3.61778e-02 2.15482e+03  7.02626e+06 7.02714e+06 
3.64306e-02 2.39248e+03  7.12901e+06 7.13013e+06 
3.66831e-02 2.65584e+03  7.23242e+06 7.23381e+06 
3.69355e-02 2.71664e+03  7.33668e+06 7.33814e+06 
3.71876e-02 2.54942e+03  7.44174e+06 7.44301e+06 
3.74394e-02 2.39540e+03  7.54734e+06 7.54846e+06 
3.76911e-02 2.37105e+03  7.65358e+06 7.65469e+06 
3.79427e-02 2.35736e+03  7.76075e+06 7.76185e+06 
3.81941e-02 2.35881e+03  7.86876e+06 7.86985e+06 
3.84452e-02 2.53147e+03  7.97734e+06 7.97859e+06 
3.86960e-02 2.76788e+03  8.08644e+06 8.08795e+06 
3.89467e-02 2.73601e+03  8.19644e+06 8.19792e+06 
3.91971e-02 2.41992e+03  8.30731e+06 8.30845e+06 
3.94472e-02 2.16086e+03  8.41871e+06 8.41959e+06 
3.96972e-02 2.11682e+03  8.53071e+06 8.53157e+06 
3.99473e-02 2.14913e+03  8.64364e+06 8.64454e+06 
4.01970e-02 2.23275e+03  8.75743e+06 8.75839e+06 
4.04464e-02 2.48134e+03  8.87177e+06 8.87298e+06 
4.06956e-02 2.77245e+03  8.98670e+06 8.98821e+06 
4.09446e-02 2.82638e+03  9.10245e+06 9.10402e+06 
4.11932e-02 2.64735e+03  9.21895e+06 9.22032e+06 
4.14415e-02 2.48218e+03  9.33598e+06 9.33719e+06 
4.16898e-02 2.41419e+03  9.45371e+06 9.45486e+06 
4.19380e-02 2.36633e+03  9.57238e+06 9.57348e+06 
4.21860e-02 2.37357e+03  9.69180e+06 9.69290e+06 
4.24337e-02 2.49320e+03  9.81181e+06 9.81304e+06 
4.26811e-02 2.58819e+03  9.93247e+06 9.93380e+06 
4.29284e-02 2.51107e+03  1.00540e+07 1.00552e+07 
4.31756e-02 2.34367e+03  1.01762e+07 1.01772e+07 
4.34223e-02 2.22401e+03  1.02989e+07 1.02999e+07 
4.36688e-02 2.15189e+03  1.04224e+07 1.04233e+07 
4.39153e-02 2.14618e+03  1.05468e+07 1.05477e+07 
4.41615e-02 2.31405e+03  1.06718e+07 1.06729e+07 
4.44076e-02 2.59966e+03  1.07975e+07 1.07988e+07 
4.46534e-02 2.76286e+03  1.09239e+07 1.09254e+07 
4.48989e-02 2.73101e+03  1.10510e+07 1.10525e+07 
4.51443e-02 2.66330e+03  1.11788e+07 1.11802e+07 
4.53894e-02 2.61532e+03  1.13073e+07 1.13086e+07 
4.56345e-02 2.49755e+03  1.14365e+07 1.14378e+07 
4.58792e-02 2.38040e+03  1.15666e+07 1.15677e+07 
4.61237e-02 2.43509e+03  1.16972e+07 1.16984e+07 
4.63680e-02 2.56571e+03  1.18284e+07 1.18297e+07 
4.66122e-02 2.51633e+03  1.19605e+07 1.19618e+07 
4.68560e-02 2.32573e+03  1.20934e+07 1.20944e+07 
4.70997e-02 2.25426e+03  1.22268e+07 1.22278e+07 
4.73432e-02 2.31393e+03  1.23608e+07 1.23619e+07 
4.75865e-02 2.31317e+03  1.24957e+07 1.24968e+07 
4.78296e-02 2.29324e+03  1.26315e+07 1.26325e+07 
4.80725e-02 2.45132e+03  1.27678e+07 1.27689e+07 
4.83153e-02 2.69233e+03  1.29046e+07 1.29061e+07 
4.85578e-02 2.72200e+03  1.30423e+07 1.30438e+07 
4.88001e-02 2.54222e+03  1.31809e+07 1.31821e+07 
4.90421e-02 2.42811e+03  1.33200e+07 1.33211e+07 
4.92841e-02 2.46810e+03  1.34597e+07 1.34609e+07 
4.95258e-02 2.51547e+03  1.36002e+07 1.36015e+07 
4.97673e-02 2.52176e+03  1.37415e+07 1.37428e+07 
5.00085e-02 2.55548e+03  1.38834e+07 1.38847e+07 
5.02496e-02 2.56678e+03  1.40259e+07 1.40272e+07 
5.04904e-02 2.45493e+03  1.41692e+07 1.41704e+07 
5.07309e-02 2.28954e+03  1.43132e+07 1.43142e+07 
5.09713e-02 2.21372e+03  1.44578e+07 1.44588e+07 
5.12116e-02 2.24491e+03  1.46032e+07 1.46042e+07 
5.14517e-02 2.35781e+03  1.47494e+07 1.47505e+07 
5.16915e-02 2.57446e+03  1.48961e+07 1.48974e+07 
5.19311e-02 2.80292e+03  1.50435e+07 1.50451e+07 
5.21705e-02 2.82852e+03  1.51917e+07 1.51933e+07 
5.24098e-02 2.63128e+03  1.53407e+07 1.53421e+07 
5.26488e-02 2.45185e+03  1.54903e+07 1.54915e+07 
5.28877e-02 2.40969e+03  1.56405e+07 1.56416e+07 
5.31264e-02 2.37107e+03  1.57915e+07 1.57926e+07 
5.33650e-02 2.31120e+03  1.59434e+07 1.59444e+07 
5.36033e-02 2.41715e+03  1.60958e+07 1.60969e+07 
5.38414e-02 2.67025e+03  1.62487e+07 1.62501e+07 
5.40793e-02 2.73688e+03  1.64025e+07 1.64040e+07 
5.43169e-02 2.47969e+03  1.65571e+07 1.65583e+07 
5.45543e-02 2.19603e+03  1.67123e+07 1.67132e+07 
5.47914e-02 2.14916e+03  1.68679e+07 1.68688e+07 
5.50284e-02 2.23626e+03  1.70243e+07 1.70253e+07 
5.52653e-02 2.31189e+03  1.71816e+07 1.71827e+07 
5.55020e-02 2.46163e+03  1.73396e+07 1.73408e+07 
5.57384e-02 2.72850e+03  1.74981e+07 1.74996e+07 
5.59745e-02 2.90764e+03  1.76573e+07 1.76590e+07 
5.62106e-02 2.84256e+03  1.78173e+07 1.78189e+07 
5.64464e-02 2.65295e+03  1.79780e+07 1.79794e+07 
5.66819e-02 2.50050e+03  1.81393e+07 1.81405e+07 
5.69174e-02 2.39212e+03  1.83013e+07 1.83024e+07 
5.71526e-02 2.33288e+03  1.84641e+07 1.84651e+07 
5.73877e-02 2.39409e+03  1.86275e+07 1.86286e+07 
5.76226e-02 2.52306e+03  1.87916e+07 1.87928e+07 
5.78572e-02 2.55072e+03  1.89564e+07 1.89577e+07 
5.80915e-02 2.46296e+03  1.91218e+07 1.91230e+07 
5.83256e-02 2.40801e+03  1.92879e+07 1.92890e+07 
5.85595e-02 2.41232e+03  1.94545e+07 1.94556e+07 
5.87933e-02 2.37418e+03  1.96220e+07 1.96231e+07 
5.90268e-02 2.33735e+03  1.97902e+07 1.97913e+07 
5.92601e-02 2.44769e+03  1.99590e+07 1.99601e+07 
5.94932e-02 2.63215e+03  2.01284e+07 2.01297e+07 
5.97262e-02 2.65683e+03  2.02986e+07 2.03000e+07 
5.99590e-02 2.52029e+03  2.04696e+07 2.04708e+07 
6.01915e-02 2.45323e+03  2.06411e+07 2.06423e+07 
6.04239e-02 2.51573e+03  2.08133e+07 2.08145e+07 
6.06562e-02 2.54083e+03  2.09862e+07 2.09875e+07 
6.08882e-02 2.49443e+03  2.11600e+07 2.11612e+07 
6.11200e-02 2.52995e+03  2.13343e+07 2.13355e+07 
6.13515e-02 2.64458e+03  2.15091e+07 2.15105e+07 
6.15830e-02 2.63620e+03  2.16848e+07 2.16861e+07 
6.18141e-02 2.46664e+03  2.18612e+07 2.18623e+07 
6.20450e-02 2.34348e+03  2.20381e+07 2.20391e+07 
6.22757e-02 2.37564e+03  2.22156e+07 2.22167e+07 
6.25063e-02 2.44684e+03  2.23939e+07 2.23951e+07 
6.27368e-02 2.48347e+03  2.25731e+07 2.25743e+07 
6.29669e-02 2.55665e+03  2.27528e+07 2.27541e+07 
6.31969e-02 2.65943e+03  2.29331e+07 2.29345e+07 
6.34267e-02 2.65969e+03  2.31142e+07 2.31156e+07 
6.36563e-02 2.53594e+03  2.32959e+07 2.32972e+07 
6.38858e-02 2.42142e+03  2.34784e+07 2.34796e+07 
6.41151e-02 2.38391e+03  2.36615e+07 2.36626e+07 
6.43442e-02 2.38666e+03  2.38454e+07 2.38465e+07 
6.45732e-02 2.45212e+03  2.40300e+07 2.40311e+07 
6.48020e-02 2.61351e+03  2.42151e+07 2.42165e+07 
6.50305e-02 2.73268e+03  2.44009e+07 2.44023e+07 
6.52588e-02 2.63988e+03  2.45875e+07 2.45888e+07 
6.54868e-02 2.43026e+03  2.47747e+07 2.47758e+07 
6.57146e-02 2.34343e+03  2.49624e+07 2.49635e+07 
6.59424e-02 2.38585e+03  2.51508e+07 2.51519e+07 
6.61700e-02 2.37870e+03  2.53400e+07 2.53411e+07 
6.63973e-02 2.34288e+03  2.55301e+07 2.55312e+07 
6.66245e-02 2.47886e+03  2.57207e+07 2.57219e+07 
6.68514e-02 2.74902e+03  2.59117e+07 2.59132e+07 
6.70781e-02 2.84915e+03  2.61034e+07 2.61050e+07 
6.73046e-02 2.66827e+03  2.62960e+07 2.62974e+07 
6.75308e-02 2.44809e+03  2.64892e+07 2.64904e+07 
6.77568e-02 2.39238e+03  2.66829e+07 2.66840e+07 
6.79829e-02 2.42531e+03  2.68774e+07 2.68786e+07 
6.82087e-02 2.44113e+03  2.70727e+07 2.70739e+07 
6.84344e-02 2.49953e+03  2.72687e+07 2.72699e+07 
6.86598e-02 2.63546e+03  2.74653e+07 2.74667e+07 
6.88850e-02 2.72469e+03  2.76625e+07 2.76639e+07 
6.91100e-02 2.67686e+03  2.78603e+07 2.78617e+07 
6.93347e-02 2.56221e+03  2.80588e+07 2.80601e+07 
6.95592e-02 2.45292e+03  2.82579e+07 2.82591e+07 
6.97837e-02 2.33927e+03  2.84578e+07 2.84589e+07 
7.00078e-02 2.27051e+03  2.86583e+07 2.86593e+07 
7.02318e-02 2.35097e+03  2.88595e+07 2.88605e+07 
7.04556e-02 2.52100e+03  2.90612e+07 2.90624e+07 
7.06793e-02 2.57524e+03  2.92637e+07 2.92650e+07 
7.09027e-02 2.48010e+03  2.94670e+07 2.94682e+07 
7.11259e-02 2.43285e+03  2.96708e+07 2.96719e+07 
7.13489e-02 2.52024e+03  2.98751e+07 2.98764e+07 
7.15718e-02 2.58234e+03  3.00802e+07 3.00815e+07 
7.17946e-02 2.53041e+03  3.02862e+07 3.02875e+07 
7.20170e-02 2.52560e+03  3.04928e+07 3.04940e+07 
7.22393e-02 2.67373e+03  3.06998e+07 3.07012e+07 
7.24614e-02 2.79594e+03  3.09075e+07 3.09090e+07 
7.26835e-02 2.70842e+03  3.11161e+07 3.11175e+07 
7.29052e-02 2.52200e+03  3.13253e+07 3.13265e+07 
7.31267e-02 2.44749e+03  3.15350e+07 3.15362e+07 
7.33481e-02 2.48075e+03  3.17454e+07 3.17466e+07 
7.35692e-02 2.49537e+03  3.19565e+07 3.19578e+07 
7.37902e-02 2.49373e+03  3.21683e+07 3.21695e+07 
7.40108e-02 2.54316e+03  3.23806e+07 3.23819e+07 
7.42314e-02 2.58344e+03  3.25936e+07 3.25949e+07 
7.44519e-02 2.51483e+03  3.28074e+07 3.28086e+07 
7.46721e-02 2.39127e+03  3.30218e+07 3.30230e+07 
7.48922e-02 2.33808e+03  3.32369e+07 3.32380e+07 
7.51121e-02 2.36292e+03  3.34526e+07 3.34537e+07 
7.53318e-02 2.41624e+03  3.36691e+07 3.36703e+07 
7.55514e-02 2.53139e+03  3.38863e+07 3.38876e+07 
7.57708e-02 2.71899e+03  3.41040e+07 3.41054e+07 
7.59899e-02 2.83053e+03  3.43223e+07 3.43239e+07 
7.62089e-02 2.73427e+03  3.45414e+07 3.45429e+07 
7.64276e-02 2.54090e+03  3.47611e+07 3.47624e+07 
7.66462e-02 2.44806e+03  3.49815e+07 3.49826e+07 
7.68647e-02 2.44694e+03  3.52025e+07 3.52036e+07 
7.70830e-02 2.40713e+03  3.54242e+07 3.54254e+07 
7.73011e-02 2.37063e+03  3.56467e+07 3.56478e+07 
7.75190e-02 2.49038e+03  3.58697e+07 3.58710e+07 
7.77367e-02 2.70779e+03  3.60932e+07 3.60947e+07 
7.79542e-02 2.77353e+03  3.63175e+07 3.63190e+07 
7.81715e-02 2.61712e+03  3.65426e+07 3.65439e+07 
7.83885e-02 2.44365e+03  3.67681e+07 3.67693e+07 
7.86053e-02 2.41075e+03  3.69942e+07 3.69953e+07 
7.88221e-02 2.44658e+03  3.72210e+07 3.72222e+07 
7.90386e-02 2.46020e+03  3.74486e+07 3.74498e+07 
7.92550e-02 2.50465e+03  3.76768e+07 3.76780e+07 
7.94712e-02 2.62043e+03  3.79056e+07 3.79070e+07 
7.96872e-02 2.70928e+03  3.81351e+07 3.81366e+07 
7.99030e-02 2.68851e+03  3.83653e+07 3.83667e+07 
8.01186e-02 2.61741e+03  3.85960e+07 3.85974e+07 
8.03341e-02 2.56397e+03  3.88274e+07 3.88287e+07 
8.05494e-02 2.49803e+03  3.90596e+07 3.90608e+07 
8.07644e-02 2.42002e+03  3.92923e+07 3.92935e+07 
8.09792e-02 2.43142e+03  3.95256e+07 3.95268e+07 
8.11939e-02 2.54890e+03  3.97596e+07 3.97608e+07 
8.14085e-02 2.60589e+03  3.99942e+07 3.99955e+07 
8.16229e-02 2.49281e+03  4.02296e+07 4.02309e+07 
8.18369e-02 2.35447e+03  4.04656e+07 4.04667e+07 
8.20508e-02 2.37538e+03  4.07021e+07 4.07032e+07 
8.22646e-02 2.49635e+03  4.09391e+07 4.09404e+07 
8.24782e-02 2.53982e+03  4.11771e+07 4.11783e+07 
8.26916e-02 2.51546e+03  4.14157e+07 4.14169e+07 
8.29048e-02 2.57445e+03  4.16549e+07 4.16562e+07 
8.31178e-02 2.71413e+03  4.18945e+07 4.18960e+07 
8.33307e-02 2.76314e+03  4.21350e+07 4.21365e+07 
8.35434e-02 2.66122e+03  4.23762e+07 4.23776e+07 
8.37559e-02 2.54387e+03  4.26180e+07 4.26192e+07 
8.39682e-02 2.51826e+03  4.28603e+07 4.28616e+07 
8.41804e-02 2.54282e+03  4.31034e+07 4.31047e+07 
8.43924e-02 2.56849e+03  4.33472e+07 4.33485e+07 
8.46041e-02 2.62015e+03  4.35915e+07 4.35928e+07 
8.48157e-02 2.67747e+03  4.38363e+07 4.38377e+07 
8.50271e-02 2.64263e+03  4.40819e+07 4.40833e+07 
8.52384e-02 2.50584e+03  4.43283e+07 4.43295e+07 
8.54494e-02 2.39736e+03  4.45752e+07 4.45763e+07 
8.56603e-02 2.39350e+03  4.48226e+07 4.48237e+07 
8.58710e-02 2.41482e+03  4.50708e+07 4.50719e+07 
8.60816e-02 2.40426e+03  4.53198e+07 4.53209e+07 
8.62921e-02 2.45082e+03  4.55694e+07 4.55706e+07 
8.65023e-02 2.60857e+03  4.58195e+07 4.58208e+07 
8.67122e-02 2.73469e+03  4.60701e+07 4.60716e+07 
8.69220e-02 2.67345e+03  4.63215e+07 4.63229e+07 
8.71317e-02 2.50108e+03  4.65737e+07 4.65749e+07 
8.73412e-02 2.41442e+03  4.68264e+07 4.68275e+07 
8.75505e-02 2.44655e+03  4.70797e+07 4.70808e+07 
8.77597e-02 2.47683e+03  4.73336e+07 4.73349e+07 
8.79687e-02 2.47727e+03  4.75885e+07 4.75897e+07 
8.81775e-02 2.54627e+03  4.78438e+07 4.78451e+07 
8.83861e-02 2.69251e+03  4.80997e+07 4.81011e+07 
8.85946e-02 2.77863e+03  4.83561e+07 4.83577e+07 
8.88027e-02 2.72745e+03  4.86132e+07 4.86147e+07 
8.90107e-02 2.62409e+03  4.88710e+07 4.88723e+07 
8.92185e-02 2.55643e+03  4.91292e+07 4.91305e+07 
8.94261e-02 2.50237e+03  4.93882e+07 4.93895e+07 
8.96336e-02 2.44446e+03  4.96479e+07 4.96491e+07 
8.98409e-02 2.45064e+03  4.99082e+07 4.99094e+07 
9.00481e-02 2.54173e+03  5.01691e+07 5.01704e+07 
9.02552e-02 2.60369e+03  5.04308e+07 5.04321e+07 
9.04620e-02 2.54944e+03  5.06931e+07 5.06944e+07 
9.06685e-02 2.46644e+03  5.09560e+07 5.09571e+07 
9.08749e-02 2.47665e+03  5.12193e+07 5.12205e+07 
9.10812e-02 2.53992e+03  5.14833e+07 5.14846e+07 
9.12873e-02 2.54014e+03  5.17481e+07 5.17494e+07 
9.14932e-02 2.49827e+03  5.20135e+07 5.20147e+07 
9.16988e-02 2.53073e+03  5.22794e+07 5.22807e+07 
9.19043e-02 2.62625e+03  5.25459e+07 5.25473e+07 
9.21098e-02 2.64090e+03  5.28132e+07 5.28146e+07 
9.23151e-02 2.53056e+03  5.30813e+07 5.30825e+07 
9.25201e-02 2.42630e+03  5.33498e+07 5.33510e+07 
9.27249e-02 2.43157e+03  5.36189e+07 5.36201e+07 
9.29297e-02 2.49127e+03  5.38887e+07 5.38899e+07 
9.31342e-02 2.52656e+03  5.41592e+07 5.41605e+07 
9.33386e-02 2.56446e+03  5.44304e+07 5.44317e+07 
9.35428e-02 2.64021e+03  5.47020e+07 5.47034e+07 
9.37468e-02 2.68575e+03  5.49743e+07 5.49758e+07 
9.39506e-02 2.63089e+03  5.52474e+07 5.52487e+07 
9.41543e-02 2.53431e+03  5.55210e+07 5.55223e+07 
9.43578e-02 2.49562e+03  5.57952e+07 5.57965e+07 
9.45612e-02 2.50159e+03  5.60701e+07 5.60713e+07 
9.47644e-02 2.48427e+03  5.63457e+07 5.63469e+07 
9.49674e-02 2.47757e+03  5.66219e+07 5.66231e+07 
9.51702e-02 2.56699e+03  5.68987e+07 5.69000e+07 
9.53728e-02 2.70375e+03  5.71759e+07 5.71774e+07 
9.55752e-02 2.72832e+03  5.74538e+07 5.74553e+07 
9.57775e-02 2.60200e+03  5.77326e+07 5.77339e+07 
9.59797e-02 2.47184e+03  5.80120e+07 5.80132e+07 
9.61816e-02 2.45463e+03  5.82918e+07 5.82930e+07 
9.63834e-02 2.48999e+03  5.85722e+07 5.85734e+07 
9.65850e-02 2.48421e+03  5.88533e+07 5.88545e+07 
9.67864e-02 2.47549e+03  5.91352e+07 5.91364e+07 
9.69878e-02 2.54260e+03  5.94177e+07 5.94190e+07 
9.71890e-02 2.63781e+03  5.97008e+07 5.97022e+07 
9.73899e-02 2.64555e+03  5.99844e+07 5.99858e+07 
9.75906e-02 2.56078e+03  6.02686e+07 6.02699e+07 
9.77911e-02 2.48075e+03  6.05534e+07 6.05547e+07 
9.79915e-02 2.44529e+03  6.08389e+07 6.08401e+07 
9.81918e-02 2.41319e+03  6.11251e+07 6.11263e+07 
9.83918e-02 2.39074e+03  6.14119e+07 6.14130e+07 
9.85916e-02 2.44579e+03  6.16991e+07 6.17003e+07 
9.87913e-02 2.56459e+03  6.19871e+07 6.19884e+07 
9.89909e-02 2.62410e+03  6.22757e+07 6.22770e+07 
9.91903e-02 2.56893e+03  6.25650e+07 6.25663e+07 
9.93895e-02 2.50576e+03  6.28549e+07 6.28561e+07 
9.95885e-02 2.54038e+03  6.31452e+07 6.31465e+07 
9.97873e-02 2.61651e+03  6.34362e+07 6.34375e+07 
9.99860e-02 2.62014e+03  6.37279e+07 6.37293e+07 
1.00000e-01 2.61706e+03  6.37485e+07 6.37498e+07 
