6.16328e-05 3.70794e+04  2.67971e+04 2.67971e+04 
1.23266e-04 5.65899e+04  5.62399e+04 8.77091e+04 
1.84879e-04 7.09007e+04  9.81654e+04 1.51023e+05 
2.46478e-04 6.83227e+04  1.67825e+05 2.09591e+05 
3.08084e-04 6.43330e+04  2.46970e+05 2.80657e+05 
3.69670e-04 5.73305e+04  3.54529e+05 3.80552e+05 
4.31247e-04 5.28568e+04  4.84382e+05 5.07768e+05 
4.92814e-04 5.40187e+04  6.21346e+05 6.50421e+05 
5.54376e-04 4.88389e+04  7.81936e+05 8.03217e+05 
6.15947e-04 4.31430e+04  9.60568e+05 9.73210e+05 
6.77521e-04 4.23735e+04  1.15920e+06 1.17101e+06 
7.39083e-04 4.60607e+04  1.38508e+06 1.39915e+06 
8.00645e-04 5.99859e+04  1.61583e+06 1.64942e+06 
8.62205e-04 6.72495e+04  1.86748e+06 1.91077e+06 
9.23751e-04 6.25038e+04  2.14575e+06 2.17992e+06 
9.85286e-04 5.79653e+04  2.43436e+06 2.46353e+06 
1.04681e-03 5.06817e+04  2.74899e+06 2.76976e+06 
1.10832e-03 4.74364e+04  3.08034e+06 3.09934e+06 
1.16982e-03 4.91142e+04  3.42410e+06 3.44665e+06 
1.23132e-03 4.58911e+04  3.79237e+06 3.80889e+06 
1.29283e-03 4.24288e+04  4.18085e+06 4.19134e+06 
1.35433e-03 4.74042e+04  4.58387e+06 4.60124e+06 
1.41583e-03 5.71590e+04  5.00706e+06 5.03762e+06 
1.47732e-03 6.46255e+04  5.44850e+06 5.48987e+06 
1.53881e-03 6.29451e+04  5.90870e+06 5.94781e+06 
1.60029e-03 5.35992e+04  6.38753e+06 6.41324e+06 
1.66177e-03 4.55110e+04  6.88379e+06 6.89856e+06 
1.72324e-03 4.28474e+04  7.40259e+06 7.41380e+06 
1.78470e-03 4.76830e+04  7.93564e+06 7.95620e+06 
1.84616e-03 5.23488e+04  8.48602e+06 8.51466e+06 
1.90762e-03 4.98896e+04  9.06092e+06 9.08325e+06 
1.96907e-03 4.77078e+04  9.65009e+06 9.66729e+06 
2.03051e-03 4.97927e+04  1.02559e+07 1.02757e+07 
2.09195e-03 5.31221e+04  1.08858e+07 1.09098e+07 
2.15337e-03 5.70427e+04  1.15310e+07 1.15621e+07 
2.21478e-03 5.79192e+04  1.21907e+07 1.22251e+07 
2.27620e-03 5.25467e+04  1.28732e+07 1.28994e+07 
2.33761e-03 4.60294e+04  1.35755e+07 1.35915e+07 
2.39902e-03 4.41226e+04  1.42938e+07 1.43076e+07 
2.46042e-03 4.72478e+04  1.50293e+07 1.50485e+07 
2.52181e-03 5.13647e+04  1.57846e+07 1.58096e+07 
2.58321e-03 5.32815e+04  1.65587e+07 1.65860e+07 
2.64460e-03 5.29103e+04  1.73499e+07 1.73762e+07 
2.70598e-03 5.03735e+04  1.81613e+07 1.81827e+07 
2.76736e-03 4.95226e+04  1.89896e+07 1.90092e+07 
2.82873e-03 5.15619e+04  1.98325e+07 1.98566e+07 
2.89009e-03 5.13081e+04  2.06978e+07 2.07226e+07 
2.95145e-03 4.93957e+04  2.15842e+07 2.16055e+07 
3.01279e-03 5.01202e+04  2.24840e+07 2.25059e+07 
3.07414e-03 5.10851e+04  2.34013e+07 2.34253e+07 
3.13547e-03 5.05835e+04  2.43391e+07 2.43628e+07 
3.19680e-03 5.03769e+04  2.52941e+07 2.53168e+07 
3.25812e-03 4.90548e+04  2.62683e+07 2.62878e+07 
3.31944e-03 4.77810e+04  2.72616e+07 2.72790e+07 
3.38075e-03 5.07664e+04  2.82691e+07 2.82920e+07 
3.44206e-03 5.52498e+04  2.92939e+07 2.93248e+07 
3.50337e-03 5.47132e+04  3.03424e+07 3.03723e+07 
3.56467e-03 5.02282e+04  3.14097e+07 3.14319e+07 
3.62596e-03 4.75121e+04  3.24887e+07 3.25069e+07 
3.68725e-03 4.71222e+04  3.35854e+07 3.36034e+07 
3.74854e-03 4.78648e+04  3.47052e+07 3.47241e+07 
3.80981e-03 5.06701e+04  3.58421e+07 3.58659e+07 
3.87108e-03 5.28105e+04  3.69951e+07 3.70228e+07 
3.93235e-03 5.09512e+04  3.81680e+07 3.81920e+07 
3.99359e-03 4.86395e+04  3.93564e+07 3.93758e+07 
4.05484e-03 4.86719e+04  4.05606e+07 4.05798e+07 
4.11609e-03 4.89845e+04  4.17880e+07 4.18076e+07 
4.17734e-03 5.07273e+04  4.30346e+07 4.30571e+07 
4.23857e-03 5.50272e+04  4.42930e+07 4.43229e+07 
4.29980e-03 5.63234e+04  4.55688e+07 4.56011e+07 
4.36104e-03 5.13968e+04  4.68676e+07 4.68922e+07 
4.42226e-03 4.58592e+04  4.81837e+07 4.82002e+07 
4.48347e-03 4.44419e+04  4.95152e+07 4.95295e+07 
4.54468e-03 4.60550e+04  5.08656e+07 5.08817e+07 
4.60589e-03 4.96810e+04  5.22331e+07 5.22547e+07 
4.66709e-03 5.38510e+04  5.36164e+07 5.36445e+07 
4.72828e-03 5.46795e+04  5.50204e+07 5.50491e+07 
4.78948e-03 5.23040e+04  5.64444e+07 5.64687e+07 
4.85066e-03 5.05598e+04  5.78819e+07 5.79042e+07 
4.91183e-03 4.92744e+04  5.93359e+07 5.93573e+07 
4.97300e-03 4.75325e+04  6.08107e+07 6.08298e+07 
5.03416e-03 4.77037e+04  6.23026e+07 6.23222e+07 
5.09531e-03 4.92472e+04  6.38111e+07 6.38336e+07 
5.15647e-03 4.96219e+04  6.53395e+07 6.53622e+07 
5.21761e-03 5.03097e+04  6.68837e+07 6.69064e+07 
5.27875e-03 5.19726e+04  6.84429e+07 6.84670e+07 
5.33989e-03 5.18661e+04  7.00233e+07 7.00463e+07 
5.40104e-03 5.10583e+04  7.16237e+07 7.16455e+07 
5.46217e-03 5.24232e+04  7.32373e+07 7.32626e+07 
5.52330e-03 5.30164e+04  7.48675e+07 7.48950e+07 
5.58441e-03 4.97949e+04  7.65185e+07 7.65414e+07 
5.64552e-03 4.60112e+04  7.81859e+07 7.82034e+07 
5.70664e-03 4.44619e+04  7.98693e+07 7.98848e+07 
5.76774e-03 4.47800e+04  8.15734e+07 8.15884e+07 
5.82883e-03 4.84884e+04  8.32944e+07 8.33139e+07 
5.88992e-03 5.48316e+04  8.50285e+07 8.50575e+07 
5.95101e-03 5.73731e+04  8.67823e+07 8.68147e+07 
6.01209e-03 5.41166e+04  8.85573e+07 8.85839e+07 
6.07317e-03 5.02490e+04  9.03462e+07 9.03675e+07 
6.13423e-03 4.78509e+04  9.21499e+07 9.21694e+07 
6.19529e-03 4.58563e+04  9.39750e+07 9.39923e+07 
6.25635e-03 4.62196e+04  9.58177e+07 9.58356e+07 
6.31741e-03 4.88996e+04  9.76749e+07 9.76971e+07 
6.37846e-03 4.99144e+04  9.95516e+07 9.95747e+07 
6.43951e-03 4.98323e+04  1.01447e+08 1.01468e+08 
6.50055e-03 5.20939e+04  1.03356e+08 1.03379e+08 
6.56159e-03 5.43303e+04  1.05282e+08 1.05308e+08 
6.62261e-03 5.33080e+04  1.07229e+08 1.07254e+08 
6.68363e-03 5.13157e+04  1.09192e+08 1.09216e+08 
6.74465e-03 4.95614e+04  1.11170e+08 1.11192e+08 
6.80565e-03 4.62296e+04  1.13166e+08 1.13185e+08 
6.86666e-03 4.32654e+04  1.15181e+08 1.15195e+08 
6.92766e-03 4.39620e+04  1.17212e+08 1.17226e+08 
6.98866e-03 4.75086e+04  1.19260e+08 1.19279e+08 
7.04964e-03 5.26464e+04  1.21327e+08 1.21352e+08 
7.11063e-03 5.80912e+04  1.23407e+08 1.23440e+08 
7.17161e-03 5.90240e+04  1.25506e+08 1.25541e+08 
7.23259e-03 5.35614e+04  1.27626e+08 1.27652e+08 
7.29356e-03 4.72177e+04  1.29760e+08 1.29777e+08 
7.35452e-03 4.37833e+04  1.31908e+08 1.31921e+08 
7.41548e-03 4.21650e+04  1.34076e+08 1.34088e+08 
7.47643e-03 4.36482e+04  1.36263e+08 1.36277e+08 
7.53737e-03 4.93524e+04  1.38464e+08 1.38487e+08 
7.59831e-03 5.43702e+04  1.40682e+08 1.40711e+08 
7.65925e-03 5.51167e+04  1.42920e+08 1.42948e+08 
7.72017e-03 5.39817e+04  1.45172e+08 1.45198e+08 
7.78109e-03 5.19445e+04  1.47440e+08 1.47463e+08 
7.84201e-03 4.84854e+04  1.49729e+08 1.49748e+08 
7.90291e-03 4.70592e+04  1.52034e+08 1.52052e+08 
7.96381e-03 4.88600e+04  1.54351e+08 1.54373e+08 
8.02472e-03 4.88345e+04  1.56687e+08 1.56710e+08 
8.08562e-03 4.59369e+04  1.59045e+08 1.59063e+08 
8.14651e-03 4.53719e+04  1.61417e+08 1.61433e+08 
8.20740e-03 4.82015e+04  1.63803e+08 1.63822e+08 
8.26828e-03 5.15561e+04  1.66209e+08 1.66233e+08 
8.32916e-03 5.51423e+04  1.68632e+08 1.68660e+08 
8.39003e-03 5.72026e+04  1.71068e+08 1.71100e+08 
8.45090e-03 5.36349e+04  1.73525e+08 1.73552e+08 
8.51176e-03 4.67986e+04  1.75999e+08 1.76017e+08 
8.57260e-03 4.31517e+04  1.78486e+08 1.78499e+08 
8.63345e-03 4.30310e+04  1.80990e+08 1.81002e+08 
8.69430e-03 4.42156e+04  1.83515e+08 1.83529e+08 
8.75514e-03 4.81665e+04  1.86055e+08 1.86075e+08 
8.81596e-03 5.38258e+04  1.88610e+08 1.88638e+08 
8.87678e-03 5.60638e+04  1.91182e+08 1.91213e+08 
8.93761e-03 5.41552e+04  1.93772e+08 1.93799e+08 
8.99842e-03 5.11690e+04  1.96376e+08 1.96400e+08 
9.05923e-03 4.78007e+04  1.98999e+08 1.99018e+08 
9.12004e-03 4.52781e+04  2.01641e+08 2.01657e+08 
9.18084e-03 4.63735e+04  2.04297e+08 2.04315e+08 
9.24163e-03 4.91322e+04  2.06966e+08 2.06989e+08 
9.30242e-03 4.94138e+04  2.09657e+08 2.09679e+08 
9.36322e-03 4.82893e+04  2.12364e+08 2.12384e+08 
9.42400e-03 4.81949e+04  2.15085e+08 2.15104e+08 
9.48476e-03 4.84151e+04  2.17824e+08 2.17843e+08 
9.54553e-03 4.95196e+04  2.20580e+08 2.20601e+08 
9.60629e-03 5.24650e+04  2.23350e+08 2.23376e+08 
9.66705e-03 5.35302e+04  2.26138e+08 2.26166e+08 
9.72779e-03 5.03506e+04  2.28946e+08 2.28969e+08 
9.78853e-03 4.72306e+04  2.31767e+08 2.31786e+08 
9.84927e-03 4.68040e+04  2.34602e+08 2.34620e+08 
9.91001e-03 4.65984e+04  2.37456e+08 2.37474e+08 
9.97074e-03 4.69208e+04  2.40330e+08 2.40348e+08 
1.00000e-02 4.81275e+04  2.41719e+08 2.41738e+08 
