              
 0.0000E+00  0.0000E+00  0.0000E+00               
 0.0000E+00  0.0000E+00  0.0000E+00               

 1.5840E+07 -3.4785E+07 -1.5840E+07               
 1.5840E+07 -3.4785E+07 -1.5840E+07               

 4.7016E+06 -5.2071E+07 -4.7016E+06               
 4.7016E+06 -5.6999E+07 -4.7016E+06               

-1.2387E+07 -6.6227E+07  1.2387E+07               
-1.2387E+07 -7.6075E+07  1.2387E+07               

-9.1653E+06 -9.3210E+07  9.1653E+06               
-9.1653E+06 -1.0797E+08  9.1653E+06               

 7.5025E+06 -1.2808E+08 -7.5025E+06               
 7.5025E+06 -1.4774E+08 -7.5025E+06               

 1.1212E+07 -1.5449E+08 -1.1212E+07               
 1.1212E+07 -1.7905E+08 -1.1212E+07               

-2.3376E+06 -1.7040E+08  2.3376E+06               
-2.3376E+06 -1.9985E+08  2.3376E+06               

-1.1013E+07 -1.8975E+08  1.1013E+07               
-1.1013E+07 -2.2408E+08  1.1013E+07               

-2.2377E+06 -2.1984E+08  2.2377E+06               
-2.2377E+06 -2.5905E+08  2.2377E+06               

 9.0260E+06 -2.5104E+08 -9.0260E+06               
 9.0260E+06 -2.9511E+08 -9.0260E+06               

 5.5352E+06 -2.7294E+08 -5.5352E+06               
 5.5352E+06 -3.2187E+08 -5.5352E+06               

-5.9678E+06 -2.9018E+08  5.9678E+06               
-5.9678E+06 -3.4397E+08  5.9678E+06               

-7.3106E+06 -3.1392E+08  7.3106E+06               
-7.3106E+06 -3.7255E+08  7.3106E+06               

 2.5177E+06 -3.4434E+08 -2.5177E+06               
 2.5177E+06 -4.0780E+08 -2.5177E+06               

 7.5465E+06 -3.7147E+08 -7.5465E+06               
 7.5465E+06 -4.3976E+08 -7.5465E+06               

 6.4416E+05 -3.9126E+08 -6.4416E+05               
 6.4416E+05 -4.6438E+08 -6.4416E+05               

-6.5454E+06 -4.1115E+08  6.5454E+06               
-6.5454E+06 -4.8908E+08  6.5454E+06               

-3.1084E+06 -4.3761E+08  3.1084E+06               
-3.1084E+06 -5.2035E+08  3.1084E+06               

 4.6851E+06 -4.6649E+08 -4.6851E+06               
 4.6851E+06 -5.5403E+08 -4.6851E+06               

 4.5832E+06 -4.9034E+08 -4.5832E+06               
 4.5832E+06 -5.8267E+08 -4.5832E+06               

-2.4695E+06 -5.1004E+08  2.4695E+06               
-2.4695E+06 -6.0716E+08  2.4695E+06               

-5.0704E+06 -5.3264E+08  5.0704E+06               
-5.0704E+06 -6.3454E+08  5.0704E+06               

 2.8212E+05 -5.6003E+08 -2.8212E+05               
 2.8212E+05 -6.6670E+08 -2.8212E+05               

 4.6593E+06 -5.8660E+08 -4.6593E+06               
 4.6593E+06 -6.9804E+08 -4.6593E+06               

 1.5026E+06 -6.0850E+08 -1.5026E+06               
 1.5026E+06 -7.2470E+08 -1.5026E+06               

-3.6287E+06 -6.2934E+08  3.6287E+06               
-3.6287E+06 -7.5028E+08  3.6287E+06               

-2.7269E+06 -6.5392E+08  2.7269E+06               
-2.7269E+06 -7.7961E+08  2.7269E+06               

 2.2286E+06 -6.8084E+08 -2.2286E+06               
 2.2286E+06 -8.1126E+08 -2.2286E+06               

 3.2801E+06 -7.0522E+08 -3.2801E+06               
 3.2801E+06 -8.4037E+08 -3.2801E+06               

-7.8380E+05 -7.2651E+08  7.8380E+05               
-7.8380E+05 -8.6638E+08  7.8380E+05               

-3.2485E+06 -7.4888E+08  3.2485E+06               
-3.2485E+06 -8.9347E+08  3.2485E+06               

-5.1394E+05 -7.7439E+08  5.1394E+05               
-5.1394E+05 -9.2369E+08  5.1394E+05               

 2.7212E+06 -8.0006E+08 -2.7212E+06               
 2.7212E+06 -9.5405E+08 -2.7212E+06               

 1.4629E+06 -8.2292E+08 -1.4629E+06               
 1.4629E+06 -9.8161E+08 -1.4629E+06               

-1.9123E+06 -8.4456E+08  1.9123E+06               
-1.9123E+06 -1.0079E+09  1.9123E+06               

-2.0280E+06 -8.6823E+08  2.0280E+06               
-2.0280E+06 -1.0363E+09  2.0280E+06               

 9.6391E+05 -8.9370E+08 -9.6391E+05               
 9.6391E+05 -1.0664E+09 -9.6391E+05               

 2.1687E+06 -9.1798E+08 -2.1687E+06               
 2.1687E+06 -1.0954E+09 -2.1687E+06               

-7.9669E+04 -9.4015E+08  7.9669E+04               
-7.9669E+04 -1.1222E+09  7.9669E+04               

-1.9854E+06 -9.6258E+08  1.9854E+06               
-1.9854E+06 -1.1493E+09  1.9854E+06               

-6.6016E+05 -9.8696E+08  6.6016E+05               
-6.6016E+05 -1.1783E+09  6.6016E+05               

 1.5359E+06 -1.0118E+09 -1.5359E+06               
 1.5359E+06 -1.2078E+09 -1.5359E+06               

 1.1424E+06 -1.0350E+09 -1.1424E+06               
 1.1424E+06 -1.2356E+09 -1.1424E+06               

-9.7417E+05 -1.0571E+09  9.7417E+05               
-9.7417E+05 -1.2623E+09  9.7417E+05               

-1.3857E+06 -1.0803E+09  1.3857E+06               
-1.3857E+06 -1.2902E+09  1.3857E+06               

 3.6812E+05 -1.1048E+09 -3.6812E+05               
 3.6812E+05 -1.3193E+09 -3.6812E+05               

 1.3692E+06 -1.1287E+09 -1.3692E+06               
 1.3692E+06 -1.3478E+09 -1.3692E+06               

 1.5213E+05 -1.1513E+09 -1.5213E+05               
 1.5213E+05 -1.3750E+09 -1.5213E+05               

-1.1831E+06 -1.1738E+09  1.1831E+06               
-1.1831E+06 -1.4021E+09  1.1831E+06               

-5.6639E+05 -1.1975E+09  5.6639E+05               
-5.6639E+05 -1.4304E+09  5.6639E+05               

 8.5327E+05 -1.2216E+09 -8.5327E+05               
 8.5327E+05 -1.4590E+09 -8.5327E+05               

 8.0357E+05 -1.2448E+09 -8.0357E+05               
 8.0357E+05 -1.4868E+09 -8.0357E+05               

-4.8966E+05 -1.2672E+09  4.8966E+05               
-4.8966E+05 -1.5138E+09  4.8966E+05               

-9.0224E+05 -1.2902E+09  9.0224E+05               
-9.0224E+05 -1.5413E+09  9.0224E+05               

 1.1408E+05 -1.3140E+09 -1.1408E+05               
 1.1408E+05 -1.5696E+09 -1.1408E+05               

 8.4237E+05 -1.3375E+09 -8.4237E+05               
 8.4237E+05 -1.5977E+09 -8.4237E+05               

 1.8490E+05 -1.3602E+09 -1.8490E+05               
 1.8490E+05 -1.6249E+09 -1.8490E+05               

-6.9945E+05 -1.3828E+09  6.9945E+05               
-6.9945E+05 -1.6520E+09  6.9945E+05               

-4.1767E+05 -1.4060E+09  4.1767E+05               
-4.1767E+05 -1.6798E+09  4.1767E+05               

 4.7483E+05 -1.4296E+09 -4.7483E+05               
 4.7483E+05 -1.7078E+09 -4.7483E+05               

 5.3182E+05 -1.4526E+09 -5.3182E+05               
 5.3182E+05 -1.7354E+09 -5.3182E+05               

-2.5006E+05 -1.4751E+09  2.5006E+05               
-2.5006E+05 -1.7624E+09  2.5006E+05               

-5.7146E+05 -1.4979E+09  5.7146E+05               
-5.7146E+05 -1.7896E+09  5.7146E+05               

 1.9896E+04 -1.5211E+09 -1.9896E+04               
 1.9896E+04 -1.8174E+09 -1.9896E+04               

 5.1191E+05 -1.5443E+09 -5.1191E+05               
 5.1191E+05 -1.8451E+09 -5.1191E+05               

 1.4961E+05 -1.5670E+09 -1.4961E+05               
 1.4961E+05 -1.8722E+09 -1.4961E+05               

-4.1612E+05 -1.5895E+09  4.1612E+05               
-4.1612E+05 -1.8992E+09  4.1612E+05               

-2.8386E+05 -1.6124E+09  2.8386E+05               
-2.8386E+05 -1.9265E+09  2.8386E+05               

 2.6912E+05 -1.6355E+09 -2.6912E+05               
 2.6912E+05 -1.9541E+09 -2.6912E+05               

 3.3809E+05 -1.6583E+09 -3.3809E+05               
 3.3809E+05 -1.9814E+09 -3.3809E+05               

-1.3501E+05 -1.6808E+09  1.3501E+05               
-1.3501E+05 -2.0083E+09  1.3501E+05               

-3.5669E+05 -1.7034E+09  3.5669E+05               
-3.5669E+05 -2.0353E+09  3.5669E+05               

-6.6498E+03 -1.7263E+09  6.6498E+03               
-6.6498E+03 -2.0626E+09  6.6498E+03               

 3.0995E+05 -1.7491E+09 -3.0995E+05               
 3.0995E+05 -2.0899E+09 -3.0995E+05               

 1.0182E+05 -1.7716E+09 -1.0182E+05               
 1.0182E+05 -2.1168E+09 -1.0182E+05               

-2.5190E+05 -1.7941E+09  2.5190E+05               
-2.5190E+05 -2.1437E+09  2.5190E+05               

-1.8299E+05 -1.8167E+09  1.8299E+05               
-1.8299E+05 -2.1707E+09  1.8299E+05               

 1.5739E+05 -1.8395E+09 -1.5739E+05               
 1.5739E+05 -2.1979E+09 -1.5739E+05               

 2.0840E+05 -1.8620E+09 -2.0840E+05               
 2.0840E+05 -2.2248E+09 -2.0840E+05               

-8.0204E+04 -1.8844E+09  8.0204E+04               
-8.0204E+04 -2.2516E+09  8.0204E+04               

-2.2114E+05 -1.9068E+09  2.2114E+05               
-2.2114E+05 -2.2784E+09  2.2114E+05               

-1.2893E+05 -1.9204E+09  1.2893E+05               
-1.2893E+05 -2.2964E+09  1.2893E+05               

 0.0000E+00  0.0000E+00  0.0000E+00               
 0.0000E+00  0.0000E+00  0.0000E+00               

 1.5840E+07 -3.4785E+07 -1.5840E+07               
 1.5840E+07 -3.4785E+07 -1.5840E+07               

 4.7016E+06 -5.2071E+07 -4.7016E+06               
 4.7016E+06 -5.6999E+07 -4.7016E+06               

-1.2387E+07 -6.6227E+07  1.2387E+07               
-1.2387E+07 -7.6075E+07  1.2387E+07               

-9.1653E+06 -9.3210E+07  9.1653E+06               
-9.1653E+06 -1.0797E+08  9.1653E+06               

 7.5025E+06 -1.2808E+08 -7.5025E+06               
 7.5025E+06 -1.4774E+08 -7.5025E+06               

 1.1212E+07 -1.5449E+08 -1.1212E+07               
 1.1212E+07 -1.7905E+08 -1.1212E+07               

-2.3376E+06 -1.7040E+08  2.3376E+06               
-2.3376E+06 -1.9985E+08  2.3376E+06               

-1.1013E+07 -1.8975E+08  1.1013E+07               
-1.1013E+07 -2.2408E+08  1.1013E+07               

-2.2377E+06 -2.1984E+08  2.2377E+06               
-2.2377E+06 -2.5905E+08  2.2377E+06               

 9.0260E+06 -2.5104E+08 -9.0260E+06               
 9.0260E+06 -2.9511E+08 -9.0260E+06               

 5.5352E+06 -2.7294E+08 -5.5352E+06               
 5.5352E+06 -3.2187E+08 -5.5352E+06               

-5.9678E+06 -2.9018E+08  5.9678E+06               
-5.9678E+06 -3.4397E+08  5.9678E+06               

-7.3106E+06 -3.1392E+08  7.3106E+06               
-7.3106E+06 -3.7255E+08  7.3106E+06               

 2.5177E+06 -3.4434E+08 -2.5177E+06               
 2.5177E+06 -4.0780E+08 -2.5177E+06               

 7.5465E+06 -3.7147E+08 -7.5465E+06               
 7.5465E+06 -4.3976E+08 -7.5465E+06               

 6.4416E+05 -3.9126E+08 -6.4416E+05               
 6.4416E+05 -4.6438E+08 -6.4416E+05               

-6.5454E+06 -4.1115E+08  6.5454E+06               
-6.5454E+06 -4.8908E+08  6.5454E+06               

-3.1084E+06 -4.3761E+08  3.1084E+06               
-3.1084E+06 -5.2035E+08  3.1084E+06               

 4.6851E+06 -4.6649E+08 -4.6851E+06               
 4.6851E+06 -5.5403E+08 -4.6851E+06               

 4.5832E+06 -4.9034E+08 -4.5832E+06               
 4.5832E+06 -5.8267E+08 -4.5832E+06               

-2.4695E+06 -5.1004E+08  2.4695E+06               
-2.4695E+06 -6.0716E+08  2.4695E+06               

-5.0704E+06 -5.3264E+08  5.0704E+06               
-5.0704E+06 -6.3454E+08  5.0704E+06               

 2.8212E+05 -5.6003E+08 -2.8212E+05               
 2.8212E+05 -6.6670E+08 -2.8212E+05               

 4.6593E+06 -5.8660E+08 -4.6593E+06               
 4.6593E+06 -6.9804E+08 -4.6593E+06               

 1.5026E+06 -6.0850E+08 -1.5026E+06               
 1.5026E+06 -7.2470E+08 -1.5026E+06               

-3.6287E+06 -6.2934E+08  3.6287E+06               
-3.6287E+06 -7.5028E+08  3.6287E+06               

-2.7269E+06 -6.5392E+08  2.7269E+06               
-2.7269E+06 -7.7961E+08  2.7269E+06               

 2.2286E+06 -6.8084E+08 -2.2286E+06               
 2.2286E+06 -8.1126E+08 -2.2286E+06               

 3.2801E+06 -7.0522E+08 -3.2801E+06               
 3.2801E+06 -8.4037E+08 -3.2801E+06               

-7.8380E+05 -7.2651E+08  7.8380E+05               
-7.8380E+05 -8.6638E+08  7.8380E+05               

-3.2485E+06 -7.4888E+08  3.2485E+06               
-3.2485E+06 -8.9347E+08  3.2485E+06               

-5.1394E+05 -7.7439E+08  5.1394E+05               
-5.1394E+05 -9.2369E+08  5.1394E+05               

 2.7212E+06 -8.0006E+08 -2.7212E+06               
 2.7212E+06 -9.5405E+08 -2.7212E+06               

 1.4629E+06 -8.2292E+08 -1.4629E+06               
 1.4629E+06 -9.8161E+08 -1.4629E+06               

-1.9123E+06 -8.4456E+08  1.9123E+06               
-1.9123E+06 -1.0079E+09  1.9123E+06               

-2.0280E+06 -8.6823E+08  2.0280E+06               
-2.0280E+06 -1.0363E+09  2.0280E+06               

 9.6391E+05 -8.9370E+08 -9.6391E+05               
 9.6391E+05 -1.0664E+09 -9.6391E+05               

 2.1687E+06 -9.1798E+08 -2.1687E+06               
 2.1687E+06 -1.0954E+09 -2.1687E+06               

-7.9669E+04 -9.4015E+08  7.9669E+04               
-7.9669E+04 -1.1222E+09  7.9669E+04               

-1.9854E+06 -9.6258E+08  1.9854E+06               
-1.9854E+06 -1.1493E+09  1.9854E+06               

-6.6016E+05 -9.8696E+08  6.6016E+05               
-6.6016E+05 -1.1783E+09  6.6016E+05               

 1.5359E+06 -1.0118E+09 -1.5359E+06               
 1.5359E+06 -1.2078E+09 -1.5359E+06               

 1.1424E+06 -1.0350E+09 -1.1424E+06               
 1.1424E+06 -1.2356E+09 -1.1424E+06               

-9.7417E+05 -1.0571E+09  9.7417E+05               
-9.7417E+05 -1.2623E+09  9.7417E+05               

-1.3857E+06 -1.0803E+09  1.3857E+06               
-1.3857E+06 -1.2902E+09  1.3857E+06               

 3.6812E+05 -1.1048E+09 -3.6812E+05               
 3.6812E+05 -1.3193E+09 -3.6812E+05               

 1.3692E+06 -1.1287E+09 -1.3692E+06               
 1.3692E+06 -1.3478E+09 -1.3692E+06               

 1.5213E+05 -1.1513E+09 -1.5213E+05               
 1.5213E+05 -1.3750E+09 -1.5213E+05               

-1.1831E+06 -1.1738E+09  1.1831E+06               
-1.1831E+06 -1.4021E+09  1.1831E+06               

-5.6639E+05 -1.1975E+09  5.6639E+05               
-5.6639E+05 -1.4304E+09  5.6639E+05               

 8.5327E+05 -1.2216E+09 -8.5327E+05               
 8.5327E+05 -1.4590E+09 -8.5327E+05               

 8.0357E+05 -1.2448E+09 -8.0357E+05               
 8.0357E+05 -1.4868E+09 -8.0357E+05               

-4.8966E+05 -1.2672E+09  4.8966E+05               
-4.8966E+05 -1.5138E+09  4.8966E+05               

-9.0224E+05 -1.2902E+09  9.0224E+05               
-9.0224E+05 -1.5413E+09  9.0224E+05               

 1.1408E+05 -1.3140E+09 -1.1408E+05               
 1.1408E+05 -1.5696E+09 -1.1408E+05               

 8.4237E+05 -1.3375E+09 -8.4237E+05               
 8.4237E+05 -1.5977E+09 -8.4237E+05               

 1.8490E+05 -1.3602E+09 -1.8490E+05               
 1.8490E+05 -1.6249E+09 -1.8490E+05               

-6.9945E+05 -1.3828E+09  6.9945E+05               
-6.9945E+05 -1.6520E+09  6.9945E+05               

-4.1767E+05 -1.4060E+09  4.1767E+05               
-4.1767E+05 -1.6798E+09  4.1767E+05               

 4.7483E+05 -1.4296E+09 -4.7483E+05               
 4.7483E+05 -1.7078E+09 -4.7483E+05               

 5.3182E+05 -1.4526E+09 -5.3182E+05               
 5.3182E+05 -1.7354E+09 -5.3182E+05               

-2.5006E+05 -1.4751E+09  2.5006E+05               
-2.5006E+05 -1.7624E+09  2.5006E+05               

-5.7146E+05 -1.4979E+09  5.7146E+05               
-5.7146E+05 -1.7896E+09  5.7146E+05               

 1.9896E+04 -1.5211E+09 -1.9896E+04               
 1.9896E+04 -1.8174E+09 -1.9896E+04               

 5.1191E+05 -1.5443E+09 -5.1191E+05               
 5.1191E+05 -1.8451E+09 -5.1191E+05               

 1.4961E+05 -1.5670E+09 -1.4961E+05               
 1.4961E+05 -1.8722E+09 -1.4961E+05               

-4.1612E+05 -1.5895E+09  4.1612E+05               
-4.1612E+05 -1.8992E+09  4.1612E+05               

-2.8386E+05 -1.6124E+09  2.8386E+05               
-2.8386E+05 -1.9265E+09  2.8386E+05               

 2.6912E+05 -1.6355E+09 -2.6912E+05               
 2.6912E+05 -1.9541E+09 -2.6912E+05               

 3.3809E+05 -1.6583E+09 -3.3809E+05               
 3.3809E+05 -1.9814E+09 -3.3809E+05               

-1.3501E+05 -1.6808E+09  1.3501E+05               
-1.3501E+05 -2.0083E+09  1.3501E+05               

-3.5669E+05 -1.7034E+09  3.5669E+05               
-3.5669E+05 -2.0353E+09  3.5669E+05               

-6.6498E+03 -1.7263E+09  6.6498E+03               
-6.6498E+03 -2.0626E+09  6.6498E+03               

 3.0995E+05 -1.7491E+09 -3.0995E+05               
 3.0995E+05 -2.0899E+09 -3.0995E+05               

 1.0182E+05 -1.7716E+09 -1.0182E+05               
 1.0182E+05 -2.1168E+09 -1.0182E+05               

-2.5190E+05 -1.7941E+09  2.5190E+05               
-2.5190E+05 -2.1437E+09  2.5190E+05               

-1.8299E+05 -1.8167E+09  1.8299E+05               
-1.8299E+05 -2.1707E+09  1.8299E+05               

 1.5739E+05 -1.8395E+09 -1.5739E+05               
 1.5739E+05 -2.1979E+09 -1.5739E+05               

 2.0840E+05 -1.8620E+09 -2.0840E+05               
 2.0840E+05 -2.2248E+09 -2.0840E+05               

-8.0204E+04 -1.8844E+09  8.0204E+04               
-8.0204E+04 -2.2516E+09  8.0204E+04               

-2.2114E+05 -1.9068E+09  2.2114E+05               
-2.2114E+05 -2.2784E+09  2.2114E+05               

-1.2893E+05 -1.9204E+09  1.2893E+05               
-1.2893E+05 -2.2964E+09  1.2893E+05               

 0.0000E+00  0.0000E+00  0.0000E+00               
 0.0000E+00  0.0000E+00  0.0000E+00               

 1.5840E+07 -3.4785E+07 -1.5840E+07               
 1.5840E+07 -3.4785E+07 -1.5840E+07               

 0.0000E+00  0.0000E+00  0.0000E+00               
 0.0000E+00  0.0000E+00  0.0000E+00               

 1.5840E+07 -3.4785E+07 -1.5840E+07               
 1.5840E+07 -3.4785E+07 -1.5840E+07               

 4.7016E+06 -5.2071E+07 -4.7016E+06               
 4.7016E+06 -5.2071E+07 -4.7016E+06               

-1.2387E+07 -6.6227E+07  1.2387E+07               
-1.2387E+07 -6.6227E+07  1.2387E+07               

-9.1653E+06 -9.3210E+07  9.1653E+06               
-9.1653E+06 -9.3210E+07  9.1653E+06               

 7.5025E+06 -1.2808E+08 -7.5025E+06               
 7.5025E+06 -1.2808E+08 -7.5025E+06               

 1.1212E+07 -1.5449E+08 -1.1212E+07               
 1.1212E+07 -1.5449E+08 -1.1212E+07               

-2.3376E+06 -1.7040E+08  2.3376E+06               
-2.3376E+06 -1.7040E+08  2.3376E+06               

-1.1013E+07 -1.8975E+08  1.1013E+07               
-1.1013E+07 -1.8975E+08  1.1013E+07               

-2.2377E+06 -2.1984E+08  2.2377E+06               
-2.2377E+06 -2.1984E+08  2.2377E+06               

 9.0260E+06 -2.5104E+08 -9.0260E+06               
 9.0260E+06 -2.5104E+08 -9.0260E+06               

 5.5352E+06 -2.7294E+08 -5.5352E+06               
 5.5352E+06 -2.7294E+08 -5.5352E+06               

-5.9678E+06 -2.9018E+08  5.9678E+06               
-5.9678E+06 -2.9018E+08  5.9678E+06               

-7.3106E+06 -3.1392E+08  7.3106E+06               
-7.3106E+06 -3.1392E+08  7.3106E+06               

 2.5177E+06 -3.4434E+08 -2.5177E+06               
 2.5177E+06 -3.4434E+08 -2.5177E+06               

 7.5465E+06 -3.7147E+08 -7.5465E+06               
 7.5465E+06 -3.7147E+08 -7.5465E+06               

 6.4416E+05 -3.9126E+08 -6.4416E+05               
 6.4416E+05 -3.9126E+08 -6.4416E+05               

-6.5454E+06 -4.1115E+08  6.5454E+06               
-6.5454E+06 -4.1115E+08  6.5454E+06               

-3.1084E+06 -4.3761E+08  3.1084E+06               
-3.1084E+06 -4.3761E+08  3.1084E+06               

 4.6851E+06 -4.6649E+08 -4.6851E+06               
 4.6851E+06 -4.6649E+08 -4.6851E+06               

 4.5832E+06 -4.9034E+08 -4.5832E+06               
 4.5832E+06 -4.9034E+08 -4.5832E+06               

-2.4695E+06 -5.1004E+08  2.4695E+06               
-2.4695E+06 -5.1004E+08  2.4695E+06               

-5.0704E+06 -5.3264E+08  5.0704E+06               
-5.0704E+06 -5.3264E+08  5.0704E+06               

 2.8212E+05 -5.6003E+08 -2.8212E+05               
 2.8212E+05 -5.6003E+08 -2.8212E+05               

 4.6593E+06 -5.8660E+08 -4.6593E+06               
 4.6593E+06 -5.8660E+08 -4.6593E+06               

 1.5026E+06 -6.0850E+08 -1.5026E+06               
 1.5026E+06 -6.0850E+08 -1.5026E+06               

-3.6287E+06 -6.2934E+08  3.6287E+06               
-3.6287E+06 -6.2934E+08  3.6287E+06               

-2.7269E+06 -6.5392E+08  2.7269E+06               
-2.7269E+06 -6.5392E+08  2.7269E+06               

 2.2286E+06 -6.8084E+08 -2.2286E+06               
 2.2286E+06 -6.8084E+08 -2.2286E+06               

 3.2801E+06 -7.0522E+08 -3.2801E+06               
 3.2801E+06 -7.0522E+08 -3.2801E+06               

-7.8380E+05 -7.2651E+08  7.8380E+05               
-7.8380E+05 -7.2651E+08  7.8380E+05               

-3.2485E+06 -7.4888E+08  3.2485E+06               
-3.2485E+06 -7.4888E+08  3.2485E+06               

-5.1394E+05 -7.7439E+08  5.1394E+05               
-5.1394E+05 -7.7439E+08  5.1394E+05               

 2.7212E+06 -8.0006E+08 -2.7212E+06               
 2.7212E+06 -8.0006E+08 -2.7212E+06               

 1.4629E+06 -8.2292E+08 -1.4629E+06               
 1.4629E+06 -8.2292E+08 -1.4629E+06               

-1.9123E+06 -8.4456E+08  1.9123E+06               
-1.9123E+06 -8.4456E+08  1.9123E+06               

-2.0280E+06 -8.6823E+08  2.0280E+06               
-2.0280E+06 -8.6823E+08  2.0280E+06               

 9.6391E+05 -8.9370E+08 -9.6391E+05               
 9.6391E+05 -8.9370E+08 -9.6391E+05               

 2.1687E+06 -9.1798E+08 -2.1687E+06               
 2.1687E+06 -9.1798E+08 -2.1687E+06               

-7.9669E+04 -9.4015E+08  7.9669E+04               
-7.9669E+04 -9.4015E+08  7.9669E+04               

-1.9854E+06 -9.6258E+08  1.9854E+06               
-1.9854E+06 -9.6258E+08  1.9854E+06               

-6.6016E+05 -9.8696E+08  6.6016E+05               
-6.6016E+05 -9.8696E+08  6.6016E+05               

 1.5359E+06 -1.0118E+09 -1.5359E+06               
 1.5359E+06 -1.0118E+09 -1.5359E+06               

 1.1424E+06 -1.0350E+09 -1.1424E+06               
 1.1424E+06 -1.0350E+09 -1.1424E+06               

-9.7417E+05 -1.0571E+09  9.7417E+05               
-9.7417E+05 -1.0571E+09  9.7417E+05               

-1.3857E+06 -1.0803E+09  1.3857E+06               
-1.3857E+06 -1.0803E+09  1.3857E+06               

 3.6812E+05 -1.1048E+09 -3.6812E+05               
 3.6812E+05 -1.1048E+09 -3.6812E+05               

 1.3692E+06 -1.1287E+09 -1.3692E+06               
 1.3692E+06 -1.1287E+09 -1.3692E+06               

 1.5213E+05 -1.1513E+09 -1.5213E+05               
 1.5213E+05 -1.1513E+09 -1.5213E+05               

-1.1831E+06 -1.1738E+09  1.1831E+06               
-1.1831E+06 -1.1738E+09  1.1831E+06               

-5.6639E+05 -1.1975E+09  5.6639E+05               
-5.6639E+05 -1.1975E+09  5.6639E+05               

 8.5327E+05 -1.2216E+09 -8.5327E+05               
 8.5327E+05 -1.2216E+09 -8.5327E+05               

 8.0357E+05 -1.2448E+09 -8.0357E+05               
 8.0357E+05 -1.2448E+09 -8.0357E+05               

-4.8966E+05 -1.2672E+09  4.8966E+05               
-4.8966E+05 -1.2672E+09  4.8966E+05               

-9.0224E+05 -1.2902E+09  9.0224E+05               
-9.0224E+05 -1.2902E+09  9.0224E+05               

 1.1408E+05 -1.3140E+09 -1.1408E+05               
 1.1408E+05 -1.3140E+09 -1.1408E+05               

 8.4237E+05 -1.3375E+09 -8.4237E+05               
 8.4237E+05 -1.3375E+09 -8.4237E+05               

 1.8490E+05 -1.3602E+09 -1.8490E+05               
 1.8490E+05 -1.3602E+09 -1.8490E+05               

-6.9945E+05 -1.3828E+09  6.9945E+05               
-6.9945E+05 -1.3828E+09  6.9945E+05               

-4.1767E+05 -1.4060E+09  4.1767E+05               
-4.1767E+05 -1.4060E+09  4.1767E+05               

 4.7483E+05 -1.4296E+09 -4.7483E+05               
 4.7483E+05 -1.4296E+09 -4.7483E+05               

 5.3182E+05 -1.4526E+09 -5.3182E+05               
 5.3182E+05 -1.4526E+09 -5.3182E+05               

-2.5006E+05 -1.4751E+09  2.5006E+05               
-2.5006E+05 -1.4751E+09  2.5006E+05               

-5.7146E+05 -1.4979E+09  5.7146E+05               
-5.7146E+05 -1.4979E+09  5.7146E+05               

 1.9896E+04 -1.5211E+09 -1.9896E+04               
 1.9896E+04 -1.5211E+09 -1.9896E+04               

 5.1191E+05 -1.5443E+09 -5.1191E+05               
 5.1191E+05 -1.5443E+09 -5.1191E+05               

 1.4961E+05 -1.5670E+09 -1.4961E+05               
 1.4961E+05 -1.5670E+09 -1.4961E+05               

-4.1612E+05 -1.5895E+09  4.1612E+05               
-4.1612E+05 -1.5895E+09  4.1612E+05               

-2.8386E+05 -1.6124E+09  2.8386E+05               
-2.8386E+05 -1.6124E+09  2.8386E+05               

 2.6912E+05 -1.6355E+09 -2.6912E+05               
 2.6912E+05 -1.6355E+09 -2.6912E+05               

 3.3809E+05 -1.6583E+09 -3.3809E+05               
 3.3809E+05 -1.6583E+09 -3.3809E+05               

-1.3501E+05 -1.6808E+09  1.3501E+05               
-1.3501E+05 -1.6808E+09  1.3501E+05               

-3.5669E+05 -1.7034E+09  3.5669E+05               
-3.5669E+05 -1.7034E+09  3.5669E+05               

-6.6498E+03 -1.7263E+09  6.6498E+03               
-6.6498E+03 -1.7263E+09  6.6498E+03               

 3.0995E+05 -1.7491E+09 -3.0995E+05               
 3.0995E+05 -1.7491E+09 -3.0995E+05               

 1.0182E+05 -1.7716E+09 -1.0182E+05               
 1.0182E+05 -1.7716E+09 -1.0182E+05               

-2.5190E+05 -1.7941E+09  2.5190E+05               
-2.5190E+05 -1.7941E+09  2.5190E+05               

-1.8299E+05 -1.8167E+09  1.8299E+05               
-1.8299E+05 -1.8167E+09  1.8299E+05               

 1.5739E+05 -1.8395E+09 -1.5739E+05               
 1.5739E+05 -1.8395E+09 -1.5739E+05               

 2.0840E+05 -1.8620E+09 -2.0840E+05               
 2.0840E+05 -1.8620E+09 -2.0840E+05               

-8.0204E+04 -1.8844E+09  8.0204E+04               
-8.0204E+04 -1.8844E+09  8.0204E+04               

-2.2114E+05 -1.9068E+09  2.2114E+05               
-2.2114E+05 -1.9068E+09  2.2114E+05               

-1.2893E+05 -1.9204E+09  1.2893E+05               
-1.2893E+05 -1.9204E+09  1.2893E+05               

 0.0000E+00  0.0000E+00  0.0000E+00               
 0.0000E+00  0.0000E+00  0.0000E+00               

 1.5840E+07 -3.4785E+07 -1.5840E+07               
 1.5840E+07 -3.4785E+07 -1.5840E+07               

 4.7016E+06 -5.2071E+07 -4.7016E+06               
 4.7016E+06 -5.6999E+07 -4.7016E+06               

-1.2387E+07 -6.6227E+07  1.2387E+07               
-1.2387E+07 -7.6075E+07  1.2387E+07               

-9.1653E+06 -9.3210E+07  9.1653E+06               
-9.1653E+06 -1.0797E+08  9.1653E+06               

 7.5025E+06 -1.2808E+08 -7.5025E+06               
 7.5025E+06 -1.4774E+08 -7.5025E+06               

 1.1212E+07 -1.5449E+08 -1.1212E+07               
 1.1212E+07 -1.7905E+08 -1.1212E+07               

-2.3376E+06 -1.7040E+08  2.3376E+06               
-2.3376E+06 -1.9985E+08  2.3376E+06               

-1.1013E+07 -1.8975E+08  1.1013E+07               
-1.1013E+07 -2.2408E+08  1.1013E+07               

-2.2377E+06 -2.1984E+08  2.2377E+06               
-2.2377E+06 -2.5905E+08  2.2377E+06               

 9.0260E+06 -2.5104E+08 -9.0260E+06               
 9.0260E+06 -2.9511E+08 -9.0260E+06               

 5.5352E+06 -2.7294E+08 -5.5352E+06               
 5.5352E+06 -3.2187E+08 -5.5352E+06               

-5.9678E+06 -2.9018E+08  5.9678E+06               
-5.9678E+06 -3.4397E+08  5.9678E+06               

-7.3106E+06 -3.1392E+08  7.3106E+06               
-7.3106E+06 -3.7255E+08  7.3106E+06               

 2.5177E+06 -3.4434E+08 -2.5177E+06               
 2.5177E+06 -4.0780E+08 -2.5177E+06               

 7.5465E+06 -3.7147E+08 -7.5465E+06               
 7.5465E+06 -4.3976E+08 -7.5465E+06               

 6.4416E+05 -3.9126E+08 -6.4416E+05               
 6.4416E+05 -4.6438E+08 -6.4416E+05               

-6.5454E+06 -4.1115E+08  6.5454E+06               
-6.5454E+06 -4.8908E+08  6.5454E+06               

-3.1084E+06 -4.3761E+08  3.1084E+06               
-3.1084E+06 -5.2035E+08  3.1084E+06               

 4.6851E+06 -4.6649E+08 -4.6851E+06               
 4.6851E+06 -5.5403E+08 -4.6851E+06               

 4.5832E+06 -4.9034E+08 -4.5832E+06               
 4.5832E+06 -5.8267E+08 -4.5832E+06               

-2.4695E+06 -5.1004E+08  2.4695E+06               
-2.4695E+06 -6.0716E+08  2.4695E+06               

-5.0704E+06 -5.3264E+08  5.0704E+06               
-5.0704E+06 -6.3454E+08  5.0704E+06               

 2.8212E+05 -5.6003E+08 -2.8212E+05               
 2.8212E+05 -6.6670E+08 -2.8212E+05               

 4.6593E+06 -5.8660E+08 -4.6593E+06               
 4.6593E+06 -6.9804E+08 -4.6593E+06               

 1.5026E+06 -6.0850E+08 -1.5026E+06               
 1.5026E+06 -7.2470E+08 -1.5026E+06               

-3.6287E+06 -6.2934E+08  3.6287E+06               
-3.6287E+06 -7.5028E+08  3.6287E+06               

-2.7269E+06 -6.5392E+08  2.7269E+06               
-2.7269E+06 -7.7961E+08  2.7269E+06               

 2.2286E+06 -6.8084E+08 -2.2286E+06               
 2.2286E+06 -8.1126E+08 -2.2286E+06               

 3.2801E+06 -7.0522E+08 -3.2801E+06               
 3.2801E+06 -8.4037E+08 -3.2801E+06               

-7.8380E+05 -7.2651E+08  7.8380E+05               
-7.8380E+05 -8.6638E+08  7.8380E+05               

-3.2485E+06 -7.4888E+08  3.2485E+06               
-3.2485E+06 -8.9347E+08  3.2485E+06               

-5.1394E+05 -7.7439E+08  5.1394E+05               
-5.1394E+05 -9.2369E+08  5.1394E+05               

 2.7212E+06 -8.0006E+08 -2.7212E+06               
 2.7212E+06 -9.5405E+08 -2.7212E+06               

 1.4629E+06 -8.2292E+08 -1.4629E+06               
 1.4629E+06 -9.8161E+08 -1.4629E+06               

-1.9123E+06 -8.4456E+08  1.9123E+06               
-1.9123E+06 -1.0079E+09  1.9123E+06               

-2.0280E+06 -8.6823E+08  2.0280E+06               
-2.0280E+06 -1.0363E+09  2.0280E+06               

 9.6391E+05 -8.9370E+08 -9.6391E+05               
 9.6391E+05 -1.0664E+09 -9.6391E+05               

 2.1687E+06 -9.1798E+08 -2.1687E+06               
 2.1687E+06 -1.0954E+09 -2.1687E+06               

-7.9669E+04 -9.4015E+08  7.9669E+04               
-7.9669E+04 -1.1222E+09  7.9669E+04               

-1.9854E+06 -9.6258E+08  1.9854E+06               
-1.9854E+06 -1.1493E+09  1.9854E+06               

-6.6016E+05 -9.8696E+08  6.6016E+05               
-6.6016E+05 -1.1783E+09  6.6016E+05               

 1.5359E+06 -1.0118E+09 -1.5359E+06               
 1.5359E+06 -1.2078E+09 -1.5359E+06               

 1.1424E+06 -1.0350E+09 -1.1424E+06               
 1.1424E+06 -1.2356E+09 -1.1424E+06               

-9.7417E+05 -1.0571E+09  9.7417E+05               
-9.7417E+05 -1.2623E+09  9.7417E+05               

-1.3857E+06 -1.0803E+09  1.3857E+06               
-1.3857E+06 -1.2902E+09  1.3857E+06               

 3.6812E+05 -1.1048E+09 -3.6812E+05               
 3.6812E+05 -1.3193E+09 -3.6812E+05               

 1.3692E+06 -1.1287E+09 -1.3692E+06               
 1.3692E+06 -1.3478E+09 -1.3692E+06               

 1.5213E+05 -1.1513E+09 -1.5213E+05               
 1.5213E+05 -1.3750E+09 -1.5213E+05               

-1.1831E+06 -1.1738E+09  1.1831E+06               
-1.1831E+06 -1.4021E+09  1.1831E+06               

-5.6639E+05 -1.1975E+09  5.6639E+05               
-5.6639E+05 -1.4304E+09  5.6639E+05               

 8.5327E+05 -1.2216E+09 -8.5327E+05               
 8.5327E+05 -1.4590E+09 -8.5327E+05               

 8.0357E+05 -1.2448E+09 -8.0357E+05               
 8.0357E+05 -1.4868E+09 -8.0357E+05               

-4.8966E+05 -1.2672E+09  4.8966E+05               
-4.8966E+05 -1.5138E+09  4.8966E+05               

-9.0224E+05 -1.2902E+09  9.0224E+05               
-9.0224E+05 -1.5413E+09  9.0224E+05               

 1.1408E+05 -1.3140E+09 -1.1408E+05               
 1.1408E+05 -1.5696E+09 -1.1408E+05               

 8.4237E+05 -1.3375E+09 -8.4237E+05               
 8.4237E+05 -1.5977E+09 -8.4237E+05               

 1.8490E+05 -1.3602E+09 -1.8490E+05               
 1.8490E+05 -1.6249E+09 -1.8490E+05               

-6.9945E+05 -1.3828E+09  6.9945E+05               
-6.9945E+05 -1.6520E+09  6.9945E+05               

-4.1767E+05 -1.4060E+09  4.1767E+05               
-4.1767E+05 -1.6798E+09  4.1767E+05               

 4.7483E+05 -1.4296E+09 -4.7483E+05               
 4.7483E+05 -1.7078E+09 -4.7483E+05               

 5.3182E+05 -1.4526E+09 -5.3182E+05               
 5.3182E+05 -1.7354E+09 -5.3182E+05               

-2.5006E+05 -1.4751E+09  2.5006E+05               
-2.5006E+05 -1.7624E+09  2.5006E+05               

-5.7146E+05 -1.4979E+09  5.7146E+05               
-5.7146E+05 -1.7896E+09  5.7146E+05               

 1.9896E+04 -1.5211E+09 -1.9896E+04               
 1.9896E+04 -1.8174E+09 -1.9896E+04               

 5.1191E+05 -1.5443E+09 -5.1191E+05               
 5.1191E+05 -1.8451E+09 -5.1191E+05               

 1.4961E+05 -1.5670E+09 -1.4961E+05               
 1.4961E+05 -1.8722E+09 -1.4961E+05               

-4.1612E+05 -1.5895E+09  4.1612E+05               
-4.1612E+05 -1.8992E+09  4.1612E+05               

-2.8386E+05 -1.6124E+09  2.8386E+05               
-2.8386E+05 -1.9265E+09  2.8386E+05               

 2.6912E+05 -1.6355E+09 -2.6912E+05               
 2.6912E+05 -1.9541E+09 -2.6912E+05               

 3.3809E+05 -1.6583E+09 -3.3809E+05               
 3.3809E+05 -1.9814E+09 -3.3809E+05               

-1.3501E+05 -1.6808E+09  1.3501E+05               
-1.3501E+05 -2.0083E+09  1.3501E+05               

-3.5669E+05 -1.7034E+09  3.5669E+05               
-3.5669E+05 -2.0353E+09  3.5669E+05               

-6.6498E+03 -1.7263E+09  6.6498E+03               
-6.6498E+03 -2.0626E+09  6.6498E+03               

 3.0995E+05 -1.7491E+09 -3.0995E+05               
 3.0995E+05 -2.0899E+09 -3.0995E+05               

 1.0182E+05 -1.7716E+09 -1.0182E+05               
 1.0182E+05 -2.1168E+09 -1.0182E+05               

-2.5190E+05 -1.7941E+09  2.5190E+05               
-2.5190E+05 -2.1437E+09  2.5190E+05               

-1.8299E+05 -1.8167E+09  1.8299E+05               
-1.8299E+05 -2.1707E+09  1.8299E+05               

 1.5739E+05 -1.8395E+09 -1.5739E+05               
 1.5739E+05 -2.1979E+09 -1.5739E+05               

 2.0840E+05 -1.8620E+09 -2.0840E+05               
 2.0840E+05 -2.2248E+09 -2.0840E+05               

-8.0204E+04 -1.8844E+09  8.0204E+04               
-8.0204E+04 -2.2516E+09  8.0204E+04               

-2.2114E+05 -1.9068E+09  2.2114E+05               
-2.2114E+05 -2.2784E+09  2.2114E+05               

-1.2893E+05 -1.9204E+09  1.2893E+05               
-1.2893E+05 -2.2964E+09  1.2893E+05               

 0.0000E+00  0.0000E+00  0.0000E+00               
 0.0000E+00  0.0000E+00  0.0000E+00               

 1.5840E+07 -3.4785E+07 -1.5840E+07               
 1.5840E+07 -3.4785E+07 -1.5840E+07               

 4.7016E+06 -5.2071E+07 -4.7016E+06               
 4.7016E+06 -5.2071E+07 -4.7016E+06               

-1.2387E+07 -6.6227E+07  1.2387E+07               
-1.2387E+07 -6.6227E+07  1.2387E+07               

-9.1653E+06 -9.3210E+07  9.1653E+06               
-9.1653E+06 -9.3210E+07  9.1653E+06               

 7.5025E+06 -1.2808E+08 -7.5025E+06               
 7.5025E+06 -1.2808E+08 -7.5025E+06               

 1.1212E+07 -1.5449E+08 -1.1212E+07               
 1.1212E+07 -1.5449E+08 -1.1212E+07               

-2.3376E+06 -1.7040E+08  2.3376E+06               
-2.3376E+06 -1.7040E+08  2.3376E+06               

-1.1013E+07 -1.8975E+08  1.1013E+07               
-1.1013E+07 -1.8975E+08  1.1013E+07               

-2.2377E+06 -2.1984E+08  2.2377E+06               
-2.2377E+06 -2.1984E+08  2.2377E+06               

 9.0260E+06 -2.5104E+08 -9.0260E+06               
 9.0260E+06 -2.5104E+08 -9.0260E+06               

 5.5352E+06 -2.7294E+08 -5.5352E+06               
 5.5352E+06 -2.7294E+08 -5.5352E+06               

-5.9678E+06 -2.9018E+08  5.9678E+06               
-5.9678E+06 -2.9018E+08  5.9678E+06               

-7.3106E+06 -3.1392E+08  7.3106E+06               
-7.3106E+06 -3.1392E+08  7.3106E+06               

 2.5177E+06 -3.4434E+08 -2.5177E+06               
 2.5177E+06 -3.4434E+08 -2.5177E+06               

 7.5465E+06 -3.7147E+08 -7.5465E+06               
 7.5465E+06 -3.7147E+08 -7.5465E+06               

 6.4416E+05 -3.9126E+08 -6.4416E+05               
 6.4416E+05 -3.9126E+08 -6.4416E+05               

-6.5454E+06 -4.1115E+08  6.5454E+06               
-6.5454E+06 -4.1115E+08  6.5454E+06               

-3.1084E+06 -4.3761E+08  3.1084E+06               
-3.1084E+06 -4.3761E+08  3.1084E+06               

 4.6851E+06 -4.6649E+08 -4.6851E+06               
 4.6851E+06 -4.6649E+08 -4.6851E+06               

 4.5832E+06 -4.9034E+08 -4.5832E+06               
 4.5832E+06 -4.9034E+08 -4.5832E+06               

-2.4695E+06 -5.1004E+08  2.4695E+06               
-2.4695E+06 -5.1004E+08  2.4695E+06               

-5.0704E+06 -5.3264E+08  5.0704E+06               
-5.0704E+06 -5.3264E+08  5.0704E+06               

 2.8212E+05 -5.6003E+08 -2.8212E+05               
 2.8212E+05 -5.6003E+08 -2.8212E+05               

 4.6593E+06 -5.8660E+08 -4.6593E+06               
 4.6593E+06 -5.8660E+08 -4.6593E+06               

 1.5026E+06 -6.0850E+08 -1.5026E+06               
 1.5026E+06 -6.0850E+08 -1.5026E+06               

-3.6287E+06 -6.2934E+08  3.6287E+06               
-3.6287E+06 -6.2934E+08  3.6287E+06               

-2.7269E+06 -6.5392E+08  2.7269E+06               
-2.7269E+06 -6.5392E+08  2.7269E+06               

 2.2286E+06 -6.8084E+08 -2.2286E+06               
 2.2286E+06 -6.8084E+08 -2.2286E+06               

 3.2801E+06 -7.0522E+08 -3.2801E+06               
 3.2801E+06 -7.0522E+08 -3.2801E+06               

-7.8380E+05 -7.2651E+08  7.8380E+05               
-7.8380E+05 -7.2651E+08  7.8380E+05               

-3.2485E+06 -7.4888E+08  3.2485E+06               
-3.2485E+06 -7.4888E+08  3.2485E+06               

-5.1394E+05 -7.7439E+08  5.1394E+05               
-5.1394E+05 -7.7439E+08  5.1394E+05               

 2.7212E+06 -8.0006E+08 -2.7212E+06               
 2.7212E+06 -8.0006E+08 -2.7212E+06               

 1.4629E+06 -8.2292E+08 -1.4629E+06               
 1.4629E+06 -8.2292E+08 -1.4629E+06               

-1.9123E+06 -8.4456E+08  1.9123E+06               
-1.9123E+06 -8.4456E+08  1.9123E+06               

-2.0280E+06 -8.6823E+08  2.0280E+06               
-2.0280E+06 -8.6823E+08  2.0280E+06               

 9.6391E+05 -8.9370E+08 -9.6391E+05               
 9.6391E+05 -8.9370E+08 -9.6391E+05               

 2.1687E+06 -9.1798E+08 -2.1687E+06               
 2.1687E+06 -9.1798E+08 -2.1687E+06               

-7.9669E+04 -9.4015E+08  7.9669E+04               
-7.9669E+04 -9.4015E+08  7.9669E+04               

-1.9854E+06 -9.6258E+08  1.9854E+06               
-1.9854E+06 -9.6258E+08  1.9854E+06               

-6.6016E+05 -9.8696E+08  6.6016E+05               
-6.6016E+05 -9.8696E+08  6.6016E+05               

 1.5359E+06 -1.0118E+09 -1.5359E+06               
 1.5359E+06 -1.0118E+09 -1.5359E+06               

 1.1424E+06 -1.0350E+09 -1.1424E+06               
 1.1424E+06 -1.0350E+09 -1.1424E+06               

-9.7417E+05 -1.0571E+09  9.7417E+05               
-9.7417E+05 -1.0571E+09  9.7417E+05               

-1.3857E+06 -1.0803E+09  1.3857E+06               
-1.3857E+06 -1.0803E+09  1.3857E+06               

 3.6812E+05 -1.1048E+09 -3.6812E+05               
 3.6812E+05 -1.1048E+09 -3.6812E+05               

 1.3692E+06 -1.1287E+09 -1.3692E+06               
 1.3692E+06 -1.1287E+09 -1.3692E+06               

 1.5213E+05 -1.1513E+09 -1.5213E+05               
 1.5213E+05 -1.1513E+09 -1.5213E+05               

-1.1831E+06 -1.1738E+09  1.1831E+06               
-1.1831E+06 -1.1738E+09  1.1831E+06               

-5.6639E+05 -1.1975E+09  5.6639E+05               
-5.6639E+05 -1.1975E+09  5.6639E+05               

 8.5327E+05 -1.2216E+09 -8.5327E+05               
 8.5327E+05 -1.2216E+09 -8.5327E+05               

 8.0357E+05 -1.2448E+09 -8.0357E+05               
 8.0357E+05 -1.2448E+09 -8.0357E+05               

-4.8966E+05 -1.2672E+09  4.8966E+05               
-4.8966E+05 -1.2672E+09  4.8966E+05               

-9.0224E+05 -1.2902E+09  9.0224E+05               
-9.0224E+05 -1.2902E+09  9.0224E+05               

 1.1408E+05 -1.3140E+09 -1.1408E+05               
 1.1408E+05 -1.3140E+09 -1.1408E+05               

 8.4237E+05 -1.3375E+09 -8.4237E+05               
 8.4237E+05 -1.3375E+09 -8.4237E+05               

 1.8490E+05 -1.3602E+09 -1.8490E+05               
 1.8490E+05 -1.3602E+09 -1.8490E+05               

-6.9945E+05 -1.3828E+09  6.9945E+05               
-6.9945E+05 -1.3828E+09  6.9945E+05               

-4.1767E+05 -1.4060E+09  4.1767E+05               
-4.1767E+05 -1.4060E+09  4.1767E+05               

 4.7483E+05 -1.4296E+09 -4.7483E+05               
 4.7483E+05 -1.4296E+09 -4.7483E+05               

 5.3182E+05 -1.4526E+09 -5.3182E+05               
 5.3182E+05 -1.4526E+09 -5.3182E+05               

-2.5006E+05 -1.4751E+09  2.5006E+05               
-2.5006E+05 -1.4751E+09  2.5006E+05               

-5.7146E+05 -1.4979E+09  5.7146E+05               
-5.7146E+05 -1.4979E+09  5.7146E+05               

 1.9896E+04 -1.5211E+09 -1.9896E+04               
 1.9896E+04 -1.5211E+09 -1.9896E+04               

 5.1191E+05 -1.5443E+09 -5.1191E+05               
 5.1191E+05 -1.5443E+09 -5.1191E+05               

 1.4961E+05 -1.5670E+09 -1.4961E+05               
 1.4961E+05 -1.5670E+09 -1.4961E+05               

-4.1612E+05 -1.5895E+09  4.1612E+05               
-4.1612E+05 -1.5895E+09  4.1612E+05               

-2.8386E+05 -1.6124E+09  2.8386E+05               
-2.8386E+05 -1.6124E+09  2.8386E+05               

 2.6912E+05 -1.6355E+09 -2.6912E+05               
 2.6912E+05 -1.6355E+09 -2.6912E+05               

 3.3809E+05 -1.6583E+09 -3.3809E+05               
 3.3809E+05 -1.6583E+09 -3.3809E+05               

-1.3501E+05 -1.6808E+09  1.3501E+05               
-1.3501E+05 -1.6808E+09  1.3501E+05               

-3.5669E+05 -1.7034E+09  3.5669E+05               
-3.5669E+05 -1.7034E+09  3.5669E+05               

-6.6498E+03 -1.7263E+09  6.6498E+03               
-6.6498E+03 -1.7263E+09  6.6498E+03               

 3.0995E+05 -1.7491E+09 -3.0995E+05               
 3.0995E+05 -1.7491E+09 -3.0995E+05               

 1.0182E+05 -1.7716E+09 -1.0182E+05               
 1.0182E+05 -1.7716E+09 -1.0182E+05               

-2.5190E+05 -1.7941E+09  2.5190E+05               
-2.5190E+05 -1.7941E+09  2.5190E+05               

-1.8299E+05 -1.8167E+09  1.8299E+05               
-1.8299E+05 -1.8167E+09  1.8299E+05               

 1.5739E+05 -1.8395E+09 -1.5739E+05               
 1.5739E+05 -1.8395E+09 -1.5739E+05               

 2.0840E+05 -1.8620E+09 -2.0840E+05               
 2.0840E+05 -1.8620E+09 -2.0840E+05               

-8.0204E+04 -1.8844E+09  8.0204E+04               
-8.0204E+04 -1.8844E+09  8.0204E+04               

-2.2114E+05 -1.9068E+09  2.2114E+05               
-2.2114E+05 -1.9068E+09  2.2114E+05               

-1.2893E+05 -1.9204E+09  1.2893E+05               
-1.2893E+05 -1.9204E+09  1.2893E+05               

 0.0000E+00  0.0000E+00  0.0000E+00               
 0.0000E+00  0.0000E+00  0.0000E+00               

 1.5840E+07 -3.4785E+07 -1.5840E+07               
 1.5840E+07 -3.4785E+07 -1.5840E+07               

 4.7016E+06 -5.2071E+07 -4.7016E+06               
 4.7016E+06 -5.6999E+07 -4.7016E+06               

-1.2387E+07 -6.6227E+07  1.2387E+07               
-1.2387E+07 -7.6075E+07  1.2387E+07               

-9.1653E+06 -9.3210E+07  9.1653E+06               
-9.1653E+06 -1.0797E+08  9.1653E+06               

 7.5025E+06 -1.2808E+08 -7.5025E+06               
 7.5025E+06 -1.4774E+08 -7.5025E+06               

 1.1212E+07 -1.5449E+08 -1.1212E+07               
 1.1212E+07 -1.7905E+08 -1.1212E+07               

-2.3376E+06 -1.7040E+08  2.3376E+06               
-2.3376E+06 -1.9985E+08  2.3376E+06               

-1.1013E+07 -1.8975E+08  1.1013E+07               
-1.1013E+07 -2.2408E+08  1.1013E+07               

-2.2377E+06 -2.1984E+08  2.2377E+06               
-2.2377E+06 -2.5905E+08  2.2377E+06               

 9.0260E+06 -2.5104E+08 -9.0260E+06               
 9.0260E+06 -2.9511E+08 -9.0260E+06               

 5.5352E+06 -2.7294E+08 -5.5352E+06               
 5.5352E+06 -3.2187E+08 -5.5352E+06               

-5.9678E+06 -2.9018E+08  5.9678E+06               
-5.9678E+06 -3.4397E+08  5.9678E+06               

-7.3106E+06 -3.1392E+08  7.3106E+06               
-7.3106E+06 -3.7255E+08  7.3106E+06               

 2.5177E+06 -3.4434E+08 -2.5177E+06               
 2.5177E+06 -4.0780E+08 -2.5177E+06               

 7.5465E+06 -3.7147E+08 -7.5465E+06               
 7.5465E+06 -4.3976E+08 -7.5465E+06               

 6.4416E+05 -3.9126E+08 -6.4416E+05               
 6.4416E+05 -4.6438E+08 -6.4416E+05               

-6.5454E+06 -4.1115E+08  6.5454E+06               
-6.5454E+06 -4.8908E+08  6.5454E+06               

-3.1084E+06 -4.3761E+08  3.1084E+06               
-3.1084E+06 -5.2035E+08  3.1084E+06               

 4.6851E+06 -4.6649E+08 -4.6851E+06               
 4.6851E+06 -5.5403E+08 -4.6851E+06               

 4.5832E+06 -4.9034E+08 -4.5832E+06               
 4.5832E+06 -5.8267E+08 -4.5832E+06               

-2.4695E+06 -5.1004E+08  2.4695E+06               
-2.4695E+06 -6.0716E+08  2.4695E+06               

-5.0704E+06 -5.3264E+08  5.0704E+06               
-5.0704E+06 -6.3454E+08  5.0704E+06               

 2.8212E+05 -5.6003E+08 -2.8212E+05               
 2.8212E+05 -6.6670E+08 -2.8212E+05               

 4.6593E+06 -5.8660E+08 -4.6593E+06               
 4.6593E+06 -6.9804E+08 -4.6593E+06               

 1.5026E+06 -6.0850E+08 -1.5026E+06               
 1.5026E+06 -7.2470E+08 -1.5026E+06               

-3.6287E+06 -6.2934E+08  3.6287E+06               
-3.6287E+06 -7.5028E+08  3.6287E+06               

-2.7269E+06 -6.5392E+08  2.7269E+06               
-2.7269E+06 -7.7961E+08  2.7269E+06               

 2.2286E+06 -6.8084E+08 -2.2286E+06               
 2.2286E+06 -8.1126E+08 -2.2286E+06               

 3.2801E+06 -7.0522E+08 -3.2801E+06               
 3.2801E+06 -8.4037E+08 -3.2801E+06               

-7.8380E+05 -7.2651E+08  7.8380E+05               
-7.8380E+05 -8.6638E+08  7.8380E+05               

-3.2485E+06 -7.4888E+08  3.2485E+06               
-3.2485E+06 -8.9347E+08  3.2485E+06               

-5.1394E+05 -7.7439E+08  5.1394E+05               
-5.1394E+05 -9.2369E+08  5.1394E+05               

 2.7212E+06 -8.0006E+08 -2.7212E+06               
 2.7212E+06 -9.5405E+08 -2.7212E+06               

 1.4629E+06 -8.2292E+08 -1.4629E+06               
 1.4629E+06 -9.8161E+08 -1.4629E+06               

-1.9123E+06 -8.4456E+08  1.9123E+06               
-1.9123E+06 -1.0079E+09  1.9123E+06               

-2.0280E+06 -8.6823E+08  2.0280E+06               
-2.0280E+06 -1.0363E+09  2.0280E+06               

 9.6391E+05 -8.9370E+08 -9.6391E+05               
 9.6391E+05 -1.0664E+09 -9.6391E+05               

 2.1687E+06 -9.1798E+08 -2.1687E+06               
 2.1687E+06 -1.0954E+09 -2.1687E+06               

-7.9669E+04 -9.4015E+08  7.9669E+04               
-7.9669E+04 -1.1222E+09  7.9669E+04               

-1.9854E+06 -9.6258E+08  1.9854E+06               
-1.9854E+06 -1.1493E+09  1.9854E+06               

-6.6016E+05 -9.8696E+08  6.6016E+05               
-6.6016E+05 -1.1783E+09  6.6016E+05               

 1.5359E+06 -1.0118E+09 -1.5359E+06               
 1.5359E+06 -1.2078E+09 -1.5359E+06               

 1.1424E+06 -1.0350E+09 -1.1424E+06               
 1.1424E+06 -1.2356E+09 -1.1424E+06               

-9.7417E+05 -1.0571E+09  9.7417E+05               
-9.7417E+05 -1.2623E+09  9.7417E+05               

-1.3857E+06 -1.0803E+09  1.3857E+06               
-1.3857E+06 -1.2902E+09  1.3857E+06               

 3.6812E+05 -1.1048E+09 -3.6812E+05               
 3.6812E+05 -1.3193E+09 -3.6812E+05               

 1.3692E+06 -1.1287E+09 -1.3692E+06               
 1.3692E+06 -1.3478E+09 -1.3692E+06               

 1.5213E+05 -1.1513E+09 -1.5213E+05               
 1.5213E+05 -1.3750E+09 -1.5213E+05               

-1.1831E+06 -1.1738E+09  1.1831E+06               
-1.1831E+06 -1.4021E+09  1.1831E+06               

-5.6639E+05 -1.1975E+09  5.6639E+05               
-5.6639E+05 -1.4304E+09  5.6639E+05               

 8.5327E+05 -1.2216E+09 -8.5327E+05               
 8.5327E+05 -1.4590E+09 -8.5327E+05               

 8.0357E+05 -1.2448E+09 -8.0357E+05               
 8.0357E+05 -1.4868E+09 -8.0357E+05               

-4.8966E+05 -1.2672E+09  4.8966E+05               
-4.8966E+05 -1.5138E+09  4.8966E+05               

-9.0224E+05 -1.2902E+09  9.0224E+05               
-9.0224E+05 -1.5413E+09  9.0224E+05               

 1.1408E+05 -1.3140E+09 -1.1408E+05               
 1.1408E+05 -1.5696E+09 -1.1408E+05               

 8.4237E+05 -1.3375E+09 -8.4237E+05               
 8.4237E+05 -1.5977E+09 -8.4237E+05               

 1.8490E+05 -1.3602E+09 -1.8490E+05               
 1.8490E+05 -1.6249E+09 -1.8490E+05               

-6.9945E+05 -1.3828E+09  6.9945E+05               
-6.9945E+05 -1.6520E+09  6.9945E+05               

-4.1767E+05 -1.4060E+09  4.1767E+05               
-4.1767E+05 -1.6798E+09  4.1767E+05               

 4.7483E+05 -1.4296E+09 -4.7483E+05               
 4.7483E+05 -1.7078E+09 -4.7483E+05               

 5.3182E+05 -1.4526E+09 -5.3182E+05               
 5.3182E+05 -1.7354E+09 -5.3182E+05               

-2.5006E+05 -1.4751E+09  2.5006E+05               
-2.5006E+05 -1.7624E+09  2.5006E+05               

-5.7146E+05 -1.4979E+09  5.7146E+05               
-5.7146E+05 -1.7896E+09  5.7146E+05               

 1.9896E+04 -1.5211E+09 -1.9896E+04               
 1.9896E+04 -1.8174E+09 -1.9896E+04               

 5.1191E+05 -1.5443E+09 -5.1191E+05               
 5.1191E+05 -1.8451E+09 -5.1191E+05               

 1.4961E+05 -1.5670E+09 -1.4961E+05               
 1.4961E+05 -1.8722E+09 -1.4961E+05               

-4.1612E+05 -1.5895E+09  4.1612E+05               
-4.1612E+05 -1.8992E+09  4.1612E+05               

-2.8386E+05 -1.6124E+09  2.8386E+05               
-2.8386E+05 -1.9265E+09  2.8386E+05               

 2.6912E+05 -1.6355E+09 -2.6912E+05               
 2.6912E+05 -1.9541E+09 -2.6912E+05               

 3.3809E+05 -1.6583E+09 -3.3809E+05               
 3.3809E+05 -1.9814E+09 -3.3809E+05               

-1.3501E+05 -1.6808E+09  1.3501E+05               
-1.3501E+05 -2.0083E+09  1.3501E+05               

-3.5669E+05 -1.7034E+09  3.5669E+05               
-3.5669E+05 -2.0353E+09  3.5669E+05               

-6.6498E+03 -1.7263E+09  6.6498E+03               
-6.6498E+03 -2.0626E+09  6.6498E+03               

 3.0995E+05 -1.7491E+09 -3.0995E+05               
 3.0995E+05 -2.0899E+09 -3.0995E+05               

 1.0182E+05 -1.7716E+09 -1.0182E+05               
 1.0182E+05 -2.1168E+09 -1.0182E+05               

-2.5190E+05 -1.7941E+09  2.5190E+05               
-2.5190E+05 -2.1437E+09  2.5190E+05               

-1.8299E+05 -1.8167E+09  1.8299E+05               
-1.8299E+05 -2.1707E+09  1.8299E+05               

 1.5739E+05 -1.8395E+09 -1.5739E+05               
 1.5739E+05 -2.1979E+09 -1.5739E+05               

 2.0840E+05 -1.8620E+09 -2.0840E+05               
 2.0840E+05 -2.2248E+09 -2.0840E+05               

-8.0204E+04 -1.8844E+09  8.0204E+04               
-8.0204E+04 -2.2516E+09  8.0204E+04               

-2.2114E+05 -1.9068E+09  2.2114E+05               
-2.2114E+05 -2.2784E+09  2.2114E+05               

-1.2893E+05 -1.9204E+09  1.2893E+05               
-1.2893E+05 -2.2964E+09  1.2893E+05               
