3-D EmbeddedElt 
Explicit Analysis	1
Embedded Elements	1
VolumeCorrection 	0
2
hexa8
truss2
1832
1    2    1.000 1.000 1.000
2    0    1.000 0.500 1.000
3    2    1.000 0.000 1.000
4    2    1.000 1.000 0.500
5    0    1.000 0.500 0.500
6    2    1.000 0.000 0.500
7    6    1.000 1.000 0.000
8    4    1.000 0.500 0.000
9    6    1.000 0.000 0.000
10   2    0.500 1.000 1.000
11   0    0.500 0.500 1.000
12   2    0.500 0.000 1.000
13   2    0.500 1.000 0.500
14   0    0.500 0.500 0.500
15   2    0.500 0.000 0.500
16   6    0.500 1.000 0.000
17   4    0.500 0.500 0.000
18   6    0.500 0.000 0.000
19   3    0.000 1.000 1.000
20   1    0.000 0.500 1.000
21   3    0.000 0.000 1.000
22   3    0.000 1.000 0.500
23   1    0.000 0.500 0.500
24   3    0.000 0.000 0.500
25   7    0.000 1.000 0.000
26   5    0.000 0.500 0.000
27   7    0.000 0.000 0.000
28   8    0.01344 0.00000 0.01344
29   8    0.01344 0.24359 0.01344
30   8    0.01344 0.48718 0.01344
31   8    0.01344 0.73077 0.01344
32   8    0.01344 0.97436 0.01344
33   8    0.06720 0.00000 0.01344
34   8    0.06720 0.24359 0.01344
35   8    0.06720 0.48718 0.01344
36   8    0.06720 0.73077 0.01344
37   8    0.06720 0.97436 0.01344
38   8    0.12096 0.00000 0.01344
39   8    0.12096 0.24359 0.01344
40   8    0.12096 0.48718 0.01344
41   8    0.12096 0.73077 0.01344
42   8    0.12096 0.97436 0.01344
43   8    0.17472 0.00000 0.01344
44   8    0.17472 0.24359 0.01344
45   8    0.17472 0.48718 0.01344
46   8    0.17472 0.73077 0.01344
47   8    0.17472 0.97436 0.01344
48   8    0.22848 0.00000 0.01344
49   8    0.22848 0.24359 0.01344
50   8    0.22848 0.48718 0.01344
51   8    0.22848 0.73077 0.01344
52   8    0.22848 0.97436 0.01344
53   8    0.28223 0.00000 0.01344
54   8    0.28223 0.24359 0.01344
55   8    0.28223 0.48718 0.01344
56   8    0.28223 0.73077 0.01344
57   8    0.28223 0.97436 0.01344
58   8    0.33599 0.00000 0.01344
59   8    0.33599 0.24359 0.01344
60   8    0.33599 0.48718 0.01344
61   8    0.33599 0.73077 0.01344
62   8    0.33599 0.97436 0.01344
63   8    0.38975 0.00000 0.01344
64   8    0.38975 0.24359 0.01344
65   8    0.38975 0.48718 0.01344
66   8    0.38975 0.73077 0.01344
67   8    0.38975 0.97436 0.01344
68   8    0.44351 0.00000 0.01344
69   8    0.44351 0.24359 0.01344
70   8    0.44351 0.48718 0.01344
71   8    0.44351 0.73077 0.01344
72   8    0.44351 0.97436 0.01344
73   8    0.49727 0.00000 0.01344
74   8    0.49727 0.24359 0.01344
75   8    0.49727 0.48718 0.01344
76   8    0.49727 0.73077 0.01344
77   8    0.49727 0.97436 0.01344
78   8    0.55103 0.00000 0.01344
79   8    0.55103 0.24359 0.01344
80   8    0.55103 0.48718 0.01344
81   8    0.55103 0.73077 0.01344
82   8    0.55103 0.97436 0.01344
83   8    0.60479 0.00000 0.01344
84   8    0.60479 0.24359 0.01344
85   8    0.60479 0.48718 0.01344
86   8    0.60479 0.73077 0.01344
87   8    0.60479 0.97436 0.01344
88   8    0.65854 0.00000 0.01344
89   8    0.65854 0.24359 0.01344
90   8    0.65854 0.48718 0.01344
91   8    0.65854 0.73077 0.01344
92   8    0.65854 0.97436 0.01344
93   8    0.71230 0.00000 0.01344
94   8    0.71230 0.24359 0.01344
95   8    0.71230 0.48718 0.01344
96   8    0.71230 0.73077 0.01344
97   8    0.71230 0.97436 0.01344
98   8    0.76606 0.00000 0.01344
99   8    0.76606 0.24359 0.01344
100  8    0.76606 0.48718 0.01344
101  8    0.76606 0.73077 0.01344
102  8    0.76606 0.97436 0.01344
103  8    0.81982 0.00000 0.01344
104  8    0.81982 0.24359 0.01344
105  8    0.81982 0.48718 0.01344
106  8    0.81982 0.73077 0.01344
107  8    0.81982 0.97436 0.01344
108  8    0.87358 0.00000 0.01344
109  8    0.87358 0.24359 0.01344
110  8    0.87358 0.48718 0.01344
111  8    0.87358 0.73077 0.01344
112  8    0.87358 0.97436 0.01344
113  8    0.92734 0.00000 0.01344
114  8    0.92734 0.24359 0.01344
115  8    0.92734 0.48718 0.01344
116  8    0.92734 0.73077 0.01344
117  8    0.92734 0.97436 0.01344
118  8    0.98110 0.00000 0.01344
119  8    0.98110 0.24359 0.01344
120  8    0.98110 0.48718 0.01344
121  8    0.98110 0.73077 0.01344
122  8    0.98110 0.97436 0.01344
123  8    0.01344 0.00000 0.12096
124  8    0.01344 0.24359 0.12096
125  8    0.01344 0.48718 0.12096
126  8    0.01344 0.73077 0.12096
127  8    0.01344 0.97436 0.12096
128  8    0.06720 0.00000 0.12096
129  8    0.06720 0.24359 0.12096
130  8    0.06720 0.48718 0.12096
131  8    0.06720 0.73077 0.12096
132  8    0.06720 0.97436 0.12096
133  8    0.12096 0.00000 0.12096
134  8    0.12096 0.24359 0.12096
135  8    0.12096 0.48718 0.12096
136  8    0.12096 0.73077 0.12096
137  8    0.12096 0.97436 0.12096
138  8    0.17472 0.00000 0.12096
139  8    0.17472 0.24359 0.12096
140  8    0.17472 0.48718 0.12096
141  8    0.17472 0.73077 0.12096
142  8    0.17472 0.97436 0.12096
143  8    0.22848 0.00000 0.12096
144  8    0.22848 0.24359 0.12096
145  8    0.22848 0.48718 0.12096
146  8    0.22848 0.73077 0.12096
147  8    0.22848 0.97436 0.12096
148  8    0.28223 0.00000 0.12096
149  8    0.28223 0.24359 0.12096
150  8    0.28223 0.48718 0.12096
151  8    0.28223 0.73077 0.12096
152  8    0.28223 0.97436 0.12096
153  8    0.33599 0.00000 0.12096
154  8    0.33599 0.24359 0.12096
155  8    0.33599 0.48718 0.12096
156  8    0.33599 0.73077 0.12096
157  8    0.33599 0.97436 0.12096
158  8    0.38975 0.00000 0.12096
159  8    0.38975 0.24359 0.12096
160  8    0.38975 0.48718 0.12096
161  8    0.38975 0.73077 0.12096
162  8    0.38975 0.97436 0.12096
163  8    0.44351 0.00000 0.12096
164  8    0.44351 0.24359 0.12096
165  8    0.44351 0.48718 0.12096
166  8    0.44351 0.73077 0.12096
167  8    0.44351 0.97436 0.12096
168  8    0.49727 0.00000 0.12096
169  8    0.49727 0.24359 0.12096
170  8    0.49727 0.48718 0.12096
171  8    0.49727 0.73077 0.12096
172  8    0.49727 0.97436 0.12096
173  8    0.55103 0.00000 0.12096
174  8    0.55103 0.24359 0.12096
175  8    0.55103 0.48718 0.12096
176  8    0.55103 0.73077 0.12096
177  8    0.55103 0.97436 0.12096
178  8    0.60479 0.00000 0.12096
179  8    0.60479 0.24359 0.12096
180  8    0.60479 0.48718 0.12096
181  8    0.60479 0.73077 0.12096
182  8    0.60479 0.97436 0.12096
183  8    0.65854 0.00000 0.12096
184  8    0.65854 0.24359 0.12096
185  8    0.65854 0.48718 0.12096
186  8    0.65854 0.73077 0.12096
187  8    0.65854 0.97436 0.12096
188  8    0.71230 0.00000 0.12096
189  8    0.71230 0.24359 0.12096
190  8    0.71230 0.48718 0.12096
191  8    0.71230 0.73077 0.12096
192  8    0.71230 0.97436 0.12096
193  8    0.76606 0.00000 0.12096
194  8    0.76606 0.24359 0.12096
195  8    0.76606 0.48718 0.12096
196  8    0.76606 0.73077 0.12096
197  8    0.76606 0.97436 0.12096
198  8    0.81982 0.00000 0.12096
199  8    0.81982 0.24359 0.12096
200  8    0.81982 0.48718 0.12096
201  8    0.81982 0.73077 0.12096
202  8    0.81982 0.97436 0.12096
203  8    0.87358 0.00000 0.12096
204  8    0.87358 0.24359 0.12096
205  8    0.87358 0.48718 0.12096
206  8    0.87358 0.73077 0.12096
207  8    0.87358 0.97436 0.12096
208  8    0.92734 0.00000 0.12096
209  8    0.92734 0.24359 0.12096
210  8    0.92734 0.48718 0.12096
211  8    0.92734 0.73077 0.12096
212  8    0.92734 0.97436 0.12096
213  8    0.98110 0.00000 0.12096
214  8    0.98110 0.24359 0.12096
215  8    0.98110 0.48718 0.12096
216  8    0.98110 0.73077 0.12096
217  8    0.98110 0.97436 0.12096
218  8    0.01344 0.00000 0.22848
219  8    0.01344 0.24359 0.22848
220  8    0.01344 0.48718 0.22848
221  8    0.01344 0.73077 0.22848
222  8    0.01344 0.97436 0.22848
223  8    0.06720 0.00000 0.22848
224  8    0.06720 0.24359 0.22848
225  8    0.06720 0.48718 0.22848
226  8    0.06720 0.73077 0.22848
227  8    0.06720 0.97436 0.22848
228  8    0.12096 0.00000 0.22848
229  8    0.12096 0.24359 0.22848
230  8    0.12096 0.48718 0.22848
231  8    0.12096 0.73077 0.22848
232  8    0.12096 0.97436 0.22848
233  8    0.17472 0.00000 0.22848
234  8    0.17472 0.24359 0.22848
235  8    0.17472 0.48718 0.22848
236  8    0.17472 0.73077 0.22848
237  8    0.17472 0.97436 0.22848
238  8    0.22848 0.00000 0.22848
239  8    0.22848 0.24359 0.22848
240  8    0.22848 0.48718 0.22848
241  8    0.22848 0.73077 0.22848
242  8    0.22848 0.97436 0.22848
243  8    0.28223 0.00000 0.22848
244  8    0.28223 0.24359 0.22848
245  8    0.28223 0.48718 0.22848
246  8    0.28223 0.73077 0.22848
247  8    0.28223 0.97436 0.22848
248  8    0.33599 0.00000 0.22848
249  8    0.33599 0.24359 0.22848
250  8    0.33599 0.48718 0.22848
251  8    0.33599 0.73077 0.22848
252  8    0.33599 0.97436 0.22848
253  8    0.38975 0.00000 0.22848
254  8    0.38975 0.24359 0.22848
255  8    0.38975 0.48718 0.22848
256  8    0.38975 0.73077 0.22848
257  8    0.38975 0.97436 0.22848
258  8    0.44351 0.00000 0.22848
259  8    0.44351 0.24359 0.22848
260  8    0.44351 0.48718 0.22848
261  8    0.44351 0.73077 0.22848
262  8    0.44351 0.97436 0.22848
263  8    0.49727 0.00000 0.22848
264  8    0.49727 0.24359 0.22848
265  8    0.49727 0.48718 0.22848
266  8    0.49727 0.73077 0.22848
267  8    0.49727 0.97436 0.22848
268  8    0.55103 0.00000 0.22848
269  8    0.55103 0.24359 0.22848
270  8    0.55103 0.48718 0.22848
271  8    0.55103 0.73077 0.22848
272  8    0.55103 0.97436 0.22848
273  8    0.60479 0.00000 0.22848
274  8    0.60479 0.24359 0.22848
275  8    0.60479 0.48718 0.22848
276  8    0.60479 0.73077 0.22848
277  8    0.60479 0.97436 0.22848
278  8    0.65854 0.00000 0.22848
279  8    0.65854 0.24359 0.22848
280  8    0.65854 0.48718 0.22848
281  8    0.65854 0.73077 0.22848
282  8    0.65854 0.97436 0.22848
283  8    0.71230 0.00000 0.22848
284  8    0.71230 0.24359 0.22848
285  8    0.71230 0.48718 0.22848
286  8    0.71230 0.73077 0.22848
287  8    0.71230 0.97436 0.22848
288  8    0.76606 0.00000 0.22848
289  8    0.76606 0.24359 0.22848
290  8    0.76606 0.48718 0.22848
291  8    0.76606 0.73077 0.22848
292  8    0.76606 0.97436 0.22848
293  8    0.81982 0.00000 0.22848
294  8    0.81982 0.24359 0.22848
295  8    0.81982 0.48718 0.22848
296  8    0.81982 0.73077 0.22848
297  8    0.81982 0.97436 0.22848
298  8    0.87358 0.00000 0.22848
299  8    0.87358 0.24359 0.22848
300  8    0.87358 0.48718 0.22848
301  8    0.87358 0.73077 0.22848
302  8    0.87358 0.97436 0.22848
303  8    0.92734 0.00000 0.22848
304  8    0.92734 0.24359 0.22848
305  8    0.92734 0.48718 0.22848
306  8    0.92734 0.73077 0.22848
307  8    0.92734 0.97436 0.22848
308  8    0.98110 0.00000 0.22848
309  8    0.98110 0.24359 0.22848
310  8    0.98110 0.48718 0.22848
311  8    0.98110 0.73077 0.22848
312  8    0.98110 0.97436 0.22848
313  8    0.01344 0.00000 0.33599
314  8    0.01344 0.24359 0.33599
315  8    0.01344 0.48718 0.33599
316  8    0.01344 0.73077 0.33599
317  8    0.01344 0.97436 0.33599
318  8    0.06720 0.00000 0.33599
319  8    0.06720 0.24359 0.33599
320  8    0.06720 0.48718 0.33599
321  8    0.06720 0.73077 0.33599
322  8    0.06720 0.97436 0.33599
323  8    0.12096 0.00000 0.33599
324  8    0.12096 0.24359 0.33599
325  8    0.12096 0.48718 0.33599
326  8    0.12096 0.73077 0.33599
327  8    0.12096 0.97436 0.33599
328  8    0.17472 0.00000 0.33599
329  8    0.17472 0.24359 0.33599
330  8    0.17472 0.48718 0.33599
331  8    0.17472 0.73077 0.33599
332  8    0.17472 0.97436 0.33599
333  8    0.22848 0.00000 0.33599
334  8    0.22848 0.24359 0.33599
335  8    0.22848 0.48718 0.33599
336  8    0.22848 0.73077 0.33599
337  8    0.22848 0.97436 0.33599
338  8    0.28223 0.00000 0.33599
339  8    0.28223 0.24359 0.33599
340  8    0.28223 0.48718 0.33599
341  8    0.28223 0.73077 0.33599
342  8    0.28223 0.97436 0.33599
343  8    0.33599 0.00000 0.33599
344  8    0.33599 0.24359 0.33599
345  8    0.33599 0.48718 0.33599
346  8    0.33599 0.73077 0.33599
347  8    0.33599 0.97436 0.33599
348  8    0.38975 0.00000 0.33599
349  8    0.38975 0.24359 0.33599
350  8    0.38975 0.48718 0.33599
351  8    0.38975 0.73077 0.33599
352  8    0.38975 0.97436 0.33599
353  8    0.44351 0.00000 0.33599
354  8    0.44351 0.24359 0.33599
355  8    0.44351 0.48718 0.33599
356  8    0.44351 0.73077 0.33599
357  8    0.44351 0.97436 0.33599
358  8    0.49727 0.00000 0.33599
359  8    0.49727 0.24359 0.33599
360  8    0.49727 0.48718 0.33599
361  8    0.49727 0.73077 0.33599
362  8    0.49727 0.97436 0.33599
363  8    0.55103 0.00000 0.33599
364  8    0.55103 0.24359 0.33599
365  8    0.55103 0.48718 0.33599
366  8    0.55103 0.73077 0.33599
367  8    0.55103 0.97436 0.33599
368  8    0.60479 0.00000 0.33599
369  8    0.60479 0.24359 0.33599
370  8    0.60479 0.48718 0.33599
371  8    0.60479 0.73077 0.33599
372  8    0.60479 0.97436 0.33599
373  8    0.65854 0.00000 0.33599
374  8    0.65854 0.24359 0.33599
375  8    0.65854 0.48718 0.33599
376  8    0.65854 0.73077 0.33599
377  8    0.65854 0.97436 0.33599
378  8    0.71230 0.00000 0.33599
379  8    0.71230 0.24359 0.33599
380  8    0.71230 0.48718 0.33599
381  8    0.71230 0.73077 0.33599
382  8    0.71230 0.97436 0.33599
383  8    0.76606 0.00000 0.33599
384  8    0.76606 0.24359 0.33599
385  8    0.76606 0.48718 0.33599
386  8    0.76606 0.73077 0.33599
387  8    0.76606 0.97436 0.33599
388  8    0.81982 0.00000 0.33599
389  8    0.81982 0.24359 0.33599
390  8    0.81982 0.48718 0.33599
391  8    0.81982 0.73077 0.33599
392  8    0.81982 0.97436 0.33599
393  8    0.87358 0.00000 0.33599
394  8    0.87358 0.24359 0.33599
395  8    0.87358 0.48718 0.33599
396  8    0.87358 0.73077 0.33599
397  8    0.87358 0.97436 0.33599
398  8    0.92734 0.00000 0.33599
399  8    0.92734 0.24359 0.33599
400  8    0.92734 0.48718 0.33599
401  8    0.92734 0.73077 0.33599
402  8    0.92734 0.97436 0.33599
403  8    0.98110 0.00000 0.33599
404  8    0.98110 0.24359 0.33599
405  8    0.98110 0.48718 0.33599
406  8    0.98110 0.73077 0.33599
407  8    0.98110 0.97436 0.33599
408  8    0.01344 0.00000 0.44351
409  8    0.01344 0.24359 0.44351
410  8    0.01344 0.48718 0.44351
411  8    0.01344 0.73077 0.44351
412  8    0.01344 0.97436 0.44351
413  8    0.06720 0.00000 0.44351
414  8    0.06720 0.24359 0.44351
415  8    0.06720 0.48718 0.44351
416  8    0.06720 0.73077 0.44351
417  8    0.06720 0.97436 0.44351
418  8    0.12096 0.00000 0.44351
419  8    0.12096 0.24359 0.44351
420  8    0.12096 0.48718 0.44351
421  8    0.12096 0.73077 0.44351
422  8    0.12096 0.97436 0.44351
423  8    0.17472 0.00000 0.44351
424  8    0.17472 0.24359 0.44351
425  8    0.17472 0.48718 0.44351
426  8    0.17472 0.73077 0.44351
427  8    0.17472 0.97436 0.44351
428  8    0.22848 0.00000 0.44351
429  8    0.22848 0.24359 0.44351
430  8    0.22848 0.48718 0.44351
431  8    0.22848 0.73077 0.44351
432  8    0.22848 0.97436 0.44351
433  8    0.28223 0.00000 0.44351
434  8    0.28223 0.24359 0.44351
435  8    0.28223 0.48718 0.44351
436  8    0.28223 0.73077 0.44351
437  8    0.28223 0.97436 0.44351
438  8    0.33599 0.00000 0.44351
439  8    0.33599 0.24359 0.44351
440  8    0.33599 0.48718 0.44351
441  8    0.33599 0.73077 0.44351
442  8    0.33599 0.97436 0.44351
443  8    0.38975 0.00000 0.44351
444  8    0.38975 0.24359 0.44351
445  8    0.38975 0.48718 0.44351
446  8    0.38975 0.73077 0.44351
447  8    0.38975 0.97436 0.44351
448  8    0.44351 0.00000 0.44351
449  8    0.44351 0.24359 0.44351
450  8    0.44351 0.48718 0.44351
451  8    0.44351 0.73077 0.44351
452  8    0.44351 0.97436 0.44351
453  8    0.49727 0.00000 0.44351
454  8    0.49727 0.24359 0.44351
455  8    0.49727 0.48718 0.44351
456  8    0.49727 0.73077 0.44351
457  8    0.49727 0.97436 0.44351
458  8    0.55103 0.00000 0.44351
459  8    0.55103 0.24359 0.44351
460  8    0.55103 0.48718 0.44351
461  8    0.55103 0.73077 0.44351
462  8    0.55103 0.97436 0.44351
463  8    0.60479 0.00000 0.44351
464  8    0.60479 0.24359 0.44351
465  8    0.60479 0.48718 0.44351
466  8    0.60479 0.73077 0.44351
467  8    0.60479 0.97436 0.44351
468  8    0.65854 0.00000 0.44351
469  8    0.65854 0.24359 0.44351
470  8    0.65854 0.48718 0.44351
471  8    0.65854 0.73077 0.44351
472  8    0.65854 0.97436 0.44351
473  8    0.71230 0.00000 0.44351
474  8    0.71230 0.24359 0.44351
475  8    0.71230 0.48718 0.44351
476  8    0.71230 0.73077 0.44351
477  8    0.71230 0.97436 0.44351
478  8    0.76606 0.00000 0.44351
479  8    0.76606 0.24359 0.44351
480  8    0.76606 0.48718 0.44351
481  8    0.76606 0.73077 0.44351
482  8    0.76606 0.97436 0.44351
483  8    0.81982 0.00000 0.44351
484  8    0.81982 0.24359 0.44351
485  8    0.81982 0.48718 0.44351
486  8    0.81982 0.73077 0.44351
487  8    0.81982 0.97436 0.44351
488  8    0.87358 0.00000 0.44351
489  8    0.87358 0.24359 0.44351
490  8    0.87358 0.48718 0.44351
491  8    0.87358 0.73077 0.44351
492  8    0.87358 0.97436 0.44351
493  8    0.92734 0.00000 0.44351
494  8    0.92734 0.24359 0.44351
495  8    0.92734 0.48718 0.44351
496  8    0.92734 0.73077 0.44351
497  8    0.92734 0.97436 0.44351
498  8    0.98110 0.00000 0.44351
499  8    0.98110 0.24359 0.44351
500  8    0.98110 0.48718 0.44351
501  8    0.98110 0.73077 0.44351
502  8    0.98110 0.97436 0.44351
503  8    0.01344 0.00000 0.55103
504  8    0.01344 0.24359 0.55103
505  8    0.01344 0.48718 0.55103
506  8    0.01344 0.73077 0.55103
507  8    0.01344 0.97436 0.55103
508  8    0.06720 0.00000 0.55103
509  8    0.06720 0.24359 0.55103
510  8    0.06720 0.48718 0.55103
511  8    0.06720 0.73077 0.55103
512  8    0.06720 0.97436 0.55103
513  8    0.12096 0.00000 0.55103
514  8    0.12096 0.24359 0.55103
515  8    0.12096 0.48718 0.55103
516  8    0.12096 0.73077 0.55103
517  8    0.12096 0.97436 0.55103
518  8    0.17472 0.00000 0.55103
519  8    0.17472 0.24359 0.55103
520  8    0.17472 0.48718 0.55103
521  8    0.17472 0.73077 0.55103
522  8    0.17472 0.97436 0.55103
523  8    0.22848 0.00000 0.55103
524  8    0.22848 0.24359 0.55103
525  8    0.22848 0.48718 0.55103
526  8    0.22848 0.73077 0.55103
527  8    0.22848 0.97436 0.55103
528  8    0.28223 0.00000 0.55103
529  8    0.28223 0.24359 0.55103
530  8    0.28223 0.48718 0.55103
531  8    0.28223 0.73077 0.55103
532  8    0.28223 0.97436 0.55103
533  8    0.33599 0.00000 0.55103
534  8    0.33599 0.24359 0.55103
535  8    0.33599 0.48718 0.55103
536  8    0.33599 0.73077 0.55103
537  8    0.33599 0.97436 0.55103
538  8    0.38975 0.00000 0.55103
539  8    0.38975 0.24359 0.55103
540  8    0.38975 0.48718 0.55103
541  8    0.38975 0.73077 0.55103
542  8    0.38975 0.97436 0.55103
543  8    0.44351 0.00000 0.55103
544  8    0.44351 0.24359 0.55103
545  8    0.44351 0.48718 0.55103
546  8    0.44351 0.73077 0.55103
547  8    0.44351 0.97436 0.55103
548  8    0.49727 0.00000 0.55103
549  8    0.49727 0.24359 0.55103
550  8    0.49727 0.48718 0.55103
551  8    0.49727 0.73077 0.55103
552  8    0.49727 0.97436 0.55103
553  8    0.55103 0.00000 0.55103
554  8    0.55103 0.24359 0.55103
555  8    0.55103 0.48718 0.55103
556  8    0.55103 0.73077 0.55103
557  8    0.55103 0.97436 0.55103
558  8    0.60479 0.00000 0.55103
559  8    0.60479 0.24359 0.55103
560  8    0.60479 0.48718 0.55103
561  8    0.60479 0.73077 0.55103
562  8    0.60479 0.97436 0.55103
563  8    0.65854 0.00000 0.55103
564  8    0.65854 0.24359 0.55103
565  8    0.65854 0.48718 0.55103
566  8    0.65854 0.73077 0.55103
567  8    0.65854 0.97436 0.55103
568  8    0.71230 0.00000 0.55103
569  8    0.71230 0.24359 0.55103
570  8    0.71230 0.48718 0.55103
571  8    0.71230 0.73077 0.55103
572  8    0.71230 0.97436 0.55103
573  8    0.76606 0.00000 0.55103
574  8    0.76606 0.24359 0.55103
575  8    0.76606 0.48718 0.55103
576  8    0.76606 0.73077 0.55103
577  8    0.76606 0.97436 0.55103
578  8    0.81982 0.00000 0.55103
579  8    0.81982 0.24359 0.55103
580  8    0.81982 0.48718 0.55103
581  8    0.81982 0.73077 0.55103
582  8    0.81982 0.97436 0.55103
583  8    0.87358 0.00000 0.55103
584  8    0.87358 0.24359 0.55103
585  8    0.87358 0.48718 0.55103
586  8    0.87358 0.73077 0.55103
587  8    0.87358 0.97436 0.55103
588  8    0.92734 0.00000 0.55103
589  8    0.92734 0.24359 0.55103
590  8    0.92734 0.48718 0.55103
591  8    0.92734 0.73077 0.55103
592  8    0.92734 0.97436 0.55103
593  8    0.98110 0.00000 0.55103
594  8    0.98110 0.24359 0.55103
595  8    0.98110 0.48718 0.55103
596  8    0.98110 0.73077 0.55103
597  8    0.98110 0.97436 0.55103
598  8    0.01344 0.00000 0.65854
599  8    0.01344 0.24359 0.65854
600  8    0.01344 0.48718 0.65854
601  8    0.01344 0.73077 0.65854
602  8    0.01344 0.97436 0.65854
603  8    0.06720 0.00000 0.65854
604  8    0.06720 0.24359 0.65854
605  8    0.06720 0.48718 0.65854
606  8    0.06720 0.73077 0.65854
607  8    0.06720 0.97436 0.65854
608  8    0.12096 0.00000 0.65854
609  8    0.12096 0.24359 0.65854
610  8    0.12096 0.48718 0.65854
611  8    0.12096 0.73077 0.65854
612  8    0.12096 0.97436 0.65854
613  8    0.17472 0.00000 0.65854
614  8    0.17472 0.24359 0.65854
615  8    0.17472 0.48718 0.65854
616  8    0.17472 0.73077 0.65854
617  8    0.17472 0.97436 0.65854
618  8    0.22848 0.00000 0.65854
619  8    0.22848 0.24359 0.65854
620  8    0.22848 0.48718 0.65854
621  8    0.22848 0.73077 0.65854
622  8    0.22848 0.97436 0.65854
623  8    0.28223 0.00000 0.65854
624  8    0.28223 0.24359 0.65854
625  8    0.28223 0.48718 0.65854
626  8    0.28223 0.73077 0.65854
627  8    0.28223 0.97436 0.65854
628  8    0.33599 0.00000 0.65854
629  8    0.33599 0.24359 0.65854
630  8    0.33599 0.48718 0.65854
631  8    0.33599 0.73077 0.65854
632  8    0.33599 0.97436 0.65854
633  8    0.38975 0.00000 0.65854
634  8    0.38975 0.24359 0.65854
635  8    0.38975 0.48718 0.65854
636  8    0.38975 0.73077 0.65854
637  8    0.38975 0.97436 0.65854
638  8    0.44351 0.00000 0.65854
639  8    0.44351 0.24359 0.65854
640  8    0.44351 0.48718 0.65854
641  8    0.44351 0.73077 0.65854
642  8    0.44351 0.97436 0.65854
643  8    0.49727 0.00000 0.65854
644  8    0.49727 0.24359 0.65854
645  8    0.49727 0.48718 0.65854
646  8    0.49727 0.73077 0.65854
647  8    0.49727 0.97436 0.65854
648  8    0.55103 0.00000 0.65854
649  8    0.55103 0.24359 0.65854
650  8    0.55103 0.48718 0.65854
651  8    0.55103 0.73077 0.65854
652  8    0.55103 0.97436 0.65854
653  8    0.60479 0.00000 0.65854
654  8    0.60479 0.24359 0.65854
655  8    0.60479 0.48718 0.65854
656  8    0.60479 0.73077 0.65854
657  8    0.60479 0.97436 0.65854
658  8    0.65854 0.00000 0.65854
659  8    0.65854 0.24359 0.65854
660  8    0.65854 0.48718 0.65854
661  8    0.65854 0.73077 0.65854
662  8    0.65854 0.97436 0.65854
663  8    0.71230 0.00000 0.65854
664  8    0.71230 0.24359 0.65854
665  8    0.71230 0.48718 0.65854
666  8    0.71230 0.73077 0.65854
667  8    0.71230 0.97436 0.65854
668  8    0.76606 0.00000 0.65854
669  8    0.76606 0.24359 0.65854
670  8    0.76606 0.48718 0.65854
671  8    0.76606 0.73077 0.65854
672  8    0.76606 0.97436 0.65854
673  8    0.81982 0.00000 0.65854
674  8    0.81982 0.24359 0.65854
675  8    0.81982 0.48718 0.65854
676  8    0.81982 0.73077 0.65854
677  8    0.81982 0.97436 0.65854
678  8    0.87358 0.00000 0.65854
679  8    0.87358 0.24359 0.65854
680  8    0.87358 0.48718 0.65854
681  8    0.87358 0.73077 0.65854
682  8    0.87358 0.97436 0.65854
683  8    0.92734 0.00000 0.65854
684  8    0.92734 0.24359 0.65854
685  8    0.92734 0.48718 0.65854
686  8    0.92734 0.73077 0.65854
687  8    0.92734 0.97436 0.65854
688  8    0.98110 0.00000 0.65854
689  8    0.98110 0.24359 0.65854
690  8    0.98110 0.48718 0.65854
691  8    0.98110 0.73077 0.65854
692  8    0.98110 0.97436 0.65854
693  8    0.01344 0.00000 0.76606
694  8    0.01344 0.24359 0.76606
695  8    0.01344 0.48718 0.76606
696  8    0.01344 0.73077 0.76606
697  8    0.01344 0.97436 0.76606
698  8    0.06720 0.00000 0.76606
699  8    0.06720 0.24359 0.76606
700  8    0.06720 0.48718 0.76606
701  8    0.06720 0.73077 0.76606
702  8    0.06720 0.97436 0.76606
703  8    0.12096 0.00000 0.76606
704  8    0.12096 0.24359 0.76606
705  8    0.12096 0.48718 0.76606
706  8    0.12096 0.73077 0.76606
707  8    0.12096 0.97436 0.76606
708  8    0.17472 0.00000 0.76606
709  8    0.17472 0.24359 0.76606
710  8    0.17472 0.48718 0.76606
711  8    0.17472 0.73077 0.76606
712  8    0.17472 0.97436 0.76606
713  8    0.22848 0.00000 0.76606
714  8    0.22848 0.24359 0.76606
715  8    0.22848 0.48718 0.76606
716  8    0.22848 0.73077 0.76606
717  8    0.22848 0.97436 0.76606
718  8    0.28223 0.00000 0.76606
719  8    0.28223 0.24359 0.76606
720  8    0.28223 0.48718 0.76606
721  8    0.28223 0.73077 0.76606
722  8    0.28223 0.97436 0.76606
723  8    0.33599 0.00000 0.76606
724  8    0.33599 0.24359 0.76606
725  8    0.33599 0.48718 0.76606
726  8    0.33599 0.73077 0.76606
727  8    0.33599 0.97436 0.76606
728  8    0.38975 0.00000 0.76606
729  8    0.38975 0.24359 0.76606
730  8    0.38975 0.48718 0.76606
731  8    0.38975 0.73077 0.76606
732  8    0.38975 0.97436 0.76606
733  8    0.44351 0.00000 0.76606
734  8    0.44351 0.24359 0.76606
735  8    0.44351 0.48718 0.76606
736  8    0.44351 0.73077 0.76606
737  8    0.44351 0.97436 0.76606
738  8    0.49727 0.00000 0.76606
739  8    0.49727 0.24359 0.76606
740  8    0.49727 0.48718 0.76606
741  8    0.49727 0.73077 0.76606
742  8    0.49727 0.97436 0.76606
743  8    0.55103 0.00000 0.76606
744  8    0.55103 0.24359 0.76606
745  8    0.55103 0.48718 0.76606
746  8    0.55103 0.73077 0.76606
747  8    0.55103 0.97436 0.76606
748  8    0.60479 0.00000 0.76606
749  8    0.60479 0.24359 0.76606
750  8    0.60479 0.48718 0.76606
751  8    0.60479 0.73077 0.76606
752  8    0.60479 0.97436 0.76606
753  8    0.65854 0.00000 0.76606
754  8    0.65854 0.24359 0.76606
755  8    0.65854 0.48718 0.76606
756  8    0.65854 0.73077 0.76606
757  8    0.65854 0.97436 0.76606
758  8    0.71230 0.00000 0.76606
759  8    0.71230 0.24359 0.76606
760  8    0.71230 0.48718 0.76606
761  8    0.71230 0.73077 0.76606
762  8    0.71230 0.97436 0.76606
763  8    0.76606 0.00000 0.76606
764  8    0.76606 0.24359 0.76606
765  8    0.76606 0.48718 0.76606
766  8    0.76606 0.73077 0.76606
767  8    0.76606 0.97436 0.76606
768  8    0.81982 0.00000 0.76606
769  8    0.81982 0.24359 0.76606
770  8    0.81982 0.48718 0.76606
771  8    0.81982 0.73077 0.76606
772  8    0.81982 0.97436 0.76606
773  8    0.87358 0.00000 0.76606
774  8    0.87358 0.24359 0.76606
775  8    0.87358 0.48718 0.76606
776  8    0.87358 0.73077 0.76606
777  8    0.87358 0.97436 0.76606
778  8    0.92734 0.00000 0.76606
779  8    0.92734 0.24359 0.76606
780  8    0.92734 0.48718 0.76606
781  8    0.92734 0.73077 0.76606
782  8    0.92734 0.97436 0.76606
783  8    0.98110 0.00000 0.76606
784  8    0.98110 0.24359 0.76606
785  8    0.98110 0.48718 0.76606
786  8    0.98110 0.73077 0.76606
787  8    0.98110 0.97436 0.76606
788  8    0.01344 0.00000 0.87358
789  8    0.01344 0.24359 0.87358
790  8    0.01344 0.48718 0.87358
791  8    0.01344 0.73077 0.87358
792  8    0.01344 0.97436 0.87358
793  8    0.06720 0.00000 0.87358
794  8    0.06720 0.24359 0.87358
795  8    0.06720 0.48718 0.87358
796  8    0.06720 0.73077 0.87358
797  8    0.06720 0.97436 0.87358
798  8    0.12096 0.00000 0.87358
799  8    0.12096 0.24359 0.87358
800  8    0.12096 0.48718 0.87358
801  8    0.12096 0.73077 0.87358
802  8    0.12096 0.97436 0.87358
803  8    0.17472 0.00000 0.87358
804  8    0.17472 0.24359 0.87358
805  8    0.17472 0.48718 0.87358
806  8    0.17472 0.73077 0.87358
807  8    0.17472 0.97436 0.87358
808  8    0.22848 0.00000 0.87358
809  8    0.22848 0.24359 0.87358
810  8    0.22848 0.48718 0.87358
811  8    0.22848 0.73077 0.87358
812  8    0.22848 0.97436 0.87358
813  8    0.28223 0.00000 0.87358
814  8    0.28223 0.24359 0.87358
815  8    0.28223 0.48718 0.87358
816  8    0.28223 0.73077 0.87358
817  8    0.28223 0.97436 0.87358
818  8    0.33599 0.00000 0.87358
819  8    0.33599 0.24359 0.87358
820  8    0.33599 0.48718 0.87358
821  8    0.33599 0.73077 0.87358
822  8    0.33599 0.97436 0.87358
823  8    0.38975 0.00000 0.87358
824  8    0.38975 0.24359 0.87358
825  8    0.38975 0.48718 0.87358
826  8    0.38975 0.73077 0.87358
827  8    0.38975 0.97436 0.87358
828  8    0.44351 0.00000 0.87358
829  8    0.44351 0.24359 0.87358
830  8    0.44351 0.48718 0.87358
831  8    0.44351 0.73077 0.87358
832  8    0.44351 0.97436 0.87358
833  8    0.49727 0.00000 0.87358
834  8    0.49727 0.24359 0.87358
835  8    0.49727 0.48718 0.87358
836  8    0.49727 0.73077 0.87358
837  8    0.49727 0.97436 0.87358
838  8    0.55103 0.00000 0.87358
839  8    0.55103 0.24359 0.87358
840  8    0.55103 0.48718 0.87358
841  8    0.55103 0.73077 0.87358
842  8    0.55103 0.97436 0.87358
843  8    0.60479 0.00000 0.87358
844  8    0.60479 0.24359 0.87358
845  8    0.60479 0.48718 0.87358
846  8    0.60479 0.73077 0.87358
847  8    0.60479 0.97436 0.87358
848  8    0.65854 0.00000 0.87358
849  8    0.65854 0.24359 0.87358
850  8    0.65854 0.48718 0.87358
851  8    0.65854 0.73077 0.87358
852  8    0.65854 0.97436 0.87358
853  8    0.71230 0.00000 0.87358
854  8    0.71230 0.24359 0.87358
855  8    0.71230 0.48718 0.87358
856  8    0.71230 0.73077 0.87358
857  8    0.71230 0.97436 0.87358
858  8    0.76606 0.00000 0.87358
859  8    0.76606 0.24359 0.87358
860  8    0.76606 0.48718 0.87358
861  8    0.76606 0.73077 0.87358
862  8    0.76606 0.97436 0.87358
863  8    0.81982 0.00000 0.87358
864  8    0.81982 0.24359 0.87358
865  8    0.81982 0.48718 0.87358
866  8    0.81982 0.73077 0.87358
867  8    0.81982 0.97436 0.87358
868  8    0.87358 0.00000 0.87358
869  8    0.87358 0.24359 0.87358
870  8    0.87358 0.48718 0.87358
871  8    0.87358 0.73077 0.87358
872  8    0.87358 0.97436 0.87358
873  8    0.92734 0.00000 0.87358
874  8    0.92734 0.24359 0.87358
875  8    0.92734 0.48718 0.87358
876  8    0.92734 0.73077 0.87358
877  8    0.92734 0.97436 0.87358
878  8    0.98110 0.00000 0.87358
879  8    0.98110 0.24359 0.87358
880  8    0.98110 0.48718 0.87358
881  8    0.98110 0.73077 0.87358
882  8    0.98110 0.97436 0.87358
883  8    0.01344 0.00000 0.98110
884  8    0.01344 0.24359 0.98110
885  8    0.01344 0.48718 0.98110
886  8    0.01344 0.73077 0.98110
887  8    0.01344 0.97436 0.98110
888  8    0.06720 0.00000 0.98110
889  8    0.06720 0.24359 0.98110
890  8    0.06720 0.48718 0.98110
891  8    0.06720 0.73077 0.98110
892  8    0.06720 0.97436 0.98110
893  8    0.12096 0.00000 0.98110
894  8    0.12096 0.24359 0.98110
895  8    0.12096 0.48718 0.98110
896  8    0.12096 0.73077 0.98110
897  8    0.12096 0.97436 0.98110
898  8    0.17472 0.00000 0.98110
899  8    0.17472 0.24359 0.98110
900  8    0.17472 0.48718 0.98110
901  8    0.17472 0.73077 0.98110
902  8    0.17472 0.97436 0.98110
903  8    0.22848 0.00000 0.98110
904  8    0.22848 0.24359 0.98110
905  8    0.22848 0.48718 0.98110
906  8    0.22848 0.73077 0.98110
907  8    0.22848 0.97436 0.98110
908  8    0.28223 0.00000 0.98110
909  8    0.28223 0.24359 0.98110
910  8    0.28223 0.48718 0.98110
911  8    0.28223 0.73077 0.98110
912  8    0.28223 0.97436 0.98110
913  8    0.33599 0.00000 0.98110
914  8    0.33599 0.24359 0.98110
915  8    0.33599 0.48718 0.98110
916  8    0.33599 0.73077 0.98110
917  8    0.33599 0.97436 0.98110
918  8    0.38975 0.00000 0.98110
919  8    0.38975 0.24359 0.98110
920  8    0.38975 0.48718 0.98110
921  8    0.38975 0.73077 0.98110
922  8    0.38975 0.97436 0.98110
923  8    0.44351 0.00000 0.98110
924  8    0.44351 0.24359 0.98110
925  8    0.44351 0.48718 0.98110
926  8    0.44351 0.73077 0.98110
927  8    0.44351 0.97436 0.98110
928  8    0.49727 0.00000 0.98110
929  8    0.49727 0.24359 0.98110
930  8    0.49727 0.48718 0.98110
931  8    0.49727 0.73077 0.98110
932  8    0.49727 0.97436 0.98110
933  8    0.55103 0.00000 0.98110
934  8    0.55103 0.24359 0.98110
935  8    0.55103 0.48718 0.98110
936  8    0.55103 0.73077 0.98110
937  8    0.55103 0.97436 0.98110
938  8    0.60479 0.00000 0.98110
939  8    0.60479 0.24359 0.98110
940  8    0.60479 0.48718 0.98110
941  8    0.60479 0.73077 0.98110
942  8    0.60479 0.97436 0.98110
943  8    0.65854 0.00000 0.98110
944  8    0.65854 0.24359 0.98110
945  8    0.65854 0.48718 0.98110
946  8    0.65854 0.73077 0.98110
947  8    0.65854 0.97436 0.98110
948  8    0.71230 0.00000 0.98110
949  8    0.71230 0.24359 0.98110
950  8    0.71230 0.48718 0.98110
951  8    0.71230 0.73077 0.98110
952  8    0.71230 0.97436 0.98110
953  8    0.76606 0.00000 0.98110
954  8    0.76606 0.24359 0.98110
955  8    0.76606 0.48718 0.98110
956  8    0.76606 0.73077 0.98110
957  8    0.76606 0.97436 0.98110
958  8    0.81982 0.00000 0.98110
959  8    0.81982 0.24359 0.98110
960  8    0.81982 0.48718 0.98110
961  8    0.81982 0.73077 0.98110
962  8    0.81982 0.97436 0.98110
963  8    0.87358 0.00000 0.98110
964  8    0.87358 0.24359 0.98110
965  8    0.87358 0.48718 0.98110
966  8    0.87358 0.73077 0.98110
967  8    0.87358 0.97436 0.98110
968  8    0.92734 0.00000 0.98110
969  8    0.92734 0.24359 0.98110
970  8    0.92734 0.48718 0.98110
971  8    0.92734 0.73077 0.98110
972  8    0.92734 0.97436 0.98110
973  8    0.98110 0.00000 0.98110
974  8    0.98110 0.24359 0.98110
975  8    0.98110 0.48718 0.98110
976  8    0.98110 0.73077 0.98110
977  8    0.98110 0.97436 0.98110
978  8    0.00000 0.01344 0.06720
979  8    0.24359 0.01344 0.06720
980  8    0.48718 0.01344 0.06720
981  8    0.73077 0.01344 0.06720
982  8    0.97436 0.01344 0.06720
983  8    0.00000 0.06720 0.06720
984  8    0.24359 0.06720 0.06720
985  8    0.48718 0.06720 0.06720
986  8    0.73077 0.06720 0.06720
987  8    0.97436 0.06720 0.06720
988  8    0.00000 0.12096 0.06720
989  8    0.24359 0.12096 0.06720
990  8    0.48718 0.12096 0.06720
991  8    0.73077 0.12096 0.06720
992  8    0.97436 0.12096 0.06720
993  8    0.00000 0.17472 0.06720
994  8    0.24359 0.17472 0.06720
995  8    0.48718 0.17472 0.06720
996  8    0.73077 0.17472 0.06720
997  8    0.97436 0.17472 0.06720
998  8    0.00000 0.22848 0.06720
999  8    0.24359 0.22848 0.06720
1000 8    0.48718 0.22848 0.06720
1001 8    0.73077 0.22848 0.06720
1002 8    0.97436 0.22848 0.06720
1003 8    0.00000 0.28223 0.06720
1004 8    0.24359 0.28223 0.06720
1005 8    0.48718 0.28223 0.06720
1006 8    0.73077 0.28223 0.06720
1007 8    0.97436 0.28223 0.06720
1008 8    0.00000 0.33599 0.06720
1009 8    0.24359 0.33599 0.06720
1010 8    0.48718 0.33599 0.06720
1011 8    0.73077 0.33599 0.06720
1012 8    0.97436 0.33599 0.06720
1013 8    0.00000 0.38975 0.06720
1014 8    0.24359 0.38975 0.06720
1015 8    0.48718 0.38975 0.06720
1016 8    0.73077 0.38975 0.06720
1017 8    0.97436 0.38975 0.06720
1018 8    0.00000 0.44351 0.06720
1019 8    0.24359 0.44351 0.06720
1020 8    0.48718 0.44351 0.06720
1021 8    0.73077 0.44351 0.06720
1022 8    0.97436 0.44351 0.06720
1023 8    0.00000 0.49727 0.06720
1024 8    0.24359 0.49727 0.06720
1025 8    0.48718 0.49727 0.06720
1026 8    0.73077 0.49727 0.06720
1027 8    0.97436 0.49727 0.06720
1028 8    0.00000 0.55103 0.06720
1029 8    0.24359 0.55103 0.06720
1030 8    0.48718 0.55103 0.06720
1031 8    0.73077 0.55103 0.06720
1032 8    0.97436 0.55103 0.06720
1033 8    0.00000 0.60479 0.06720
1034 8    0.24359 0.60479 0.06720
1035 8    0.48718 0.60479 0.06720
1036 8    0.73077 0.60479 0.06720
1037 8    0.97436 0.60479 0.06720
1038 8    0.00000 0.65854 0.06720
1039 8    0.24359 0.65854 0.06720
1040 8    0.48718 0.65854 0.06720
1041 8    0.73077 0.65854 0.06720
1042 8    0.97436 0.65854 0.06720
1043 8    0.00000 0.71230 0.06720
1044 8    0.24359 0.71230 0.06720
1045 8    0.48718 0.71230 0.06720
1046 8    0.73077 0.71230 0.06720
1047 8    0.97436 0.71230 0.06720
1048 8    0.00000 0.76606 0.06720
1049 8    0.24359 0.76606 0.06720
1050 8    0.48718 0.76606 0.06720
1051 8    0.73077 0.76606 0.06720
1052 8    0.97436 0.76606 0.06720
1053 8    0.00000 0.81982 0.06720
1054 8    0.24359 0.81982 0.06720
1055 8    0.48718 0.81982 0.06720
1056 8    0.73077 0.81982 0.06720
1057 8    0.97436 0.81982 0.06720
1058 8    0.00000 0.87358 0.06720
1059 8    0.24359 0.87358 0.06720
1060 8    0.48718 0.87358 0.06720
1061 8    0.73077 0.87358 0.06720
1062 8    0.97436 0.87358 0.06720
1063 8    0.00000 0.92734 0.06720
1064 8    0.24359 0.92734 0.06720
1065 8    0.48718 0.92734 0.06720
1066 8    0.73077 0.92734 0.06720
1067 8    0.97436 0.92734 0.06720
1068 8    0.00000 0.98110 0.06720
1069 8    0.24359 0.98110 0.06720
1070 8    0.48718 0.98110 0.06720
1071 8    0.73077 0.98110 0.06720
1072 8    0.97436 0.98110 0.06720
1073 8    0.00000 0.01344 0.17472
1074 8    0.24359 0.01344 0.17472
1075 8    0.48718 0.01344 0.17472
1076 8    0.73077 0.01344 0.17472
1077 8    0.97436 0.01344 0.17472
1078 8    0.00000 0.06720 0.17472
1079 8    0.24359 0.06720 0.17472
1080 8    0.48718 0.06720 0.17472
1081 8    0.73077 0.06720 0.17472
1082 8    0.97436 0.06720 0.17472
1083 8    0.00000 0.12096 0.17472
1084 8    0.24359 0.12096 0.17472
1085 8    0.48718 0.12096 0.17472
1086 8    0.73077 0.12096 0.17472
1087 8    0.97436 0.12096 0.17472
1088 8    0.00000 0.17472 0.17472
1089 8    0.24359 0.17472 0.17472
1090 8    0.48718 0.17472 0.17472
1091 8    0.73077 0.17472 0.17472
1092 8    0.97436 0.17472 0.17472
1093 8    0.00000 0.22848 0.17472
1094 8    0.24359 0.22848 0.17472
1095 8    0.48718 0.22848 0.17472
1096 8    0.73077 0.22848 0.17472
1097 8    0.97436 0.22848 0.17472
1098 8    0.00000 0.28223 0.17472
1099 8    0.24359 0.28223 0.17472
1100 8    0.48718 0.28223 0.17472
1101 8    0.73077 0.28223 0.17472
1102 8    0.97436 0.28223 0.17472
1103 8    0.00000 0.33599 0.17472
1104 8    0.24359 0.33599 0.17472
1105 8    0.48718 0.33599 0.17472
1106 8    0.73077 0.33599 0.17472
1107 8    0.97436 0.33599 0.17472
1108 8    0.00000 0.38975 0.17472
1109 8    0.24359 0.38975 0.17472
1110 8    0.48718 0.38975 0.17472
1111 8    0.73077 0.38975 0.17472
1112 8    0.97436 0.38975 0.17472
1113 8    0.00000 0.44351 0.17472
1114 8    0.24359 0.44351 0.17472
1115 8    0.48718 0.44351 0.17472
1116 8    0.73077 0.44351 0.17472
1117 8    0.97436 0.44351 0.17472
1118 8    0.00000 0.49727 0.17472
1119 8    0.24359 0.49727 0.17472
1120 8    0.48718 0.49727 0.17472
1121 8    0.73077 0.49727 0.17472
1122 8    0.97436 0.49727 0.17472
1123 8    0.00000 0.55103 0.17472
1124 8    0.24359 0.55103 0.17472
1125 8    0.48718 0.55103 0.17472
1126 8    0.73077 0.55103 0.17472
1127 8    0.97436 0.55103 0.17472
1128 8    0.00000 0.60479 0.17472
1129 8    0.24359 0.60479 0.17472
1130 8    0.48718 0.60479 0.17472
1131 8    0.73077 0.60479 0.17472
1132 8    0.97436 0.60479 0.17472
1133 8    0.00000 0.65854 0.17472
1134 8    0.24359 0.65854 0.17472
1135 8    0.48718 0.65854 0.17472
1136 8    0.73077 0.65854 0.17472
1137 8    0.97436 0.65854 0.17472
1138 8    0.00000 0.71230 0.17472
1139 8    0.24359 0.71230 0.17472
1140 8    0.48718 0.71230 0.17472
1141 8    0.73077 0.71230 0.17472
1142 8    0.97436 0.71230 0.17472
1143 8    0.00000 0.76606 0.17472
1144 8    0.24359 0.76606 0.17472
1145 8    0.48718 0.76606 0.17472
1146 8    0.73077 0.76606 0.17472
1147 8    0.97436 0.76606 0.17472
1148 8    0.00000 0.81982 0.17472
1149 8    0.24359 0.81982 0.17472
1150 8    0.48718 0.81982 0.17472
1151 8    0.73077 0.81982 0.17472
1152 8    0.97436 0.81982 0.17472
1153 8    0.00000 0.87358 0.17472
1154 8    0.24359 0.87358 0.17472
1155 8    0.48718 0.87358 0.17472
1156 8    0.73077 0.87358 0.17472
1157 8    0.97436 0.87358 0.17472
1158 8    0.00000 0.92734 0.17472
1159 8    0.24359 0.92734 0.17472
1160 8    0.48718 0.92734 0.17472
1161 8    0.73077 0.92734 0.17472
1162 8    0.97436 0.92734 0.17472
1163 8    0.00000 0.98110 0.17472
1164 8    0.24359 0.98110 0.17472
1165 8    0.48718 0.98110 0.17472
1166 8    0.73077 0.98110 0.17472
1167 8    0.97436 0.98110 0.17472
1168 8    0.00000 0.01344 0.28223
1169 8    0.24359 0.01344 0.28223
1170 8    0.48718 0.01344 0.28223
1171 8    0.73077 0.01344 0.28223
1172 8    0.97436 0.01344 0.28223
1173 8    0.00000 0.06720 0.28223
1174 8    0.24359 0.06720 0.28223
1175 8    0.48718 0.06720 0.28223
1176 8    0.73077 0.06720 0.28223
1177 8    0.97436 0.06720 0.28223
1178 8    0.00000 0.12096 0.28223
1179 8    0.24359 0.12096 0.28223
1180 8    0.48718 0.12096 0.28223
1181 8    0.73077 0.12096 0.28223
1182 8    0.97436 0.12096 0.28223
1183 8    0.00000 0.17472 0.28223
1184 8    0.24359 0.17472 0.28223
1185 8    0.48718 0.17472 0.28223
1186 8    0.73077 0.17472 0.28223
1187 8    0.97436 0.17472 0.28223
1188 8    0.00000 0.22848 0.28223
1189 8    0.24359 0.22848 0.28223
1190 8    0.48718 0.22848 0.28223
1191 8    0.73077 0.22848 0.28223
1192 8    0.97436 0.22848 0.28223
1193 8    0.00000 0.28223 0.28223
1194 8    0.24359 0.28223 0.28223
1195 8    0.48718 0.28223 0.28223
1196 8    0.73077 0.28223 0.28223
1197 8    0.97436 0.28223 0.28223
1198 8    0.00000 0.33599 0.28223
1199 8    0.24359 0.33599 0.28223
1200 8    0.48718 0.33599 0.28223
1201 8    0.73077 0.33599 0.28223
1202 8    0.97436 0.33599 0.28223
1203 8    0.00000 0.38975 0.28223
1204 8    0.24359 0.38975 0.28223
1205 8    0.48718 0.38975 0.28223
1206 8    0.73077 0.38975 0.28223
1207 8    0.97436 0.38975 0.28223
1208 8    0.00000 0.44351 0.28223
1209 8    0.24359 0.44351 0.28223
1210 8    0.48718 0.44351 0.28223
1211 8    0.73077 0.44351 0.28223
1212 8    0.97436 0.44351 0.28223
1213 8    0.00000 0.49727 0.28223
1214 8    0.24359 0.49727 0.28223
1215 8    0.48718 0.49727 0.28223
1216 8    0.73077 0.49727 0.28223
1217 8    0.97436 0.49727 0.28223
1218 8    0.00000 0.55103 0.28223
1219 8    0.24359 0.55103 0.28223
1220 8    0.48718 0.55103 0.28223
1221 8    0.73077 0.55103 0.28223
1222 8    0.97436 0.55103 0.28223
1223 8    0.00000 0.60479 0.28223
1224 8    0.24359 0.60479 0.28223
1225 8    0.48718 0.60479 0.28223
1226 8    0.73077 0.60479 0.28223
1227 8    0.97436 0.60479 0.28223
1228 8    0.00000 0.65854 0.28223
1229 8    0.24359 0.65854 0.28223
1230 8    0.48718 0.65854 0.28223
1231 8    0.73077 0.65854 0.28223
1232 8    0.97436 0.65854 0.28223
1233 8    0.00000 0.71230 0.28223
1234 8    0.24359 0.71230 0.28223
1235 8    0.48718 0.71230 0.28223
1236 8    0.73077 0.71230 0.28223
1237 8    0.97436 0.71230 0.28223
1238 8    0.00000 0.76606 0.28223
1239 8    0.24359 0.76606 0.28223
1240 8    0.48718 0.76606 0.28223
1241 8    0.73077 0.76606 0.28223
1242 8    0.97436 0.76606 0.28223
1243 8    0.00000 0.81982 0.28223
1244 8    0.24359 0.81982 0.28223
1245 8    0.48718 0.81982 0.28223
1246 8    0.73077 0.81982 0.28223
1247 8    0.97436 0.81982 0.28223
1248 8    0.00000 0.87358 0.28223
1249 8    0.24359 0.87358 0.28223
1250 8    0.48718 0.87358 0.28223
1251 8    0.73077 0.87358 0.28223
1252 8    0.97436 0.87358 0.28223
1253 8    0.00000 0.92734 0.28223
1254 8    0.24359 0.92734 0.28223
1255 8    0.48718 0.92734 0.28223
1256 8    0.73077 0.92734 0.28223
1257 8    0.97436 0.92734 0.28223
1258 8    0.00000 0.98110 0.28223
1259 8    0.24359 0.98110 0.28223
1260 8    0.48718 0.98110 0.28223
1261 8    0.73077 0.98110 0.28223
1262 8    0.97436 0.98110 0.28223
1263 8    0.00000 0.01344 0.38975
1264 8    0.24359 0.01344 0.38975
1265 8    0.48718 0.01344 0.38975
1266 8    0.73077 0.01344 0.38975
1267 8    0.97436 0.01344 0.38975
1268 8    0.00000 0.06720 0.38975
1269 8    0.24359 0.06720 0.38975
1270 8    0.48718 0.06720 0.38975
1271 8    0.73077 0.06720 0.38975
1272 8    0.97436 0.06720 0.38975
1273 8    0.00000 0.12096 0.38975
1274 8    0.24359 0.12096 0.38975
1275 8    0.48718 0.12096 0.38975
1276 8    0.73077 0.12096 0.38975
1277 8    0.97436 0.12096 0.38975
1278 8    0.00000 0.17472 0.38975
1279 8    0.24359 0.17472 0.38975
1280 8    0.48718 0.17472 0.38975
1281 8    0.73077 0.17472 0.38975
1282 8    0.97436 0.17472 0.38975
1283 8    0.00000 0.22848 0.38975
1284 8    0.24359 0.22848 0.38975
1285 8    0.48718 0.22848 0.38975
1286 8    0.73077 0.22848 0.38975
1287 8    0.97436 0.22848 0.38975
1288 8    0.00000 0.28223 0.38975
1289 8    0.24359 0.28223 0.38975
1290 8    0.48718 0.28223 0.38975
1291 8    0.73077 0.28223 0.38975
1292 8    0.97436 0.28223 0.38975
1293 8    0.00000 0.33599 0.38975
1294 8    0.24359 0.33599 0.38975
1295 8    0.48718 0.33599 0.38975
1296 8    0.73077 0.33599 0.38975
1297 8    0.97436 0.33599 0.38975
1298 8    0.00000 0.38975 0.38975
1299 8    0.24359 0.38975 0.38975
1300 8    0.48718 0.38975 0.38975
1301 8    0.73077 0.38975 0.38975
1302 8    0.97436 0.38975 0.38975
1303 8    0.00000 0.44351 0.38975
1304 8    0.24359 0.44351 0.38975
1305 8    0.48718 0.44351 0.38975
1306 8    0.73077 0.44351 0.38975
1307 8    0.97436 0.44351 0.38975
1308 8    0.00000 0.49727 0.38975
1309 8    0.24359 0.49727 0.38975
1310 8    0.48718 0.49727 0.38975
1311 8    0.73077 0.49727 0.38975
1312 8    0.97436 0.49727 0.38975
1313 8    0.00000 0.55103 0.38975
1314 8    0.24359 0.55103 0.38975
1315 8    0.48718 0.55103 0.38975
1316 8    0.73077 0.55103 0.38975
1317 8    0.97436 0.55103 0.38975
1318 8    0.00000 0.60479 0.38975
1319 8    0.24359 0.60479 0.38975
1320 8    0.48718 0.60479 0.38975
1321 8    0.73077 0.60479 0.38975
1322 8    0.97436 0.60479 0.38975
1323 8    0.00000 0.65854 0.38975
1324 8    0.24359 0.65854 0.38975
1325 8    0.48718 0.65854 0.38975
1326 8    0.73077 0.65854 0.38975
1327 8    0.97436 0.65854 0.38975
1328 8    0.00000 0.71230 0.38975
1329 8    0.24359 0.71230 0.38975
1330 8    0.48718 0.71230 0.38975
1331 8    0.73077 0.71230 0.38975
1332 8    0.97436 0.71230 0.38975
1333 8    0.00000 0.76606 0.38975
1334 8    0.24359 0.76606 0.38975
1335 8    0.48718 0.76606 0.38975
1336 8    0.73077 0.76606 0.38975
1337 8    0.97436 0.76606 0.38975
1338 8    0.00000 0.81982 0.38975
1339 8    0.24359 0.81982 0.38975
1340 8    0.48718 0.81982 0.38975
1341 8    0.73077 0.81982 0.38975
1342 8    0.97436 0.81982 0.38975
1343 8    0.00000 0.87358 0.38975
1344 8    0.24359 0.87358 0.38975
1345 8    0.48718 0.87358 0.38975
1346 8    0.73077 0.87358 0.38975
1347 8    0.97436 0.87358 0.38975
1348 8    0.00000 0.92734 0.38975
1349 8    0.24359 0.92734 0.38975
1350 8    0.48718 0.92734 0.38975
1351 8    0.73077 0.92734 0.38975
1352 8    0.97436 0.92734 0.38975
1353 8    0.00000 0.98110 0.38975
1354 8    0.24359 0.98110 0.38975
1355 8    0.48718 0.98110 0.38975
1356 8    0.73077 0.98110 0.38975
1357 8    0.97436 0.98110 0.38975
1358 8    0.00000 0.01344 0.49727
1359 8    0.24359 0.01344 0.49727
1360 8    0.48718 0.01344 0.49727
1361 8    0.73077 0.01344 0.49727
1362 8    0.97436 0.01344 0.49727
1363 8    0.00000 0.06720 0.49727
1364 8    0.24359 0.06720 0.49727
1365 8    0.48718 0.06720 0.49727
1366 8    0.73077 0.06720 0.49727
1367 8    0.97436 0.06720 0.49727
1368 8    0.00000 0.12096 0.49727
1369 8    0.24359 0.12096 0.49727
1370 8    0.48718 0.12096 0.49727
1371 8    0.73077 0.12096 0.49727
1372 8    0.97436 0.12096 0.49727
1373 8    0.00000 0.17472 0.49727
1374 8    0.24359 0.17472 0.49727
1375 8    0.48718 0.17472 0.49727
1376 8    0.73077 0.17472 0.49727
1377 8    0.97436 0.17472 0.49727
1378 8    0.00000 0.22848 0.49727
1379 8    0.24359 0.22848 0.49727
1380 8    0.48718 0.22848 0.49727
1381 8    0.73077 0.22848 0.49727
1382 8    0.97436 0.22848 0.49727
1383 8    0.00000 0.28223 0.49727
1384 8    0.24359 0.28223 0.49727
1385 8    0.48718 0.28223 0.49727
1386 8    0.73077 0.28223 0.49727
1387 8    0.97436 0.28223 0.49727
1388 8    0.00000 0.33599 0.49727
1389 8    0.24359 0.33599 0.49727
1390 8    0.48718 0.33599 0.49727
1391 8    0.73077 0.33599 0.49727
1392 8    0.97436 0.33599 0.49727
1393 8    0.00000 0.38975 0.49727
1394 8    0.24359 0.38975 0.49727
1395 8    0.48718 0.38975 0.49727
1396 8    0.73077 0.38975 0.49727
1397 8    0.97436 0.38975 0.49727
1398 8    0.00000 0.44351 0.49727
1399 8    0.24359 0.44351 0.49727
1400 8    0.48718 0.44351 0.49727
1401 8    0.73077 0.44351 0.49727
1402 8    0.97436 0.44351 0.49727
1403 8    0.00000 0.49727 0.49727
1404 8    0.24359 0.49727 0.49727
1405 8    0.48718 0.49727 0.49727
1406 8    0.73077 0.49727 0.49727
1407 8    0.97436 0.49727 0.49727
1408 8    0.00000 0.55103 0.49727
1409 8    0.24359 0.55103 0.49727
1410 8    0.48718 0.55103 0.49727
1411 8    0.73077 0.55103 0.49727
1412 8    0.97436 0.55103 0.49727
1413 8    0.00000 0.60479 0.49727
1414 8    0.24359 0.60479 0.49727
1415 8    0.48718 0.60479 0.49727
1416 8    0.73077 0.60479 0.49727
1417 8    0.97436 0.60479 0.49727
1418 8    0.00000 0.65854 0.49727
1419 8    0.24359 0.65854 0.49727
1420 8    0.48718 0.65854 0.49727
1421 8    0.73077 0.65854 0.49727
1422 8    0.97436 0.65854 0.49727
1423 8    0.00000 0.71230 0.49727
1424 8    0.24359 0.71230 0.49727
1425 8    0.48718 0.71230 0.49727
1426 8    0.73077 0.71230 0.49727
1427 8    0.97436 0.71230 0.49727
1428 8    0.00000 0.76606 0.49727
1429 8    0.24359 0.76606 0.49727
1430 8    0.48718 0.76606 0.49727
1431 8    0.73077 0.76606 0.49727
1432 8    0.97436 0.76606 0.49727
1433 8    0.00000 0.81982 0.49727
1434 8    0.24359 0.81982 0.49727
1435 8    0.48718 0.81982 0.49727
1436 8    0.73077 0.81982 0.49727
1437 8    0.97436 0.81982 0.49727
1438 8    0.00000 0.87358 0.49727
1439 8    0.24359 0.87358 0.49727
1440 8    0.48718 0.87358 0.49727
1441 8    0.73077 0.87358 0.49727
1442 8    0.97436 0.87358 0.49727
1443 8    0.00000 0.92734 0.49727
1444 8    0.24359 0.92734 0.49727
1445 8    0.48718 0.92734 0.49727
1446 8    0.73077 0.92734 0.49727
1447 8    0.97436 0.92734 0.49727
1448 8    0.00000 0.98110 0.49727
1449 8    0.24359 0.98110 0.49727
1450 8    0.48718 0.98110 0.49727
1451 8    0.73077 0.98110 0.49727
1452 8    0.97436 0.98110 0.49727
1453 8    0.00000 0.01344 0.60479
1454 8    0.24359 0.01344 0.60479
1455 8    0.48718 0.01344 0.60479
1456 8    0.73077 0.01344 0.60479
1457 8    0.97436 0.01344 0.60479
1458 8    0.00000 0.06720 0.60479
1459 8    0.24359 0.06720 0.60479
1460 8    0.48718 0.06720 0.60479
1461 8    0.73077 0.06720 0.60479
1462 8    0.97436 0.06720 0.60479
1463 8    0.00000 0.12096 0.60479
1464 8    0.24359 0.12096 0.60479
1465 8    0.48718 0.12096 0.60479
1466 8    0.73077 0.12096 0.60479
1467 8    0.97436 0.12096 0.60479
1468 8    0.00000 0.17472 0.60479
1469 8    0.24359 0.17472 0.60479
1470 8    0.48718 0.17472 0.60479
1471 8    0.73077 0.17472 0.60479
1472 8    0.97436 0.17472 0.60479
1473 8    0.00000 0.22848 0.60479
1474 8    0.24359 0.22848 0.60479
1475 8    0.48718 0.22848 0.60479
1476 8    0.73077 0.22848 0.60479
1477 8    0.97436 0.22848 0.60479
1478 8    0.00000 0.28223 0.60479
1479 8    0.24359 0.28223 0.60479
1480 8    0.48718 0.28223 0.60479
1481 8    0.73077 0.28223 0.60479
1482 8    0.97436 0.28223 0.60479
1483 8    0.00000 0.33599 0.60479
1484 8    0.24359 0.33599 0.60479
1485 8    0.48718 0.33599 0.60479
1486 8    0.73077 0.33599 0.60479
1487 8    0.97436 0.33599 0.60479
1488 8    0.00000 0.38975 0.60479
1489 8    0.24359 0.38975 0.60479
1490 8    0.48718 0.38975 0.60479
1491 8    0.73077 0.38975 0.60479
1492 8    0.97436 0.38975 0.60479
1493 8    0.00000 0.44351 0.60479
1494 8    0.24359 0.44351 0.60479
1495 8    0.48718 0.44351 0.60479
1496 8    0.73077 0.44351 0.60479
1497 8    0.97436 0.44351 0.60479
1498 8    0.00000 0.49727 0.60479
1499 8    0.24359 0.49727 0.60479
1500 8    0.48718 0.49727 0.60479
1501 8    0.73077 0.49727 0.60479
1502 8    0.97436 0.49727 0.60479
1503 8    0.00000 0.55103 0.60479
1504 8    0.24359 0.55103 0.60479
1505 8    0.48718 0.55103 0.60479
1506 8    0.73077 0.55103 0.60479
1507 8    0.97436 0.55103 0.60479
1508 8    0.00000 0.60479 0.60479
1509 8    0.24359 0.60479 0.60479
1510 8    0.48718 0.60479 0.60479
1511 8    0.73077 0.60479 0.60479
1512 8    0.97436 0.60479 0.60479
1513 8    0.00000 0.65854 0.60479
1514 8    0.24359 0.65854 0.60479
1515 8    0.48718 0.65854 0.60479
1516 8    0.73077 0.65854 0.60479
1517 8    0.97436 0.65854 0.60479
1518 8    0.00000 0.71230 0.60479
1519 8    0.24359 0.71230 0.60479
1520 8    0.48718 0.71230 0.60479
1521 8    0.73077 0.71230 0.60479
1522 8    0.97436 0.71230 0.60479
1523 8    0.00000 0.76606 0.60479
1524 8    0.24359 0.76606 0.60479
1525 8    0.48718 0.76606 0.60479
1526 8    0.73077 0.76606 0.60479
1527 8    0.97436 0.76606 0.60479
1528 8    0.00000 0.81982 0.60479
1529 8    0.24359 0.81982 0.60479
1530 8    0.48718 0.81982 0.60479
1531 8    0.73077 0.81982 0.60479
1532 8    0.97436 0.81982 0.60479
1533 8    0.00000 0.87358 0.60479
1534 8    0.24359 0.87358 0.60479
1535 8    0.48718 0.87358 0.60479
1536 8    0.73077 0.87358 0.60479
1537 8    0.97436 0.87358 0.60479
1538 8    0.00000 0.92734 0.60479
1539 8    0.24359 0.92734 0.60479
1540 8    0.48718 0.92734 0.60479
1541 8    0.73077 0.92734 0.60479
1542 8    0.97436 0.92734 0.60479
1543 8    0.00000 0.98110 0.60479
1544 8    0.24359 0.98110 0.60479
1545 8    0.48718 0.98110 0.60479
1546 8    0.73077 0.98110 0.60479
1547 8    0.97436 0.98110 0.60479
1548 8    0.00000 0.01344 0.71230
1549 8    0.24359 0.01344 0.71230
1550 8    0.48718 0.01344 0.71230
1551 8    0.73077 0.01344 0.71230
1552 8    0.97436 0.01344 0.71230
1553 8    0.00000 0.06720 0.71230
1554 8    0.24359 0.06720 0.71230
1555 8    0.48718 0.06720 0.71230
1556 8    0.73077 0.06720 0.71230
1557 8    0.97436 0.06720 0.71230
1558 8    0.00000 0.12096 0.71230
1559 8    0.24359 0.12096 0.71230
1560 8    0.48718 0.12096 0.71230
1561 8    0.73077 0.12096 0.71230
1562 8    0.97436 0.12096 0.71230
1563 8    0.00000 0.17472 0.71230
1564 8    0.24359 0.17472 0.71230
1565 8    0.48718 0.17472 0.71230
1566 8    0.73077 0.17472 0.71230
1567 8    0.97436 0.17472 0.71230
1568 8    0.00000 0.22848 0.71230
1569 8    0.24359 0.22848 0.71230
1570 8    0.48718 0.22848 0.71230
1571 8    0.73077 0.22848 0.71230
1572 8    0.97436 0.22848 0.71230
1573 8    0.00000 0.28223 0.71230
1574 8    0.24359 0.28223 0.71230
1575 8    0.48718 0.28223 0.71230
1576 8    0.73077 0.28223 0.71230
1577 8    0.97436 0.28223 0.71230
1578 8    0.00000 0.33599 0.71230
1579 8    0.24359 0.33599 0.71230
1580 8    0.48718 0.33599 0.71230
1581 8    0.73077 0.33599 0.71230
1582 8    0.97436 0.33599 0.71230
1583 8    0.00000 0.38975 0.71230
1584 8    0.24359 0.38975 0.71230
1585 8    0.48718 0.38975 0.71230
1586 8    0.73077 0.38975 0.71230
1587 8    0.97436 0.38975 0.71230
1588 8    0.00000 0.44351 0.71230
1589 8    0.24359 0.44351 0.71230
1590 8    0.48718 0.44351 0.71230
1591 8    0.73077 0.44351 0.71230
1592 8    0.97436 0.44351 0.71230
1593 8    0.00000 0.49727 0.71230
1594 8    0.24359 0.49727 0.71230
1595 8    0.48718 0.49727 0.71230
1596 8    0.73077 0.49727 0.71230
1597 8    0.97436 0.49727 0.71230
1598 8    0.00000 0.55103 0.71230
1599 8    0.24359 0.55103 0.71230
1600 8    0.48718 0.55103 0.71230
1601 8    0.73077 0.55103 0.71230
1602 8    0.97436 0.55103 0.71230
1603 8    0.00000 0.60479 0.71230
1604 8    0.24359 0.60479 0.71230
1605 8    0.48718 0.60479 0.71230
1606 8    0.73077 0.60479 0.71230
1607 8    0.97436 0.60479 0.71230
1608 8    0.00000 0.65854 0.71230
1609 8    0.24359 0.65854 0.71230
1610 8    0.48718 0.65854 0.71230
1611 8    0.73077 0.65854 0.71230
1612 8    0.97436 0.65854 0.71230
1613 8    0.00000 0.71230 0.71230
1614 8    0.24359 0.71230 0.71230
1615 8    0.48718 0.71230 0.71230
1616 8    0.73077 0.71230 0.71230
1617 8    0.97436 0.71230 0.71230
1618 8    0.00000 0.76606 0.71230
1619 8    0.24359 0.76606 0.71230
1620 8    0.48718 0.76606 0.71230
1621 8    0.73077 0.76606 0.71230
1622 8    0.97436 0.76606 0.71230
1623 8    0.00000 0.81982 0.71230
1624 8    0.24359 0.81982 0.71230
1625 8    0.48718 0.81982 0.71230
1626 8    0.73077 0.81982 0.71230
1627 8    0.97436 0.81982 0.71230
1628 8    0.00000 0.87358 0.71230
1629 8    0.24359 0.87358 0.71230
1630 8    0.48718 0.87358 0.71230
1631 8    0.73077 0.87358 0.71230
1632 8    0.97436 0.87358 0.71230
1633 8    0.00000 0.92734 0.71230
1634 8    0.24359 0.92734 0.71230
1635 8    0.48718 0.92734 0.71230
1636 8    0.73077 0.92734 0.71230
1637 8    0.97436 0.92734 0.71230
1638 8    0.00000 0.98110 0.71230
1639 8    0.24359 0.98110 0.71230
1640 8    0.48718 0.98110 0.71230
1641 8    0.73077 0.98110 0.71230
1642 8    0.97436 0.98110 0.71230
1643 8    0.00000 0.01344 0.81982
1644 8    0.24359 0.01344 0.81982
1645 8    0.48718 0.01344 0.81982
1646 8    0.73077 0.01344 0.81982
1647 8    0.97436 0.01344 0.81982
1648 8    0.00000 0.06720 0.81982
1649 8    0.24359 0.06720 0.81982
1650 8    0.48718 0.06720 0.81982
1651 8    0.73077 0.06720 0.81982
1652 8    0.97436 0.06720 0.81982
1653 8    0.00000 0.12096 0.81982
1654 8    0.24359 0.12096 0.81982
1655 8    0.48718 0.12096 0.81982
1656 8    0.73077 0.12096 0.81982
1657 8    0.97436 0.12096 0.81982
1658 8    0.00000 0.17472 0.81982
1659 8    0.24359 0.17472 0.81982
1660 8    0.48718 0.17472 0.81982
1661 8    0.73077 0.17472 0.81982
1662 8    0.97436 0.17472 0.81982
1663 8    0.00000 0.22848 0.81982
1664 8    0.24359 0.22848 0.81982
1665 8    0.48718 0.22848 0.81982
1666 8    0.73077 0.22848 0.81982
1667 8    0.97436 0.22848 0.81982
1668 8    0.00000 0.28223 0.81982
1669 8    0.24359 0.28223 0.81982
1670 8    0.48718 0.28223 0.81982
1671 8    0.73077 0.28223 0.81982
1672 8    0.97436 0.28223 0.81982
1673 8    0.00000 0.33599 0.81982
1674 8    0.24359 0.33599 0.81982
1675 8    0.48718 0.33599 0.81982
1676 8    0.73077 0.33599 0.81982
1677 8    0.97436 0.33599 0.81982
1678 8    0.00000 0.38975 0.81982
1679 8    0.24359 0.38975 0.81982
1680 8    0.48718 0.38975 0.81982
1681 8    0.73077 0.38975 0.81982
1682 8    0.97436 0.38975 0.81982
1683 8    0.00000 0.44351 0.81982
1684 8    0.24359 0.44351 0.81982
1685 8    0.48718 0.44351 0.81982
1686 8    0.73077 0.44351 0.81982
1687 8    0.97436 0.44351 0.81982
1688 8    0.00000 0.49727 0.81982
1689 8    0.24359 0.49727 0.81982
1690 8    0.48718 0.49727 0.81982
1691 8    0.73077 0.49727 0.81982
1692 8    0.97436 0.49727 0.81982
1693 8    0.00000 0.55103 0.81982
1694 8    0.24359 0.55103 0.81982
1695 8    0.48718 0.55103 0.81982
1696 8    0.73077 0.55103 0.81982
1697 8    0.97436 0.55103 0.81982
1698 8    0.00000 0.60479 0.81982
1699 8    0.24359 0.60479 0.81982
1700 8    0.48718 0.60479 0.81982
1701 8    0.73077 0.60479 0.81982
1702 8    0.97436 0.60479 0.81982
1703 8    0.00000 0.65854 0.81982
1704 8    0.24359 0.65854 0.81982
1705 8    0.48718 0.65854 0.81982
1706 8    0.73077 0.65854 0.81982
1707 8    0.97436 0.65854 0.81982
1708 8    0.00000 0.71230 0.81982
1709 8    0.24359 0.71230 0.81982
1710 8    0.48718 0.71230 0.81982
1711 8    0.73077 0.71230 0.81982
1712 8    0.97436 0.71230 0.81982
1713 8    0.00000 0.76606 0.81982
1714 8    0.24359 0.76606 0.81982
1715 8    0.48718 0.76606 0.81982
1716 8    0.73077 0.76606 0.81982
1717 8    0.97436 0.76606 0.81982
1718 8    0.00000 0.81982 0.81982
1719 8    0.24359 0.81982 0.81982
1720 8    0.48718 0.81982 0.81982
1721 8    0.73077 0.81982 0.81982
1722 8    0.97436 0.81982 0.81982
1723 8    0.00000 0.87358 0.81982
1724 8    0.24359 0.87358 0.81982
1725 8    0.48718 0.87358 0.81982
1726 8    0.73077 0.87358 0.81982
1727 8    0.97436 0.87358 0.81982
1728 8    0.00000 0.92734 0.81982
1729 8    0.24359 0.92734 0.81982
1730 8    0.48718 0.92734 0.81982
1731 8    0.73077 0.92734 0.81982
1732 8    0.97436 0.92734 0.81982
1733 8    0.00000 0.98110 0.81982
1734 8    0.24359 0.98110 0.81982
1735 8    0.48718 0.98110 0.81982
1736 8    0.73077 0.98110 0.81982
1737 8    0.97436 0.98110 0.81982
1738 8    0.00000 0.01344 0.92734
1739 8    0.24359 0.01344 0.92734
1740 8    0.48718 0.01344 0.92734
1741 8    0.73077 0.01344 0.92734
1742 8    0.97436 0.01344 0.92734
1743 8    0.00000 0.06720 0.92734
1744 8    0.24359 0.06720 0.92734
1745 8    0.48718 0.06720 0.92734
1746 8    0.73077 0.06720 0.92734
1747 8    0.97436 0.06720 0.92734
1748 8    0.00000 0.12096 0.92734
1749 8    0.24359 0.12096 0.92734
1750 8    0.48718 0.12096 0.92734
1751 8    0.73077 0.12096 0.92734
1752 8    0.97436 0.12096 0.92734
1753 8    0.00000 0.17472 0.92734
1754 8    0.24359 0.17472 0.92734
1755 8    0.48718 0.17472 0.92734
1756 8    0.73077 0.17472 0.92734
1757 8    0.97436 0.17472 0.92734
1758 8    0.00000 0.22848 0.92734
1759 8    0.24359 0.22848 0.92734
1760 8    0.48718 0.22848 0.92734
1761 8    0.73077 0.22848 0.92734
1762 8    0.97436 0.22848 0.92734
1763 8    0.00000 0.28223 0.92734
1764 8    0.24359 0.28223 0.92734
1765 8    0.48718 0.28223 0.92734
1766 8    0.73077 0.28223 0.92734
1767 8    0.97436 0.28223 0.92734
1768 8    0.00000 0.33599 0.92734
1769 8    0.24359 0.33599 0.92734
1770 8    0.48718 0.33599 0.92734
1771 8    0.73077 0.33599 0.92734
1772 8    0.97436 0.33599 0.92734
1773 8    0.00000 0.38975 0.92734
1774 8    0.24359 0.38975 0.92734
1775 8    0.48718 0.38975 0.92734
1776 8    0.73077 0.38975 0.92734
1777 8    0.97436 0.38975 0.92734
1778 8    0.00000 0.44351 0.92734
1779 8    0.24359 0.44351 0.92734
1780 8    0.48718 0.44351 0.92734
1781 8    0.73077 0.44351 0.92734
1782 8    0.97436 0.44351 0.92734
1783 8    0.00000 0.49727 0.92734
1784 8    0.24359 0.49727 0.92734
1785 8    0.48718 0.49727 0.92734
1786 8    0.73077 0.49727 0.92734
1787 8    0.97436 0.49727 0.92734
1788 8    0.00000 0.55103 0.92734
1789 8    0.24359 0.55103 0.92734
1790 8    0.48718 0.55103 0.92734
1791 8    0.73077 0.55103 0.92734
1792 8    0.97436 0.55103 0.92734
1793 8    0.00000 0.60479 0.92734
1794 8    0.24359 0.60479 0.92734
1795 8    0.48718 0.60479 0.92734
1796 8    0.73077 0.60479 0.92734
1797 8    0.97436 0.60479 0.92734
1798 8    0.00000 0.65854 0.92734
1799 8    0.24359 0.65854 0.92734
1800 8    0.48718 0.65854 0.92734
1801 8    0.73077 0.65854 0.92734
1802 8    0.97436 0.65854 0.92734
1803 8    0.00000 0.71230 0.92734
1804 8    0.24359 0.71230 0.92734
1805 8    0.48718 0.71230 0.92734
1806 8    0.73077 0.71230 0.92734
1807 8    0.97436 0.71230 0.92734
1808 8    0.00000 0.76606 0.92734
1809 8    0.24359 0.76606 0.92734
1810 8    0.48718 0.76606 0.92734
1811 8    0.73077 0.76606 0.92734
1812 8    0.97436 0.76606 0.92734
1813 8    0.00000 0.81982 0.92734
1814 8    0.24359 0.81982 0.92734
1815 8    0.48718 0.81982 0.92734
1816 8    0.73077 0.81982 0.92734
1817 8    0.97436 0.81982 0.92734
1818 8    0.00000 0.87358 0.92734
1819 8    0.24359 0.87358 0.92734
1820 8    0.48718 0.87358 0.92734
1821 8    0.73077 0.87358 0.92734
1822 8    0.97436 0.87358 0.92734
1823 8    0.00000 0.92734 0.92734
1824 8    0.24359 0.92734 0.92734
1825 8    0.48718 0.92734 0.92734
1826 8    0.73077 0.92734 0.92734
1827 8    0.97436 0.92734 0.92734
1828 8    0.00000 0.98110 0.92734
1829 8    0.24359 0.98110 0.92734
1830 8    0.48718 0.98110 0.92734
1831 8    0.73077 0.98110 0.92734
1832 8    0.97436 0.98110 0.92734
8
1   1   0   10  11  14  13  1   2   5   4   
2   1   0   11  12  15  14  2   3   6   5   
3   1   0   13  14  17  16  4   5   8   7   
4   1   0   14  15  18  17  5   6   9   8   
5   1   0   19  20  23  22  10  11  14  13  
6   1   0   20  21  24  23  11  12  15  14  
7   1   0   22  23  26  25  13  14  17  16  
8   1   0   23  24  27  26  14  15  18  17  
1444
1   1   1   28  29  
2   1   1   29  30  
3   1   1   30  31  
4   1   1   31  32  
5   1   1   33  34  
6   1   1   34  35  
7   1   1   35  36  
8   1   1   36  37  
9   1   1   38  39  
10  1   1   39  40  
11  1   1   40  41  
12  1   1   41  42  
13  1   1   43  44  
14  1   1   44  45  
15  1   1   45  46  
16  1   1   46  47  
17  1   1   48  49  
18  1   1   49  50  
19  1   1   50  51  
20  1   1   51  52  
21  1   1   53  54  
22  1   1   54  55  
23  1   1   55  56  
24  1   1   56  57  
25  1   1   58  59  
26  1   1   59  60  
27  1   1   60  61  
28  1   1   61  62  
29  1   1   63  64  
30  1   1   64  65  
31  1   1   65  66  
32  1   1   66  67  
33  1   1   68  69  
34  1   1   69  70  
35  1   1   70  71  
36  1   1   71  72  
37  1   1   73  74  
38  1   1   74  75  
39  1   1   75  76  
40  1   1   76  77  
41  1   1   78  79  
42  1   1   79  80  
43  1   1   80  81  
44  1   1   81  82  
45  1   1   83  84  
46  1   1   84  85  
47  1   1   85  86  
48  1   1   86  87  
49  1   1   88  89  
50  1   1   89  90  
51  1   1   90  91  
52  1   1   91  92  
53  1   1   93  94  
54  1   1   94  95  
55  1   1   95  96  
56  1   1   96  97  
57  1   1   98  99  
58  1   1   99  100 
59  1   1   100 101 
60  1   1   101 102 
61  1   1   103 104 
62  1   1   104 105 
63  1   1   105 106 
64  1   1   106 107 
65  1   1   108 109 
66  1   1   109 110 
67  1   1   110 111 
68  1   1   111 112 
69  1   1   113 114 
70  1   1   114 115 
71  1   1   115 116 
72  1   1   116 117 
73  1   1   118 119 
74  1   1   119 120 
75  1   1   120 121 
76  1   1   121 122 
77  1   1   123 124 
78  1   1   124 125 
79  1   1   125 126 
80  1   1   126 127 
81  1   1   128 129 
82  1   1   129 130 
83  1   1   130 131 
84  1   1   131 132 
85  1   1   133 134 
86  1   1   134 135 
87  1   1   135 136 
88  1   1   136 137 
89  1   1   138 139 
90  1   1   139 140 
91  1   1   140 141 
92  1   1   141 142 
93  1   1   143 144 
94  1   1   144 145 
95  1   1   145 146 
96  1   1   146 147 
97  1   1   148 149 
98  1   1   149 150 
99  1   1   150 151 
100 1   1   151 152 
101 1   1   153 154 
102 1   1   154 155 
103 1   1   155 156 
104 1   1   156 157 
105 1   1   158 159 
106 1   1   159 160 
107 1   1   160 161 
108 1   1   161 162 
109 1   1   163 164 
110 1   1   164 165 
111 1   1   165 166 
112 1   1   166 167 
113 1   1   168 169 
114 1   1   169 170 
115 1   1   170 171 
116 1   1   171 172 
117 1   1   173 174 
118 1   1   174 175 
119 1   1   175 176 
120 1   1   176 177 
121 1   1   178 179 
122 1   1   179 180 
123 1   1   180 181 
124 1   1   181 182 
125 1   1   183 184 
126 1   1   184 185 
127 1   1   185 186 
128 1   1   186 187 
129 1   1   188 189 
130 1   1   189 190 
131 1   1   190 191 
132 1   1   191 192 
133 1   1   193 194 
134 1   1   194 195 
135 1   1   195 196 
136 1   1   196 197 
137 1   1   198 199 
138 1   1   199 200 
139 1   1   200 201 
140 1   1   201 202 
141 1   1   203 204 
142 1   1   204 205 
143 1   1   205 206 
144 1   1   206 207 
145 1   1   208 209 
146 1   1   209 210 
147 1   1   210 211 
148 1   1   211 212 
149 1   1   213 214 
150 1   1   214 215 
151 1   1   215 216 
152 1   1   216 217 
153 1   1   218 219 
154 1   1   219 220 
155 1   1   220 221 
156 1   1   221 222 
157 1   1   223 224 
158 1   1   224 225 
159 1   1   225 226 
160 1   1   226 227 
161 1   1   228 229 
162 1   1   229 230 
163 1   1   230 231 
164 1   1   231 232 
165 1   1   233 234 
166 1   1   234 235 
167 1   1   235 236 
168 1   1   236 237 
169 1   1   238 239 
170 1   1   239 240 
171 1   1   240 241 
172 1   1   241 242 
173 1   1   243 244 
174 1   1   244 245 
175 1   1   245 246 
176 1   1   246 247 
177 1   1   248 249 
178 1   1   249 250 
179 1   1   250 251 
180 1   1   251 252 
181 1   1   253 254 
182 1   1   254 255 
183 1   1   255 256 
184 1   1   256 257 
185 1   1   258 259 
186 1   1   259 260 
187 1   1   260 261 
188 1   1   261 262 
189 1   1   263 264 
190 1   1   264 265 
191 1   1   265 266 
192 1   1   266 267 
193 1   1   268 269 
194 1   1   269 270 
195 1   1   270 271 
196 1   1   271 272 
197 1   1   273 274 
198 1   1   274 275 
199 1   1   275 276 
200 1   1   276 277 
201 1   1   278 279 
202 1   1   279 280 
203 1   1   280 281 
204 1   1   281 282 
205 1   1   283 284 
206 1   1   284 285 
207 1   1   285 286 
208 1   1   286 287 
209 1   1   288 289 
210 1   1   289 290 
211 1   1   290 291 
212 1   1   291 292 
213 1   1   293 294 
214 1   1   294 295 
215 1   1   295 296 
216 1   1   296 297 
217 1   1   298 299 
218 1   1   299 300 
219 1   1   300 301 
220 1   1   301 302 
221 1   1   303 304 
222 1   1   304 305 
223 1   1   305 306 
224 1   1   306 307 
225 1   1   308 309 
226 1   1   309 310 
227 1   1   310 311 
228 1   1   311 312 
229 1   1   313 314 
230 1   1   314 315 
231 1   1   315 316 
232 1   1   316 317 
233 1   1   318 319 
234 1   1   319 320 
235 1   1   320 321 
236 1   1   321 322 
237 1   1   323 324 
238 1   1   324 325 
239 1   1   325 326 
240 1   1   326 327 
241 1   1   328 329 
242 1   1   329 330 
243 1   1   330 331 
244 1   1   331 332 
245 1   1   333 334 
246 1   1   334 335 
247 1   1   335 336 
248 1   1   336 337 
249 1   1   338 339 
250 1   1   339 340 
251 1   1   340 341 
252 1   1   341 342 
253 1   1   343 344 
254 1   1   344 345 
255 1   1   345 346 
256 1   1   346 347 
257 1   1   348 349 
258 1   1   349 350 
259 1   1   350 351 
260 1   1   351 352 
261 1   1   353 354 
262 1   1   354 355 
263 1   1   355 356 
264 1   1   356 357 
265 1   1   358 359 
266 1   1   359 360 
267 1   1   360 361 
268 1   1   361 362 
269 1   1   363 364 
270 1   1   364 365 
271 1   1   365 366 
272 1   1   366 367 
273 1   1   368 369 
274 1   1   369 370 
275 1   1   370 371 
276 1   1   371 372 
277 1   1   373 374 
278 1   1   374 375 
279 1   1   375 376 
280 1   1   376 377 
281 1   1   378 379 
282 1   1   379 380 
283 1   1   380 381 
284 1   1   381 382 
285 1   1   383 384 
286 1   1   384 385 
287 1   1   385 386 
288 1   1   386 387 
289 1   1   388 389 
290 1   1   389 390 
291 1   1   390 391 
292 1   1   391 392 
293 1   1   393 394 
294 1   1   394 395 
295 1   1   395 396 
296 1   1   396 397 
297 1   1   398 399 
298 1   1   399 400 
299 1   1   400 401 
300 1   1   401 402 
301 1   1   403 404 
302 1   1   404 405 
303 1   1   405 406 
304 1   1   406 407 
305 1   1   408 409 
306 1   1   409 410 
307 1   1   410 411 
308 1   1   411 412 
309 1   1   413 414 
310 1   1   414 415 
311 1   1   415 416 
312 1   1   416 417 
313 1   1   418 419 
314 1   1   419 420 
315 1   1   420 421 
316 1   1   421 422 
317 1   1   423 424 
318 1   1   424 425 
319 1   1   425 426 
320 1   1   426 427 
321 1   1   428 429 
322 1   1   429 430 
323 1   1   430 431 
324 1   1   431 432 
325 1   1   433 434 
326 1   1   434 435 
327 1   1   435 436 
328 1   1   436 437 
329 1   1   438 439 
330 1   1   439 440 
331 1   1   440 441 
332 1   1   441 442 
333 1   1   443 444 
334 1   1   444 445 
335 1   1   445 446 
336 1   1   446 447 
337 1   1   448 449 
338 1   1   449 450 
339 1   1   450 451 
340 1   1   451 452 
341 1   1   453 454 
342 1   1   454 455 
343 1   1   455 456 
344 1   1   456 457 
345 1   1   458 459 
346 1   1   459 460 
347 1   1   460 461 
348 1   1   461 462 
349 1   1   463 464 
350 1   1   464 465 
351 1   1   465 466 
352 1   1   466 467 
353 1   1   468 469 
354 1   1   469 470 
355 1   1   470 471 
356 1   1   471 472 
357 1   1   473 474 
358 1   1   474 475 
359 1   1   475 476 
360 1   1   476 477 
361 1   1   478 479 
362 1   1   479 480 
363 1   1   480 481 
364 1   1   481 482 
365 1   1   483 484 
366 1   1   484 485 
367 1   1   485 486 
368 1   1   486 487 
369 1   1   488 489 
370 1   1   489 490 
371 1   1   490 491 
372 1   1   491 492 
373 1   1   493 494 
374 1   1   494 495 
375 1   1   495 496 
376 1   1   496 497 
377 1   1   498 499 
378 1   1   499 500 
379 1   1   500 501 
380 1   1   501 502 
381 1   1   503 504 
382 1   1   504 505 
383 1   1   505 506 
384 1   1   506 507 
385 1   1   508 509 
386 1   1   509 510 
387 1   1   510 511 
388 1   1   511 512 
389 1   1   513 514 
390 1   1   514 515 
391 1   1   515 516 
392 1   1   516 517 
393 1   1   518 519 
394 1   1   519 520 
395 1   1   520 521 
396 1   1   521 522 
397 1   1   523 524 
398 1   1   524 525 
399 1   1   525 526 
400 1   1   526 527 
401 1   1   528 529 
402 1   1   529 530 
403 1   1   530 531 
404 1   1   531 532 
405 1   1   533 534 
406 1   1   534 535 
407 1   1   535 536 
408 1   1   536 537 
409 1   1   538 539 
410 1   1   539 540 
411 1   1   540 541 
412 1   1   541 542 
413 1   1   543 544 
414 1   1   544 545 
415 1   1   545 546 
416 1   1   546 547 
417 1   1   548 549 
418 1   1   549 550 
419 1   1   550 551 
420 1   1   551 552 
421 1   1   553 554 
422 1   1   554 555 
423 1   1   555 556 
424 1   1   556 557 
425 1   1   558 559 
426 1   1   559 560 
427 1   1   560 561 
428 1   1   561 562 
429 1   1   563 564 
430 1   1   564 565 
431 1   1   565 566 
432 1   1   566 567 
433 1   1   568 569 
434 1   1   569 570 
435 1   1   570 571 
436 1   1   571 572 
437 1   1   573 574 
438 1   1   574 575 
439 1   1   575 576 
440 1   1   576 577 
441 1   1   578 579 
442 1   1   579 580 
443 1   1   580 581 
444 1   1   581 582 
445 1   1   583 584 
446 1   1   584 585 
447 1   1   585 586 
448 1   1   586 587 
449 1   1   588 589 
450 1   1   589 590 
451 1   1   590 591 
452 1   1   591 592 
453 1   1   593 594 
454 1   1   594 595 
455 1   1   595 596 
456 1   1   596 597 
457 1   1   598 599 
458 1   1   599 600 
459 1   1   600 601 
460 1   1   601 602 
461 1   1   603 604 
462 1   1   604 605 
463 1   1   605 606 
464 1   1   606 607 
465 1   1   608 609 
466 1   1   609 610 
467 1   1   610 611 
468 1   1   611 612 
469 1   1   613 614 
470 1   1   614 615 
471 1   1   615 616 
472 1   1   616 617 
473 1   1   618 619 
474 1   1   619 620 
475 1   1   620 621 
476 1   1   621 622 
477 1   1   623 624 
478 1   1   624 625 
479 1   1   625 626 
480 1   1   626 627 
481 1   1   628 629 
482 1   1   629 630 
483 1   1   630 631 
484 1   1   631 632 
485 1   1   633 634 
486 1   1   634 635 
487 1   1   635 636 
488 1   1   636 637 
489 1   1   638 639 
490 1   1   639 640 
491 1   1   640 641 
492 1   1   641 642 
493 1   1   643 644 
494 1   1   644 645 
495 1   1   645 646 
496 1   1   646 647 
497 1   1   648 649 
498 1   1   649 650 
499 1   1   650 651 
500 1   1   651 652 
501 1   1   653 654 
502 1   1   654 655 
503 1   1   655 656 
504 1   1   656 657 
505 1   1   658 659 
506 1   1   659 660 
507 1   1   660 661 
508 1   1   661 662 
509 1   1   663 664 
510 1   1   664 665 
511 1   1   665 666 
512 1   1   666 667 
513 1   1   668 669 
514 1   1   669 670 
515 1   1   670 671 
516 1   1   671 672 
517 1   1   673 674 
518 1   1   674 675 
519 1   1   675 676 
520 1   1   676 677 
521 1   1   678 679 
522 1   1   679 680 
523 1   1   680 681 
524 1   1   681 682 
525 1   1   683 684 
526 1   1   684 685 
527 1   1   685 686 
528 1   1   686 687 
529 1   1   688 689 
530 1   1   689 690 
531 1   1   690 691 
532 1   1   691 692 
533 1   1   693 694 
534 1   1   694 695 
535 1   1   695 696 
536 1   1   696 697 
537 1   1   698 699 
538 1   1   699 700 
539 1   1   700 701 
540 1   1   701 702 
541 1   1   703 704 
542 1   1   704 705 
543 1   1   705 706 
544 1   1   706 707 
545 1   1   708 709 
546 1   1   709 710 
547 1   1   710 711 
548 1   1   711 712 
549 1   1   713 714 
550 1   1   714 715 
551 1   1   715 716 
552 1   1   716 717 
553 1   1   718 719 
554 1   1   719 720 
555 1   1   720 721 
556 1   1   721 722 
557 1   1   723 724 
558 1   1   724 725 
559 1   1   725 726 
560 1   1   726 727 
561 1   1   728 729 
562 1   1   729 730 
563 1   1   730 731 
564 1   1   731 732 
565 1   1   733 734 
566 1   1   734 735 
567 1   1   735 736 
568 1   1   736 737 
569 1   1   738 739 
570 1   1   739 740 
571 1   1   740 741 
572 1   1   741 742 
573 1   1   743 744 
574 1   1   744 745 
575 1   1   745 746 
576 1   1   746 747 
577 1   1   748 749 
578 1   1   749 750 
579 1   1   750 751 
580 1   1   751 752 
581 1   1   753 754 
582 1   1   754 755 
583 1   1   755 756 
584 1   1   756 757 
585 1   1   758 759 
586 1   1   759 760 
587 1   1   760 761 
588 1   1   761 762 
589 1   1   763 764 
590 1   1   764 765 
591 1   1   765 766 
592 1   1   766 767 
593 1   1   768 769 
594 1   1   769 770 
595 1   1   770 771 
596 1   1   771 772 
597 1   1   773 774 
598 1   1   774 775 
599 1   1   775 776 
600 1   1   776 777 
601 1   1   778 779 
602 1   1   779 780 
603 1   1   780 781 
604 1   1   781 782 
605 1   1   783 784 
606 1   1   784 785 
607 1   1   785 786 
608 1   1   786 787 
609 1   1   788 789 
610 1   1   789 790 
611 1   1   790 791 
612 1   1   791 792 
613 1   1   793 794 
614 1   1   794 795 
615 1   1   795 796 
616 1   1   796 797 
617 1   1   798 799 
618 1   1   799 800 
619 1   1   800 801 
620 1   1   801 802 
621 1   1   803 804 
622 1   1   804 805 
623 1   1   805 806 
624 1   1   806 807 
625 1   1   808 809 
626 1   1   809 810 
627 1   1   810 811 
628 1   1   811 812 
629 1   1   813 814 
630 1   1   814 815 
631 1   1   815 816 
632 1   1   816 817 
633 1   1   818 819 
634 1   1   819 820 
635 1   1   820 821 
636 1   1   821 822 
637 1   1   823 824 
638 1   1   824 825 
639 1   1   825 826 
640 1   1   826 827 
641 1   1   828 829 
642 1   1   829 830 
643 1   1   830 831 
644 1   1   831 832 
645 1   1   833 834 
646 1   1   834 835 
647 1   1   835 836 
648 1   1   836 837 
649 1   1   838 839 
650 1   1   839 840 
651 1   1   840 841 
652 1   1   841 842 
653 1   1   843 844 
654 1   1   844 845 
655 1   1   845 846 
656 1   1   846 847 
657 1   1   848 849 
658 1   1   849 850 
659 1   1   850 851 
660 1   1   851 852 
661 1   1   853 854 
662 1   1   854 855 
663 1   1   855 856 
664 1   1   856 857 
665 1   1   858 859 
666 1   1   859 860 
667 1   1   860 861 
668 1   1   861 862 
669 1   1   863 864 
670 1   1   864 865 
671 1   1   865 866 
672 1   1   866 867 
673 1   1   868 869 
674 1   1   869 870 
675 1   1   870 871 
676 1   1   871 872 
677 1   1   873 874 
678 1   1   874 875 
679 1   1   875 876 
680 1   1   876 877 
681 1   1   878 879 
682 1   1   879 880 
683 1   1   880 881 
684 1   1   881 882 
685 1   1   883 884 
686 1   1   884 885 
687 1   1   885 886 
688 1   1   886 887 
689 1   1   888 889 
690 1   1   889 890 
691 1   1   890 891 
692 1   1   891 892 
693 1   1   893 894 
694 1   1   894 895 
695 1   1   895 896 
696 1   1   896 897 
697 1   1   898 899 
698 1   1   899 900 
699 1   1   900 901 
700 1   1   901 902 
701 1   1   903 904 
702 1   1   904 905 
703 1   1   905 906 
704 1   1   906 907 
705 1   1   908 909 
706 1   1   909 910 
707 1   1   910 911 
708 1   1   911 912 
709 1   1   913 914 
710 1   1   914 915 
711 1   1   915 916 
712 1   1   916 917 
713 1   1   918 919 
714 1   1   919 920 
715 1   1   920 921 
716 1   1   921 922 
717 1   1   923 924 
718 1   1   924 925 
719 1   1   925 926 
720 1   1   926 927 
721 1   1   928 929 
722 1   1   929 930 
723 1   1   930 931 
724 1   1   931 932 
725 1   1   933 934 
726 1   1   934 935 
727 1   1   935 936 
728 1   1   936 937 
729 1   1   938 939 
730 1   1   939 940 
731 1   1   940 941 
732 1   1   941 942 
733 1   1   943 944 
734 1   1   944 945 
735 1   1   945 946 
736 1   1   946 947 
737 1   1   948 949 
738 1   1   949 950 
739 1   1   950 951 
740 1   1   951 952 
741 1   1   953 954 
742 1   1   954 955 
743 1   1   955 956 
744 1   1   956 957 
745 1   1   958 959 
746 1   1   959 960 
747 1   1   960 961 
748 1   1   961 962 
749 1   1   963 964 
750 1   1   964 965 
751 1   1   965 966 
752 1   1   966 967 
753 1   1   968 969 
754 1   1   969 970 
755 1   1   970 971 
756 1   1   971 972 
757 1   1   973 974 
758 1   1   974 975 
759 1   1   975 976 
760 1   1   976 977 
761 1   1   978 979 
762 1   1   979 980 
763 1   1   980 981 
764 1   1   981 982 
765 1   1   983 984 
766 1   1   984 985 
767 1   1   985 986 
768 1   1   986 987 
769 1   1   988 989 
770 1   1   989 990 
771 1   1   990 991 
772 1   1   991 992 
773 1   1   993 994 
774 1   1   994 995 
775 1   1   995 996 
776 1   1   996 997 
777 1   1   998 999 
778 1   1   999 1000 
779 1   1   1000 1001 
780 1   1   1001 1002 
781 1   1   1003 1004 
782 1   1   1004 1005 
783 1   1   1005 1006 
784 1   1   1006 1007 
785 1   1   1008 1009 
786 1   1   1009 1010 
787 1   1   1010 1011 
788 1   1   1011 1012 
789 1   1   1013 1014 
790 1   1   1014 1015 
791 1   1   1015 1016 
792 1   1   1016 1017 
793 1   1   1018 1019 
794 1   1   1019 1020 
795 1   1   1020 1021 
796 1   1   1021 1022 
797 1   1   1023 1024 
798 1   1   1024 1025 
799 1   1   1025 1026 
800 1   1   1026 1027 
801 1   1   1028 1029 
802 1   1   1029 1030 
803 1   1   1030 1031 
804 1   1   1031 1032 
805 1   1   1033 1034 
806 1   1   1034 1035 
807 1   1   1035 1036 
808 1   1   1036 1037 
809 1   1   1038 1039 
810 1   1   1039 1040 
811 1   1   1040 1041 
812 1   1   1041 1042 
813 1   1   1043 1044 
814 1   1   1044 1045 
815 1   1   1045 1046 
816 1   1   1046 1047 
817 1   1   1048 1049 
818 1   1   1049 1050 
819 1   1   1050 1051 
820 1   1   1051 1052 
821 1   1   1053 1054 
822 1   1   1054 1055 
823 1   1   1055 1056 
824 1   1   1056 1057 
825 1   1   1058 1059 
826 1   1   1059 1060 
827 1   1   1060 1061 
828 1   1   1061 1062 
829 1   1   1063 1064 
830 1   1   1064 1065 
831 1   1   1065 1066 
832 1   1   1066 1067 
833 1   1   1068 1069 
834 1   1   1069 1070 
835 1   1   1070 1071 
836 1   1   1071 1072 
837 1   1   1073 1074 
838 1   1   1074 1075 
839 1   1   1075 1076 
840 1   1   1076 1077 
841 1   1   1078 1079 
842 1   1   1079 1080 
843 1   1   1080 1081 
844 1   1   1081 1082 
845 1   1   1083 1084 
846 1   1   1084 1085 
847 1   1   1085 1086 
848 1   1   1086 1087 
849 1   1   1088 1089 
850 1   1   1089 1090 
851 1   1   1090 1091 
852 1   1   1091 1092 
853 1   1   1093 1094 
854 1   1   1094 1095 
855 1   1   1095 1096 
856 1   1   1096 1097 
857 1   1   1098 1099 
858 1   1   1099 1100 
859 1   1   1100 1101 
860 1   1   1101 1102 
861 1   1   1103 1104 
862 1   1   1104 1105 
863 1   1   1105 1106 
864 1   1   1106 1107 
865 1   1   1108 1109 
866 1   1   1109 1110 
867 1   1   1110 1111 
868 1   1   1111 1112 
869 1   1   1113 1114 
870 1   1   1114 1115 
871 1   1   1115 1116 
872 1   1   1116 1117 
873 1   1   1118 1119 
874 1   1   1119 1120 
875 1   1   1120 1121 
876 1   1   1121 1122 
877 1   1   1123 1124 
878 1   1   1124 1125 
879 1   1   1125 1126 
880 1   1   1126 1127 
881 1   1   1128 1129 
882 1   1   1129 1130 
883 1   1   1130 1131 
884 1   1   1131 1132 
885 1   1   1133 1134 
886 1   1   1134 1135 
887 1   1   1135 1136 
888 1   1   1136 1137 
889 1   1   1138 1139 
890 1   1   1139 1140 
891 1   1   1140 1141 
892 1   1   1141 1142 
893 1   1   1143 1144 
894 1   1   1144 1145 
895 1   1   1145 1146 
896 1   1   1146 1147 
897 1   1   1148 1149 
898 1   1   1149 1150 
899 1   1   1150 1151 
900 1   1   1151 1152 
901 1   1   1153 1154 
902 1   1   1154 1155 
903 1   1   1155 1156 
904 1   1   1156 1157 
905 1   1   1158 1159 
906 1   1   1159 1160 
907 1   1   1160 1161 
908 1   1   1161 1162 
909 1   1   1163 1164 
910 1   1   1164 1165 
911 1   1   1165 1166 
912 1   1   1166 1167 
913 1   1   1168 1169 
914 1   1   1169 1170 
915 1   1   1170 1171 
916 1   1   1171 1172 
917 1   1   1173 1174 
918 1   1   1174 1175 
919 1   1   1175 1176 
920 1   1   1176 1177 
921 1   1   1178 1179 
922 1   1   1179 1180 
923 1   1   1180 1181 
924 1   1   1181 1182 
925 1   1   1183 1184 
926 1   1   1184 1185 
927 1   1   1185 1186 
928 1   1   1186 1187 
929 1   1   1188 1189 
930 1   1   1189 1190 
931 1   1   1190 1191 
932 1   1   1191 1192 
933 1   1   1193 1194 
934 1   1   1194 1195 
935 1   1   1195 1196 
936 1   1   1196 1197 
937 1   1   1198 1199 
938 1   1   1199 1200 
939 1   1   1200 1201 
940 1   1   1201 1202 
941 1   1   1203 1204 
942 1   1   1204 1205 
943 1   1   1205 1206 
944 1   1   1206 1207 
945 1   1   1208 1209 
946 1   1   1209 1210 
947 1   1   1210 1211 
948 1   1   1211 1212 
949 1   1   1213 1214 
950 1   1   1214 1215 
951 1   1   1215 1216 
952 1   1   1216 1217 
953 1   1   1218 1219 
954 1   1   1219 1220 
955 1   1   1220 1221 
956 1   1   1221 1222 
957 1   1   1223 1224 
958 1   1   1224 1225 
959 1   1   1225 1226 
960 1   1   1226 1227 
961 1   1   1228 1229 
962 1   1   1229 1230 
963 1   1   1230 1231 
964 1   1   1231 1232 
965 1   1   1233 1234 
966 1   1   1234 1235 
967 1   1   1235 1236 
968 1   1   1236 1237 
969 1   1   1238 1239 
970 1   1   1239 1240 
971 1   1   1240 1241 
972 1   1   1241 1242 
973 1   1   1243 1244 
974 1   1   1244 1245 
975 1   1   1245 1246 
976 1   1   1246 1247 
977 1   1   1248 1249 
978 1   1   1249 1250 
979 1   1   1250 1251 
980 1   1   1251 1252 
981 1   1   1253 1254 
982 1   1   1254 1255 
983 1   1   1255 1256 
984 1   1   1256 1257 
985 1   1   1258 1259 
986 1   1   1259 1260 
987 1   1   1260 1261 
988 1   1   1261 1262 
989 1   1   1263 1264 
990 1   1   1264 1265 
991 1   1   1265 1266 
992 1   1   1266 1267 
993 1   1   1268 1269 
994 1   1   1269 1270 
995 1   1   1270 1271 
996 1   1   1271 1272 
997 1   1   1273 1274 
998 1   1   1274 1275 
999 1   1   1275 1276 
1000 1   1   1276 1277 
1001 1   1   1278 1279 
1002 1   1   1279 1280 
1003 1   1   1280 1281 
1004 1   1   1281 1282 
1005 1   1   1283 1284 
1006 1   1   1284 1285 
1007 1   1   1285 1286 
1008 1   1   1286 1287 
1009 1   1   1288 1289 
1010 1   1   1289 1290 
1011 1   1   1290 1291 
1012 1   1   1291 1292 
1013 1   1   1293 1294 
1014 1   1   1294 1295 
1015 1   1   1295 1296 
1016 1   1   1296 1297 
1017 1   1   1298 1299 
1018 1   1   1299 1300 
1019 1   1   1300 1301 
1020 1   1   1301 1302 
1021 1   1   1303 1304 
1022 1   1   1304 1305 
1023 1   1   1305 1306 
1024 1   1   1306 1307 
1025 1   1   1308 1309 
1026 1   1   1309 1310 
1027 1   1   1310 1311 
1028 1   1   1311 1312 
1029 1   1   1313 1314 
1030 1   1   1314 1315 
1031 1   1   1315 1316 
1032 1   1   1316 1317 
1033 1   1   1318 1319 
1034 1   1   1319 1320 
1035 1   1   1320 1321 
1036 1   1   1321 1322 
1037 1   1   1323 1324 
1038 1   1   1324 1325 
1039 1   1   1325 1326 
1040 1   1   1326 1327 
1041 1   1   1328 1329 
1042 1   1   1329 1330 
1043 1   1   1330 1331 
1044 1   1   1331 1332 
1045 1   1   1333 1334 
1046 1   1   1334 1335 
1047 1   1   1335 1336 
1048 1   1   1336 1337 
1049 1   1   1338 1339 
1050 1   1   1339 1340 
1051 1   1   1340 1341 
1052 1   1   1341 1342 
1053 1   1   1343 1344 
1054 1   1   1344 1345 
1055 1   1   1345 1346 
1056 1   1   1346 1347 
1057 1   1   1348 1349 
1058 1   1   1349 1350 
1059 1   1   1350 1351 
1060 1   1   1351 1352 
1061 1   1   1353 1354 
1062 1   1   1354 1355 
1063 1   1   1355 1356 
1064 1   1   1356 1357 
1065 1   1   1358 1359 
1066 1   1   1359 1360 
1067 1   1   1360 1361 
1068 1   1   1361 1362 
1069 1   1   1363 1364 
1070 1   1   1364 1365 
1071 1   1   1365 1366 
1072 1   1   1366 1367 
1073 1   1   1368 1369 
1074 1   1   1369 1370 
1075 1   1   1370 1371 
1076 1   1   1371 1372 
1077 1   1   1373 1374 
1078 1   1   1374 1375 
1079 1   1   1375 1376 
1080 1   1   1376 1377 
1081 1   1   1378 1379 
1082 1   1   1379 1380 
1083 1   1   1380 1381 
1084 1   1   1381 1382 
1085 1   1   1383 1384 
1086 1   1   1384 1385 
1087 1   1   1385 1386 
1088 1   1   1386 1387 
1089 1   1   1388 1389 
1090 1   1   1389 1390 
1091 1   1   1390 1391 
1092 1   1   1391 1392 
1093 1   1   1393 1394 
1094 1   1   1394 1395 
1095 1   1   1395 1396 
1096 1   1   1396 1397 
1097 1   1   1398 1399 
1098 1   1   1399 1400 
1099 1   1   1400 1401 
1100 1   1   1401 1402 
1101 1   1   1403 1404 
1102 1   1   1404 1405 
1103 1   1   1405 1406 
1104 1   1   1406 1407 
1105 1   1   1408 1409 
1106 1   1   1409 1410 
1107 1   1   1410 1411 
1108 1   1   1411 1412 
1109 1   1   1413 1414 
1110 1   1   1414 1415 
1111 1   1   1415 1416 
1112 1   1   1416 1417 
1113 1   1   1418 1419 
1114 1   1   1419 1420 
1115 1   1   1420 1421 
1116 1   1   1421 1422 
1117 1   1   1423 1424 
1118 1   1   1424 1425 
1119 1   1   1425 1426 
1120 1   1   1426 1427 
1121 1   1   1428 1429 
1122 1   1   1429 1430 
1123 1   1   1430 1431 
1124 1   1   1431 1432 
1125 1   1   1433 1434 
1126 1   1   1434 1435 
1127 1   1   1435 1436 
1128 1   1   1436 1437 
1129 1   1   1438 1439 
1130 1   1   1439 1440 
1131 1   1   1440 1441 
1132 1   1   1441 1442 
1133 1   1   1443 1444 
1134 1   1   1444 1445 
1135 1   1   1445 1446 
1136 1   1   1446 1447 
1137 1   1   1448 1449 
1138 1   1   1449 1450 
1139 1   1   1450 1451 
1140 1   1   1451 1452 
1141 1   1   1453 1454 
1142 1   1   1454 1455 
1143 1   1   1455 1456 
1144 1   1   1456 1457 
1145 1   1   1458 1459 
1146 1   1   1459 1460 
1147 1   1   1460 1461 
1148 1   1   1461 1462 
1149 1   1   1463 1464 
1150 1   1   1464 1465 
1151 1   1   1465 1466 
1152 1   1   1466 1467 
1153 1   1   1468 1469 
1154 1   1   1469 1470 
1155 1   1   1470 1471 
1156 1   1   1471 1472 
1157 1   1   1473 1474 
1158 1   1   1474 1475 
1159 1   1   1475 1476 
1160 1   1   1476 1477 
1161 1   1   1478 1479 
1162 1   1   1479 1480 
1163 1   1   1480 1481 
1164 1   1   1481 1482 
1165 1   1   1483 1484 
1166 1   1   1484 1485 
1167 1   1   1485 1486 
1168 1   1   1486 1487 
1169 1   1   1488 1489 
1170 1   1   1489 1490 
1171 1   1   1490 1491 
1172 1   1   1491 1492 
1173 1   1   1493 1494 
1174 1   1   1494 1495 
1175 1   1   1495 1496 
1176 1   1   1496 1497 
1177 1   1   1498 1499 
1178 1   1   1499 1500 
1179 1   1   1500 1501 
1180 1   1   1501 1502 
1181 1   1   1503 1504 
1182 1   1   1504 1505 
1183 1   1   1505 1506 
1184 1   1   1506 1507 
1185 1   1   1508 1509 
1186 1   1   1509 1510 
1187 1   1   1510 1511 
1188 1   1   1511 1512 
1189 1   1   1513 1514 
1190 1   1   1514 1515 
1191 1   1   1515 1516 
1192 1   1   1516 1517 
1193 1   1   1518 1519 
1194 1   1   1519 1520 
1195 1   1   1520 1521 
1196 1   1   1521 1522 
1197 1   1   1523 1524 
1198 1   1   1524 1525 
1199 1   1   1525 1526 
1200 1   1   1526 1527 
1201 1   1   1528 1529 
1202 1   1   1529 1530 
1203 1   1   1530 1531 
1204 1   1   1531 1532 
1205 1   1   1533 1534 
1206 1   1   1534 1535 
1207 1   1   1535 1536 
1208 1   1   1536 1537 
1209 1   1   1538 1539 
1210 1   1   1539 1540 
1211 1   1   1540 1541 
1212 1   1   1541 1542 
1213 1   1   1543 1544 
1214 1   1   1544 1545 
1215 1   1   1545 1546 
1216 1   1   1546 1547 
1217 1   1   1548 1549 
1218 1   1   1549 1550 
1219 1   1   1550 1551 
1220 1   1   1551 1552 
1221 1   1   1553 1554 
1222 1   1   1554 1555 
1223 1   1   1555 1556 
1224 1   1   1556 1557 
1225 1   1   1558 1559 
1226 1   1   1559 1560 
1227 1   1   1560 1561 
1228 1   1   1561 1562 
1229 1   1   1563 1564 
1230 1   1   1564 1565 
1231 1   1   1565 1566 
1232 1   1   1566 1567 
1233 1   1   1568 1569 
1234 1   1   1569 1570 
1235 1   1   1570 1571 
1236 1   1   1571 1572 
1237 1   1   1573 1574 
1238 1   1   1574 1575 
1239 1   1   1575 1576 
1240 1   1   1576 1577 
1241 1   1   1578 1579 
1242 1   1   1579 1580 
1243 1   1   1580 1581 
1244 1   1   1581 1582 
1245 1   1   1583 1584 
1246 1   1   1584 1585 
1247 1   1   1585 1586 
1248 1   1   1586 1587 
1249 1   1   1588 1589 
1250 1   1   1589 1590 
1251 1   1   1590 1591 
1252 1   1   1591 1592 
1253 1   1   1593 1594 
1254 1   1   1594 1595 
1255 1   1   1595 1596 
1256 1   1   1596 1597 
1257 1   1   1598 1599 
1258 1   1   1599 1600 
1259 1   1   1600 1601 
1260 1   1   1601 1602 
1261 1   1   1603 1604 
1262 1   1   1604 1605 
1263 1   1   1605 1606 
1264 1   1   1606 1607 
1265 1   1   1608 1609 
1266 1   1   1609 1610 
1267 1   1   1610 1611 
1268 1   1   1611 1612 
1269 1   1   1613 1614 
1270 1   1   1614 1615 
1271 1   1   1615 1616 
1272 1   1   1616 1617 
1273 1   1   1618 1619 
1274 1   1   1619 1620 
1275 1   1   1620 1621 
1276 1   1   1621 1622 
1277 1   1   1623 1624 
1278 1   1   1624 1625 
1279 1   1   1625 1626 
1280 1   1   1626 1627 
1281 1   1   1628 1629 
1282 1   1   1629 1630 
1283 1   1   1630 1631 
1284 1   1   1631 1632 
1285 1   1   1633 1634 
1286 1   1   1634 1635 
1287 1   1   1635 1636 
1288 1   1   1636 1637 
1289 1   1   1638 1639 
1290 1   1   1639 1640 
1291 1   1   1640 1641 
1292 1   1   1641 1642 
1293 1   1   1643 1644 
1294 1   1   1644 1645 
1295 1   1   1645 1646 
1296 1   1   1646 1647 
1297 1   1   1648 1649 
1298 1   1   1649 1650 
1299 1   1   1650 1651 
1300 1   1   1651 1652 
1301 1   1   1653 1654 
1302 1   1   1654 1655 
1303 1   1   1655 1656 
1304 1   1   1656 1657 
1305 1   1   1658 1659 
1306 1   1   1659 1660 
1307 1   1   1660 1661 
1308 1   1   1661 1662 
1309 1   1   1663 1664 
1310 1   1   1664 1665 
1311 1   1   1665 1666 
1312 1   1   1666 1667 
1313 1   1   1668 1669 
1314 1   1   1669 1670 
1315 1   1   1670 1671 
1316 1   1   1671 1672 
1317 1   1   1673 1674 
1318 1   1   1674 1675 
1319 1   1   1675 1676 
1320 1   1   1676 1677 
1321 1   1   1678 1679 
1322 1   1   1679 1680 
1323 1   1   1680 1681 
1324 1   1   1681 1682 
1325 1   1   1683 1684 
1326 1   1   1684 1685 
1327 1   1   1685 1686 
1328 1   1   1686 1687 
1329 1   1   1688 1689 
1330 1   1   1689 1690 
1331 1   1   1690 1691 
1332 1   1   1691 1692 
1333 1   1   1693 1694 
1334 1   1   1694 1695 
1335 1   1   1695 1696 
1336 1   1   1696 1697 
1337 1   1   1698 1699 
1338 1   1   1699 1700 
1339 1   1   1700 1701 
1340 1   1   1701 1702 
1341 1   1   1703 1704 
1342 1   1   1704 1705 
1343 1   1   1705 1706 
1344 1   1   1706 1707 
1345 1   1   1708 1709 
1346 1   1   1709 1710 
1347 1   1   1710 1711 
1348 1   1   1711 1712 
1349 1   1   1713 1714 
1350 1   1   1714 1715 
1351 1   1   1715 1716 
1352 1   1   1716 1717 
1353 1   1   1718 1719 
1354 1   1   1719 1720 
1355 1   1   1720 1721 
1356 1   1   1721 1722 
1357 1   1   1723 1724 
1358 1   1   1724 1725 
1359 1   1   1725 1726 
1360 1   1   1726 1727 
1361 1   1   1728 1729 
1362 1   1   1729 1730 
1363 1   1   1730 1731 
1364 1   1   1731 1732 
1365 1   1   1733 1734 
1366 1   1   1734 1735 
1367 1   1   1735 1736 
1368 1   1   1736 1737 
1369 1   1   1738 1739 
1370 1   1   1739 1740 
1371 1   1   1740 1741 
1372 1   1   1741 1742 
1373 1   1   1743 1744 
1374 1   1   1744 1745 
1375 1   1   1745 1746 
1376 1   1   1746 1747 
1377 1   1   1748 1749 
1378 1   1   1749 1750 
1379 1   1   1750 1751 
1380 1   1   1751 1752 
1381 1   1   1753 1754 
1382 1   1   1754 1755 
1383 1   1   1755 1756 
1384 1   1   1756 1757 
1385 1   1   1758 1759 
1386 1   1   1759 1760 
1387 1   1   1760 1761 
1388 1   1   1761 1762 
1389 1   1   1763 1764 
1390 1   1   1764 1765 
1391 1   1   1765 1766 
1392 1   1   1766 1767 
1393 1   1   1768 1769 
1394 1   1   1769 1770 
1395 1   1   1770 1771 
1396 1   1   1771 1772 
1397 1   1   1773 1774 
1398 1   1   1774 1775 
1399 1   1   1775 1776 
1400 1   1   1776 1777 
1401 1   1   1778 1779 
1402 1   1   1779 1780 
1403 1   1   1780 1781 
1404 1   1   1781 1782 
1405 1   1   1783 1784 
1406 1   1   1784 1785 
1407 1   1   1785 1786 
1408 1   1   1786 1787 
1409 1   1   1788 1789 
1410 1   1   1789 1790 
1411 1   1   1790 1791 
1412 1   1   1791 1792 
1413 1   1   1793 1794 
1414 1   1   1794 1795 
1415 1   1   1795 1796 
1416 1   1   1796 1797 
1417 1   1   1798 1799 
1418 1   1   1799 1800 
1419 1   1   1800 1801 
1420 1   1   1801 1802 
1421 1   1   1803 1804 
1422 1   1   1804 1805 
1423 1   1   1805 1806 
1424 1   1   1806 1807 
1425 1   1   1808 1809 
1426 1   1   1809 1810 
1427 1   1   1810 1811 
1428 1   1   1811 1812 
1429 1   1   1813 1814 
1430 1   1   1814 1815 
1431 1   1   1815 1816 
1432 1   1   1816 1817 
1433 1   1   1818 1819 
1434 1   1   1819 1820 
1435 1   1   1820 1821 
1436 1   1   1821 1822 
1437 1   1   1823 1824 
1438 1   1   1824 1825 
1439 1   1   1825 1826 
1440 1   1   1826 1827 
1441 1   1   1828 1829 
1442 1   1   1829 1830 
1443 1   1   1830 1831 
1444 1   1   1831 1832 
1
1 1 1100.0 4.230769E+08 6.346154E+08
1
1 2 981.0 130e9 0.49 2.269801E-07 2E6 1
0.1000
0 9 0 0.0 0.0 0.0
1   2   -0.200 
4   2   -0.200 
7   2   -0.200 
10  2   -0.200 
13  2   -0.200 
16  2   -0.200 
19  2   -0.200 
22  2   -0.200 
25  2   -0.200 
1 20.0 1.0 25 1.e-6 0.0 0.0 1 1 3 2