2.84105e-04 6.33942e+02  5.25259e+02 5.25259e+02 
5.67185e-04 1.18902e+03  1.13336e+03 1.71304e+03 
8.50432e-04 1.66502e+03  1.89612e+03 2.97968e+03 
1.13359e-03 1.61248e+03  3.15905e+03 4.17790e+03 
1.41654e-03 1.37774e+03  4.74080e+03 5.53310e+03 
1.69937e-03 1.18745e+03  6.69390e+03 7.30345e+03 
1.98210e-03 1.06612e+03  9.08052e+03 9.56029e+03 
2.26447e-03 1.04108e+03  1.17712e+04 1.22285e+04 
2.54690e-03 1.03044e+03  1.47795e+04 1.52320e+04 
2.82899e-03 9.86131e+02  1.81505e+04 1.85527e+04 
3.11072e-03 9.95399e+02  2.18114e+04 2.22368e+04 
3.39249e-03 9.79394e+02  2.59329e+04 2.63458e+04 
3.67401e-03 9.55308e+02  3.05201e+04 3.08859e+04 
3.95533e-03 1.11180e+03  3.52686e+04 3.58048e+04 
4.23687e-03 1.26863e+03  4.03348e+04 4.10392e+04 
4.51832e-03 1.26612e+03  4.58653e+04 4.65572e+04 
4.79961e-03 1.23413e+03  5.17294e+04 5.23904e+04 
5.08071e-03 1.21846e+03  5.79291e+04 5.85821e+04 
5.36154e-03 1.14904e+03  6.45509e+04 6.51275e+04 
5.64214e-03 1.06540e+03  7.14933e+04 7.19806e+04 
5.92257e-03 9.99480e+02  7.86820e+04 7.91168e+04 
6.20279e-03 8.70627e+02  8.62810e+04 8.65883e+04 
6.48284e-03 7.70173e+02  9.43105e+04 9.45094e+04 
6.76281e-03 8.64563e+02  1.02663e+05 1.02957e+05 
7.04261e-03 1.11158e+03  1.11335e+05 1.11878e+05 
7.32232e-03 1.33990e+03  1.20348e+05 1.21120e+05 
7.60185e-03 1.40538e+03  1.29705e+05 1.30544e+05 
7.88122e-03 1.28580e+03  1.39427e+05 1.40148e+05 
8.16052e-03 1.08791e+03  1.49526e+05 1.50050e+05 
8.43963e-03 9.37333e+02  1.60005e+05 1.60375e+05 
8.71849e-03 9.28141e+02  1.70800e+05 1.71156e+05 
8.99713e-03 1.03677e+03  1.81863e+05 1.82337e+05 
9.27576e-03 1.07397e+03  1.93333e+05 1.93850e+05 
9.55416e-03 9.76920e+02  2.05252e+05 2.05659e+05 
9.83230e-03 9.23944e+02  2.17447e+05 2.17801e+05 
1.01104e-02 9.81729e+02  2.29923e+05 2.30346e+05 
1.03885e-02 1.05468e+03  2.42828e+05 2.43321e+05 
1.06663e-02 1.15158e+03  2.56105e+05 2.56687e+05 
1.09441e-02 1.28532e+03  2.69655e+05 2.70377e+05 
1.12217e-02 1.31218e+03  2.83569e+05 2.84323e+05 
1.14992e-02 1.16183e+03  2.97913e+05 2.98509e+05 
1.17764e-02 9.84972e+02  3.12573e+05 3.12988e+05 
1.20535e-02 9.11341e+02  3.27500e+05 3.27851e+05 
1.23304e-02 8.94576e+02  3.42816e+05 3.43153e+05 
1.26071e-02 8.96847e+02  3.58564e+05 3.58894e+05 
1.28836e-02 9.76659e+02  3.74603e+05 3.75011e+05 
1.31600e-02 1.10209e+03  3.90922e+05 3.91466e+05 
1.34362e-02 1.14353e+03  4.07648e+05 4.08233e+05 
1.37123e-02 1.11474e+03  4.24772e+05 4.25318e+05 
1.39883e-02 1.13599e+03  4.42170e+05 4.42741e+05 
1.42642e-02 1.17372e+03  4.59891e+05 4.60509e+05 
1.45399e-02 1.12329e+03  4.78047e+05 4.78609e+05 
1.48154e-02 1.04488e+03  4.96557e+05 4.97033e+05 
1.50907e-02 1.03086e+03  5.15323e+05 5.15792e+05 
1.53659e-02 1.01579e+03  5.34442e+05 5.34902e+05 
1.56409e-02 9.39332e+02  5.53989e+05 5.54366e+05 
1.59157e-02 8.89881e+02  5.73877e+05 5.74200e+05 
1.61904e-02 9.40201e+02  5.94049e+05 5.94427e+05 
1.64650e-02 1.03986e+03  6.14571e+05 6.15052e+05 
1.67395e-02 1.13633e+03  6.35475e+05 6.36049e+05 
1.70138e-02 1.21813e+03  6.56717e+05 6.57373e+05 
1.72881e-02 1.23621e+03  6.78303e+05 6.78979e+05 
1.75621e-02 1.14970e+03  7.00252e+05 7.00839e+05 
1.78359e-02 1.01646e+03  7.22529e+05 7.22981e+05 
1.81096e-02 9.19727e+02  7.45121e+05 7.45481e+05 
1.83831e-02 8.83006e+02  7.68083e+05 7.68407e+05 
1.86564e-02 9.21471e+02  7.91417e+05 7.91775e+05 
1.89295e-02 1.03973e+03  8.15061e+05 8.15538e+05 
1.92024e-02 1.14829e+03  8.39038e+05 8.39628e+05 
1.94753e-02 1.14695e+03  8.63400e+05 8.63985e+05 
1.97480e-02 1.07436e+03  8.88092e+05 8.88602e+05 
2.00206e-02 1.02039e+03  9.13078e+05 9.13540e+05 
2.02931e-02 9.88493e+02  9.38452e+05 9.38884e+05 
2.05655e-02 9.84914e+02  9.64236e+05 9.64656e+05 
2.08377e-02 1.06670e+03  9.90306e+05 9.90807e+05 
2.11096e-02 1.17841e+03  1.01665e+06 1.01727e+06 
2.13814e-02 1.16410e+03  1.04340e+06 1.04400e+06 
2.16530e-02 1.02531e+03  1.07054e+06 1.07100e+06 
2.19245e-02 9.26058e+02  1.09797e+06 1.09833e+06 
2.21958e-02 9.20357e+02  1.12569e+06 1.12605e+06 
2.24670e-02 9.36985e+02  1.15384e+06 1.15422e+06 
2.27381e-02 9.93184e+02  1.18236e+06 1.18279e+06 
2.30090e-02 1.13468e+03  1.21113e+06 1.21170e+06 
2.32798e-02 1.23962e+03  1.24021e+06 1.24090e+06 
2.35505e-02 1.17086e+03  1.26975e+06 1.27036e+06 
2.38209e-02 1.01996e+03  1.29964e+06 1.30009e+06 
2.40911e-02 9.49969e+02  1.32977e+06 1.33016e+06 
2.43613e-02 9.51591e+02  1.36024e+06 1.36064e+06 
2.46313e-02 9.63704e+02  1.39113e+06 1.39153e+06 
2.49012e-02 1.02684e+03  1.42235e+06 1.42282e+06 
2.51708e-02 1.13516e+03  1.45385e+06 1.45443e+06 
2.54403e-02 1.16300e+03  1.48572e+06 1.48633e+06 
2.57096e-02 1.07438e+03  1.51799e+06 1.51850e+06 
2.59788e-02 9.86535e+02  1.55055e+06 1.55097e+06 
2.62479e-02 9.63035e+02  1.58339e+06 1.58380e+06 
2.65169e-02 9.64865e+02  1.61664e+06 1.61705e+06 
2.67858e-02 1.00144e+03  1.65028e+06 1.65071e+06 
2.70544e-02 1.10338e+03  1.68419e+06 1.68473e+06 
2.73229e-02 1.18791e+03  1.71842e+06 1.71905e+06 
2.75911e-02 1.15534e+03  1.75303e+06 1.75362e+06 
2.78592e-02 1.04842e+03  1.78798e+06 1.78846e+06 
2.81271e-02 9.64538e+02  1.82322e+06 1.82363e+06 
2.83949e-02 9.24538e+02  1.85882e+06 1.85918e+06 
2.86626e-02 9.33451e+02  1.89479e+06 1.89516e+06 
2.89300e-02 1.01792e+03  1.93109e+06 1.93154e+06 
2.91974e-02 1.12990e+03  1.96769e+06 1.96826e+06 
2.94646e-02 1.16941e+03  2.00465e+06 2.00526e+06 
2.97316e-02 1.12752e+03  2.04197e+06 2.04253e+06 
2.99985e-02 1.06568e+03  2.07959e+06 2.08010e+06 
3.02653e-02 9.99664e+02  2.11756e+06 2.11800e+06 
3.05320e-02 9.43091e+02  2.15592e+06 2.15630e+06 
3.07984e-02 9.62698e+02  2.19459e+06 2.19498e+06 
3.10648e-02 1.05582e+03  2.23354e+06 2.23404e+06 
3.13309e-02 1.10859e+03  2.27286e+06 2.27341e+06 
3.15968e-02 1.07804e+03  2.31255e+06 2.31307e+06 
3.18626e-02 1.04898e+03  2.35255e+06 2.35303e+06 
3.21282e-02 1.05348e+03  2.39284e+06 2.39334e+06 
3.23938e-02 1.03622e+03  2.43353e+06 2.43401e+06 
3.26592e-02 1.01784e+03  2.47458e+06 2.47503e+06 
3.29244e-02 1.06574e+03  2.51589e+06 2.51640e+06 
3.31895e-02 1.11813e+03  2.55753e+06 2.55810e+06 
3.34545e-02 1.06975e+03  2.59959e+06 2.60010e+06 
3.37193e-02 9.80347e+02  2.64199e+06 2.64240e+06 
3.39838e-02 9.72031e+02  2.68463e+06 2.68505e+06 
3.42483e-02 1.01551e+03  2.72761e+06 2.72807e+06 
3.45126e-02 1.02916e+03  2.77100e+06 2.77147e+06 
3.47767e-02 1.05402e+03  2.81472e+06 2.81521e+06 
3.50406e-02 1.12972e+03  2.85869e+06 2.85926e+06 
3.53045e-02 1.15877e+03  2.90302e+06 2.90363e+06 
3.55683e-02 1.07533e+03  2.94777e+06 2.94828e+06 
3.58318e-02 9.82182e+02  2.99283e+06 2.99325e+06 
3.60952e-02 9.76935e+02  3.03816e+06 3.03857e+06 
3.63585e-02 1.01546e+03  3.08382e+06 3.08428e+06 
3.66217e-02 1.04216e+03  3.12989e+06 3.13037e+06 
3.68846e-02 1.07477e+03  3.17627e+06 3.17678e+06 
3.71474e-02 1.10248e+03  3.22295e+06 3.22350e+06 
3.74101e-02 1.07351e+03  3.26999e+06 3.27050e+06 
3.76727e-02 1.00800e+03  3.31736e+06 3.31781e+06 
3.79350e-02 9.78142e+02  3.36505e+06 3.36547e+06 
3.81973e-02 9.98493e+02  3.41308e+06 3.41352e+06 
3.84594e-02 1.04797e+03  3.46147e+06 3.46196e+06 
3.87213e-02 1.12405e+03  3.51018e+06 3.51074e+06 
3.89831e-02 1.18472e+03  3.55918e+06 3.55981e+06 
3.92447e-02 1.15151e+03  3.60855e+06 3.60915e+06 
3.95062e-02 1.03894e+03  3.65828e+06 3.65875e+06 
3.97676e-02 9.50401e+02  3.70829e+06 3.70868e+06 
4.00288e-02 9.23230e+02  3.75863e+06 3.75899e+06 
4.02900e-02 9.28523e+02  3.80936e+06 3.80973e+06 
4.05510e-02 9.92346e+02  3.86044e+06 3.86087e+06 
4.08118e-02 1.13109e+03  3.91178e+06 3.91235e+06 
4.10724e-02 1.22787e+03  3.96344e+06 3.96411e+06 
4.13330e-02 1.17350e+03  4.01551e+06 4.01612e+06 
4.15932e-02 1.04880e+03  4.06789e+06 4.06838e+06 
4.18534e-02 9.84941e+02  4.12053e+06 4.12095e+06 
4.21135e-02 9.69057e+02  4.17352e+06 4.17394e+06 
4.23735e-02 9.58774e+02  4.22695e+06 4.22734e+06 
4.26333e-02 1.01672e+03  4.28067e+06 4.28112e+06 
4.28929e-02 1.15165e+03  4.33462e+06 4.33521e+06 
4.31523e-02 1.21386e+03  4.38892e+06 4.38958e+06 
4.34117e-02 1.11702e+03  4.44364e+06 4.44420e+06 
4.36707e-02 9.80827e+02  4.49866e+06 4.49907e+06 
4.39296e-02 9.26465e+02  4.55392e+06 4.55429e+06 
4.41885e-02 9.30151e+02  4.60956e+06 4.60994e+06 
4.44472e-02 9.65545e+02  4.66558e+06 4.66598e+06 
4.47057e-02 1.07115e+03  4.72191e+06 4.72242e+06 
4.49642e-02 1.20303e+03  4.77851e+06 4.77916e+06 
4.52225e-02 1.23262e+03  4.83549e+06 4.83617e+06 
4.54806e-02 1.14126e+03  4.89284e+06 4.89342e+06 
4.57385e-02 1.03623e+03  4.95047e+06 4.95094e+06 
4.59964e-02 9.75125e+02  5.00839e+06 5.00881e+06 
4.62541e-02 9.43819e+02  5.06669e+06 5.06707e+06 
4.65117e-02 9.61696e+02  5.12534e+06 5.12574e+06 
4.67691e-02 1.04216e+03  5.18428e+06 5.18476e+06 
4.70263e-02 1.11149e+03  5.24354e+06 5.24409e+06 
4.72834e-02 1.10515e+03  5.30315e+06 5.30369e+06 
4.75403e-02 1.06352e+03  5.36308e+06 5.36358e+06 
4.77970e-02 1.03904e+03  5.42328e+06 5.42376e+06 
4.80536e-02 1.02417e+03  5.48386e+06 5.48432e+06 
4.83101e-02 1.03019e+03  5.54478e+06 5.54525e+06 
4.85664e-02 1.09136e+03  5.60600e+06 5.60653e+06 
4.88226e-02 1.15688e+03  5.66753e+06 5.66813e+06 
4.90787e-02 1.13733e+03  5.72945e+06 5.73002e+06 
4.93346e-02 1.06051e+03  5.79170e+06 5.79219e+06 
4.95904e-02 1.01838e+03  5.85421e+06 5.85466e+06 
4.98460e-02 1.00165e+03  5.91703e+06 5.91747e+06 
5.01016e-02 9.62487e+02  5.98027e+06 5.98067e+06 
5.03569e-02 9.60356e+02  6.04383e+06 6.04423e+06 
5.06121e-02 1.05297e+03  6.10764e+06 6.10814e+06 
5.08672e-02 1.14318e+03  6.17177e+06 6.17236e+06 
5.11221e-02 1.12564e+03  6.23631e+06 6.23688e+06 
5.13768e-02 1.06830e+03  6.30116e+06 6.30166e+06 
5.16314e-02 1.07132e+03  6.36626e+06 6.36677e+06 
5.18859e-02 1.08911e+03  6.43169e+06 6.43223e+06 
5.21402e-02 1.05932e+03  6.49754e+06 6.49804e+06 
5.23943e-02 1.04623e+03  6.56370e+06 6.56417e+06 
5.26483e-02 1.09553e+03  6.63009e+06 6.63062e+06 
5.29022e-02 1.11449e+03  6.69681e+06 6.69737e+06 
5.31560e-02 1.03962e+03  6.76395e+06 6.76443e+06 
5.34096e-02 9.60927e+02  6.83140e+06 6.83179e+06 
5.36630e-02 9.64425e+02  6.89911e+06 6.89951e+06 
5.39164e-02 1.01190e+03  6.96717e+06 6.96762e+06 
5.41696e-02 1.05653e+03  7.03561e+06 7.03610e+06 
5.44227e-02 1.11496e+03  7.10434e+06 7.10489e+06 
5.46755e-02 1.17032e+03  7.17336e+06 7.17397e+06 
5.49283e-02 1.15938e+03  7.24273e+06 7.24333e+06 
5.51809e-02 1.08679e+03  7.31243e+06 7.31295e+06 
5.54334e-02 1.02177e+03  7.38244e+06 7.38290e+06 
5.56858e-02 9.93061e+02  7.45279e+06 7.45322e+06 
5.59380e-02 9.98486e+02  7.52348e+06 7.52392e+06 
5.61901e-02 1.05710e+03  7.59447e+06 7.59496e+06 
5.64419e-02 1.14147e+03  7.66573e+06 7.66631e+06 
5.66937e-02 1.15204e+03  7.73734e+06 7.73793e+06 
5.69453e-02 1.06212e+03  7.80934e+06 7.80984e+06 
5.71967e-02 9.75725e+02  7.88162e+06 7.88203e+06 
5.74480e-02 9.61922e+02  7.95415e+06 7.95456e+06 
5.76992e-02 9.77071e+02  8.02707e+06 8.02749e+06 
5.79503e-02 1.00884e+03  8.10037e+06 8.10082e+06 
5.82013e-02 1.11193e+03  8.17395e+06 8.17450e+06 
5.84520e-02 1.24105e+03  8.24777e+06 8.24845e+06 
5.87026e-02 1.25166e+03  8.32197e+06 8.32266e+06 
5.89531e-02 1.12685e+03  8.39657e+06 8.39713e+06 
5.92034e-02 1.00857e+03  8.47142e+06 8.47186e+06 
5.94536e-02 9.68736e+02  8.54653e+06 8.54694e+06 
5.97038e-02 9.52187e+02  8.62203e+06 8.62243e+06 
5.99538e-02 9.54836e+02  8.69792e+06 8.69831e+06 
6.02035e-02 1.03696e+03  8.77406e+06 8.77453e+06 
6.04532e-02 1.15007e+03  8.85046e+06 8.85106e+06 
6.07027e-02 1.16592e+03  8.92725e+06 8.92786e+06 
6.09521e-02 1.08368e+03  9.00440e+06 9.00492e+06 
6.12012e-02 1.02069e+03  9.08180e+06 9.08226e+06 
6.14503e-02 1.01868e+03  9.15948e+06 9.15994e+06 
6.16992e-02 1.03312e+03  9.23754e+06 9.23801e+06 
6.19480e-02 1.06628e+03  9.31596e+06 9.31646e+06 
6.21967e-02 1.13994e+03  9.39465e+06 9.39523e+06 
6.24452e-02 1.19215e+03  9.47363e+06 9.47427e+06 
6.26935e-02 1.15359e+03  9.55298e+06 9.55357e+06 
6.29417e-02 1.06375e+03  9.63264e+06 9.63314e+06 
6.31898e-02 9.95568e+02  9.71259e+06 9.71302e+06 
6.34377e-02 9.53815e+02  9.79286e+06 9.79325e+06 
6.36855e-02 9.39131e+02  9.87349e+06 9.87387e+06 
6.39332e-02 9.93609e+02  9.95443e+06 9.95486e+06 
6.41807e-02 1.09923e+03  1.00357e+07 1.00362e+07 
6.44281e-02 1.15891e+03  1.01172e+07 1.01178e+07 
6.46752e-02 1.14246e+03  1.01991e+07 1.01997e+07 
6.49222e-02 1.11783e+03  1.02813e+07 1.02818e+07 
6.51691e-02 1.10744e+03  1.03637e+07 1.03643e+07 
6.54159e-02 1.06869e+03  1.04466e+07 1.04471e+07 
6.56626e-02 1.02778e+03  1.05298e+07 1.05302e+07 
6.59090e-02 1.05738e+03  1.06132e+07 1.06137e+07 
6.61554e-02 1.11808e+03  1.06969e+07 1.06975e+07 
6.64017e-02 1.10272e+03  1.07810e+07 1.07816e+07 
6.66477e-02 1.02889e+03  1.08655e+07 1.08660e+07 
6.68936e-02 1.00522e+03  1.09502e+07 1.09506e+07 
6.71394e-02 1.03414e+03  1.10352e+07 1.10356e+07 
6.73851e-02 1.03569e+03  1.11206e+07 1.11210e+07 
6.76307e-02 1.02684e+03  1.12063e+07 1.12068e+07 
6.78760e-02 1.08254e+03  1.12923e+07 1.12928e+07 
6.81212e-02 1.16008e+03  1.13785e+07 1.13791e+07 
6.83664e-02 1.15282e+03  1.14652e+07 1.14658e+07 
6.86113e-02 1.07841e+03  1.15521e+07 1.15527e+07 
6.88561e-02 1.04214e+03  1.16394e+07 1.16399e+07 
6.91008e-02 1.06128e+03  1.17269e+07 1.17274e+07 
6.93454e-02 1.07920e+03  1.18148e+07 1.18153e+07 
6.95898e-02 1.09188e+03  1.19031e+07 1.19036e+07 
6.98340e-02 1.11952e+03  1.19916e+07 1.19921e+07 
7.00781e-02 1.12047e+03  1.20804e+07 1.20809e+07 
7.03221e-02 1.05780e+03  1.21695e+07 1.21700e+07 
7.05660e-02 9.82347e+02  1.22590e+07 1.22594e+07 
7.08097e-02 9.55968e+02  1.23488e+07 1.23492e+07 
7.10533e-02 9.74930e+02  1.24389e+07 1.24393e+07 
7.12968e-02 1.03094e+03  1.25293e+07 1.25298e+07 
7.15401e-02 1.13588e+03  1.26200e+07 1.26206e+07 
7.17833e-02 1.23603e+03  1.27110e+07 1.27117e+07 
7.20263e-02 1.23283e+03  1.28024e+07 1.28031e+07 
7.22692e-02 1.13327e+03  1.28942e+07 1.28947e+07 
7.25120e-02 1.04692e+03  1.29861e+07 1.29866e+07 
7.27547e-02 1.01393e+03  1.30784e+07 1.30788e+07 
7.29973e-02 9.86188e+02  1.31711e+07 1.31715e+07 
7.32397e-02 9.78322e+02  1.32641e+07 1.32645e+07 
7.34820e-02 1.05562e+03  1.33573e+07 1.33578e+07 
7.37240e-02 1.16531e+03  1.34508e+07 1.34514e+07 
7.39660e-02 1.17033e+03  1.35447e+07 1.35453e+07 
7.42078e-02 1.06649e+03  1.36389e+07 1.36394e+07 
7.44493e-02 9.88075e+02  1.37334e+07 1.37338e+07 
7.46908e-02 9.93259e+02  1.38281e+07 1.38285e+07 
7.49322e-02 1.02122e+03  1.39232e+07 1.39237e+07 
7.51735e-02 1.05384e+03  1.40187e+07 1.40192e+07 
7.54147e-02 1.13476e+03  1.41145e+07 1.41151e+07 
7.56557e-02 1.22703e+03  1.42105e+07 1.42112e+07 
7.58965e-02 1.22850e+03  1.43069e+07 1.43075e+07 
7.61372e-02 1.13418e+03  1.44036e+07 1.44041e+07 
7.63777e-02 1.03734e+03  1.45006e+07 1.45010e+07 
7.66181e-02 9.84200e+02  1.45978e+07 1.45983e+07 
7.68585e-02 9.59612e+02  1.46955e+07 1.46959e+07 
7.70986e-02 9.78194e+02  1.47934e+07 1.47938e+07 
7.73387e-02 1.05494e+03  1.48917e+07 1.48921e+07 
7.75786e-02 1.12784e+03  1.49902e+07 1.49908e+07 
7.78184e-02 1.13195e+03  1.50891e+07 1.50897e+07 
7.80579e-02 1.09950e+03  1.51883e+07 1.51888e+07 
7.82973e-02 1.08606e+03  1.52877e+07 1.52882e+07 
7.85366e-02 1.07524e+03  1.53874e+07 1.53879e+07 
7.87758e-02 1.05197e+03  1.54875e+07 1.54880e+07 
7.90148e-02 1.06951e+03  1.55880e+07 1.55885e+07 
7.92537e-02 1.14120e+03  1.56886e+07 1.56892e+07 
7.94925e-02 1.17488e+03  1.57897e+07 1.57903e+07 
7.97312e-02 1.11732e+03  1.58911e+07 1.58916e+07 
7.99697e-02 1.04943e+03  1.59927e+07 1.59932e+07 
8.02081e-02 1.04198e+03  1.60946e+07 1.60951e+07 
8.04463e-02 1.04474e+03  1.61969e+07 1.61974e+07 
8.06845e-02 1.01501e+03  1.62995e+07 1.63000e+07 
8.09225e-02 1.01697e+03  1.64024e+07 1.64029e+07 
8.11603e-02 1.08687e+03  1.65056e+07 1.65061e+07 
8.13980e-02 1.13637e+03  1.66091e+07 1.66097e+07 
8.16356e-02 1.09936e+03  1.67129e+07 1.67135e+07 
8.18730e-02 1.04836e+03  1.68171e+07 1.68176e+07 
8.21102e-02 1.06282e+03  1.69215e+07 1.69220e+07 
8.23474e-02 1.10480e+03  1.70262e+07 1.70267e+07 
8.25845e-02 1.11855e+03  1.71313e+07 1.71318e+07 
8.28214e-02 1.13099e+03  1.72367e+07 1.72372e+07 
8.30581e-02 1.16325e+03  1.73423e+07 1.73429e+07 
8.32946e-02 1.15916e+03  1.74482e+07 1.74488e+07 
8.35312e-02 1.08592e+03  1.75545e+07 1.75551e+07 
8.37676e-02 1.00384e+03  1.76612e+07 1.76616e+07 
8.40038e-02 9.71567e+02  1.77681e+07 1.77685e+07 
8.42400e-02 9.79727e+02  1.78753e+07 1.78757e+07 
8.44760e-02 1.01772e+03  1.79828e+07 1.79833e+07 
8.47119e-02 1.09595e+03  1.80907e+07 1.80912e+07 
8.49476e-02 1.17244e+03  1.81988e+07 1.81994e+07 
8.51831e-02 1.17422e+03  1.83073e+07 1.83079e+07 
8.54185e-02 1.11460e+03  1.84160e+07 1.84166e+07 
8.56538e-02 1.07590e+03  1.85251e+07 1.85256e+07 
8.58890e-02 1.07259e+03  1.86344e+07 1.86349e+07 
8.61241e-02 1.05689e+03  1.87441e+07 1.87446e+07 
8.63591e-02 1.04878e+03  1.88542e+07 1.88547e+07 
8.65939e-02 1.11063e+03  1.89645e+07 1.89651e+07 
8.68285e-02 1.19629e+03  1.90751e+07 1.90757e+07 
8.70630e-02 1.18525e+03  1.91859e+07 1.91866e+07 
8.72974e-02 1.07514e+03  1.92972e+07 1.92977e+07 
8.75316e-02 9.88060e+02  1.94087e+07 1.94092e+07 
8.77657e-02 9.78574e+02  1.95205e+07 1.95209e+07 
8.79997e-02 9.89592e+02  1.96326e+07 1.96331e+07 
8.82336e-02 1.00319e+03  1.97452e+07 1.97456e+07 
8.84674e-02 1.07233e+03  1.98579e+07 1.98584e+07 
8.87010e-02 1.18142e+03  1.99710e+07 1.99716e+07 
8.89345e-02 1.22854e+03  2.00843e+07 2.00850e+07 
8.91678e-02 1.17810e+03  2.01980e+07 2.01986e+07 
8.94010e-02 1.10328e+03  2.03120e+07 2.03125e+07 
8.96340e-02 1.05963e+03  2.04262e+07 2.04267e+07 
8.98670e-02 1.03597e+03  2.05408e+07 2.05413e+07 
9.00998e-02 1.03501e+03  2.06557e+07 2.06562e+07 
9.03325e-02 1.07952e+03  2.07709e+07 2.07715e+07 
9.05650e-02 1.13394e+03  2.08864e+07 2.08870e+07 
9.07974e-02 1.13337e+03  2.10022e+07 2.10028e+07 
9.10296e-02 1.08821e+03  2.11183e+07 2.11188e+07 
9.12617e-02 1.05768e+03  2.12347e+07 2.12352e+07 
9.14937e-02 1.04287e+03  2.13513e+07 2.13518e+07 
9.17255e-02 1.01481e+03  2.14684e+07 2.14689e+07 
9.19573e-02 1.01200e+03  2.15857e+07 2.15862e+07 
9.21888e-02 1.08426e+03  2.17033e+07 2.17039e+07 
9.24203e-02 1.17318e+03  2.18212e+07 2.18218e+07 
9.26517e-02 1.17952e+03  2.19395e+07 2.19401e+07 
9.28828e-02 1.12132e+03  2.20580e+07 2.20586e+07 
9.31138e-02 1.09452e+03  2.21768e+07 2.21773e+07 
9.33447e-02 1.10854e+03  2.22959e+07 2.22964e+07 
9.35756e-02 1.09759e+03  2.24153e+07 2.24159e+07 
9.38062e-02 1.06661e+03  2.25351e+07 2.25356e+07 
9.40367e-02 1.08028e+03  2.26551e+07 2.26557e+07 
9.42671e-02 1.12246e+03  2.27754e+07 2.27760e+07 
9.44974e-02 1.10924e+03  2.28961e+07 2.28966e+07 
9.47276e-02 1.03891e+03  2.30171e+07 2.30176e+07 
9.49575e-02 9.98543e+02  2.31383e+07 2.31387e+07 
9.51873e-02 1.02215e+03  2.32598e+07 2.32603e+07 
9.54171e-02 1.06234e+03  2.33817e+07 2.33822e+07 
9.56467e-02 1.09738e+03  2.35038e+07 2.35044e+07 
9.58761e-02 1.14843e+03  2.36263e+07 2.36269e+07 
9.61054e-02 1.19345e+03  2.37490e+07 2.37496e+07 
9.63347e-02 1.17779e+03  2.38720e+07 2.38727e+07 
9.65638e-02 1.11211e+03  2.39955e+07 2.39960e+07 
9.67928e-02 1.06163e+03  2.41191e+07 2.41196e+07 
9.70217e-02 1.04647e+03  2.42431e+07 2.42436e+07 
9.72504e-02 1.04417e+03  2.43674e+07 2.43679e+07 
9.74791e-02 1.06587e+03  2.44920e+07 2.44925e+07 
9.77075e-02 1.12753e+03  2.46169e+07 2.46174e+07 
9.79358e-02 1.17241e+03  2.47420e+07 2.47426e+07 
9.81640e-02 1.13230e+03  2.48675e+07 2.48681e+07 
9.83921e-02 1.04458e+03  2.49933e+07 2.49938e+07 
9.86199e-02 1.00256e+03  2.51194e+07 2.51198e+07 
9.88477e-02 1.01571e+03  2.52457e+07 2.52461e+07 
9.90754e-02 1.03005e+03  2.53724e+07 2.53728e+07 
9.93030e-02 1.05392e+03  2.54994e+07 2.54999e+07 
9.95305e-02 1.13501e+03  2.56267e+07 2.56273e+07 
9.97578e-02 1.23067e+03  2.57543e+07 2.57549e+07 
9.99849e-02 1.23686e+03  2.58821e+07 2.58828e+07 
1.00000e-01 1.23288e+03  2.58906e+07 2.58913e+07 
