2.84105e-04 4.52576e+01
5.67185e-04 6.27504e+01
8.50432e-04 9.36100e+01
1.13359e-03 1.21553e+02
1.41654e-03 1.29953e+02
1.69937e-03 1.43870e+02
1.98210e-03 1.58352e+02
2.26447e-03 1.61006e+02
2.54690e-03 1.75894e+02
2.82899e-03 2.04424e+02
3.11072e-03 2.29358e+02
3.39249e-03 2.60063e+02
3.67401e-03 2.85478e+02
3.95533e-03 2.92574e+02
4.23687e-03 2.98591e+02
4.51832e-03 3.02947e+02
4.79961e-03 3.04835e+02
5.08071e-03 3.09825e+02
5.36154e-03 3.18045e+02
5.64214e-03 3.30814e+02
5.92257e-03 3.50956e+02
6.20279e-03 3.71825e+02
6.48284e-03 3.87041e+02
6.76281e-03 4.00039e+02
7.04261e-03 4.08894e+02
7.32232e-03 4.14014e+02
7.60185e-03 4.19962e+02
7.88122e-03 4.23546e+02
8.16052e-03 4.25891e+02
8.43963e-03 4.34371e+02
8.71849e-03 4.46258e+02
8.99713e-03 4.57747e+02
9.27576e-03 4.73141e+02
9.55416e-03 4.91404e+02
9.83230e-03 5.06433e+02
1.01104e-02 5.17483e+02
1.03885e-02 5.24563e+02
1.06663e-02 5.27290e+02
1.09441e-02 5.29236e+02
1.12217e-02 5.32133e+02
1.14992e-02 5.35352e+02
1.17764e-02 5.41408e+02
1.20535e-02 5.52708e+02
1.23304e-02 5.68195e+02
1.26071e-02 5.86142e+02
1.28836e-02 6.03631e+02
1.31600e-02 6.16066e+02
1.34362e-02 6.22376e+02
1.37123e-02 6.25549e+02
1.39883e-02 6.27533e+02
1.42642e-02 6.28934e+02
1.45399e-02 6.31533e+02
1.48154e-02 6.37992e+02
1.50907e-02 6.50075e+02
1.53659e-02 6.67114e+02
1.56409e-02 6.85713e+02
1.59157e-02 7.01378e+02
1.61904e-02 7.11309e+02
1.64650e-02 7.16367e+02
1.67395e-02 7.19556e+02
1.70138e-02 7.22568e+02
1.72881e-02 7.25595e+02
1.75621e-02 7.29509e+02
1.78359e-02 7.35581e+02
1.81096e-02 7.44524e+02
1.83831e-02 7.56935e+02
1.86564e-02 7.71983e+02
1.89295e-02 7.86550e+02
1.92024e-02 7.98224e+02
1.94753e-02 8.06757e+02
1.97480e-02 8.12300e+02
2.00206e-02 8.15366e+02
2.02931e-02 8.17550e+02
2.05655e-02 8.20504e+02
2.08377e-02 8.25697e+02
2.11096e-02 8.34549e+02
2.13814e-02 8.46732e+02
2.16530e-02 8.59725e+02
2.19245e-02 8.71140e+02
2.21958e-02 8.80057e+02
2.24670e-02 8.86643e+02
2.27381e-02 8.91904e+02
2.30090e-02 8.97169e+02
2.32798e-02 9.03155e+02
2.35505e-02 9.09632e+02
2.38209e-02 9.15865e+02
2.40911e-02 9.21454e+02
2.43613e-02 9.26929e+02
2.46313e-02 9.33394e+02
2.49012e-02 9.41680e+02
2.51708e-02 9.51940e+02
2.54403e-02 9.63462e+02
2.57096e-02 9.74504e+02
2.59788e-02 9.83118e+02
2.62479e-02 9.88747e+02
2.65169e-02 9.92434e+02
2.67858e-02 9.95540e+02
2.70544e-02 9.99239e+02
2.73229e-02 1.00481e+03
2.75911e-02 1.01285e+03
2.78592e-02 1.02245e+03
2.81271e-02 1.03240e+03
2.83949e-02 1.04233e+03
2.86626e-02 1.05183e+03
2.89300e-02 1.06013e+03
2.91974e-02 1.06718e+03
2.94646e-02 1.07373e+03
2.97316e-02 1.07984e+03
2.99985e-02 1.08496e+03
3.02653e-02 1.08935e+03
3.05320e-02 1.09414e+03
3.07984e-02 1.10024e+03
3.10648e-02 1.10821e+03
3.13309e-02 1.11838e+03
3.15968e-02 1.12995e+03
3.18626e-02 1.14074e+03
3.21282e-02 1.14901e+03
3.23938e-02 1.15499e+03
3.26592e-02 1.15988e+03
3.29244e-02 1.16424e+03
3.31895e-02 1.16855e+03
3.34545e-02 1.17410e+03
3.37193e-02 1.18160e+03
3.39838e-02 1.19018e+03
3.42483e-02 1.19881e+03
3.45126e-02 1.20760e+03
3.47767e-02 1.21652e+03
3.50406e-02 1.22461e+03
3.53045e-02 1.23139e+03
3.55683e-02 1.23755e+03
3.58318e-02 1.24353e+03
3.60952e-02 1.24899e+03
3.63585e-02 1.25425e+03
3.66217e-02 1.26049e+03
3.68846e-02 1.26819e+03
3.71474e-02 1.27660e+03
3.74101e-02 1.28492e+03
3.76727e-02 1.29281e+03
3.79350e-02 1.29992e+03
3.81973e-02 1.30616e+03
3.84594e-02 1.31223e+03
3.87213e-02 1.31904e+03
3.89831e-02 1.32678e+03
3.92447e-02 1.33497e+03
3.95062e-02 1.34297e+03
3.97676e-02 1.35015e+03
4.00288e-02 1.35609e+03
4.02900e-02 1.36117e+03
4.05510e-02 1.36649e+03
4.08118e-02 1.37307e+03
4.10724e-02 1.38113e+03
4.13330e-02 1.39021e+03
4.15932e-02 1.39936e+03
4.18534e-02 1.40758e+03
4.21135e-02 1.41444e+03
4.23735e-02 1.42028e+03
4.26333e-02 1.42582e+03
4.28929e-02 1.43179e+03
4.31523e-02 1.43878e+03
4.34117e-02 1.44672e+03
4.36707e-02 1.45472e+03
4.39296e-02 1.46199e+03
4.41885e-02 1.46871e+03
4.44472e-02 1.47562e+03
4.47057e-02 1.48299e+03
4.49642e-02 1.49070e+03
4.52225e-02 1.49861e+03
4.54806e-02 1.50635e+03
4.57385e-02 1.51326e+03
4.59964e-02 1.51908e+03
4.62541e-02 1.52430e+03
4.65117e-02 1.52972e+03
4.67691e-02 1.53609e+03
4.70263e-02 1.54396e+03
4.72834e-02 1.55313e+03
4.75403e-02 1.56232e+03
4.77970e-02 1.57029e+03
4.80536e-02 1.57708e+03
4.83101e-02 1.58327e+03
4.85664e-02 1.58900e+03
4.88226e-02 1.59449e+03
4.90787e-02 1.60064e+03
4.93346e-02 1.60796e+03
4.95904e-02 1.61566e+03
4.98460e-02 1.62297e+03
5.01016e-02 1.63023e+03
5.03569e-02 1.63787e+03
5.06121e-02 1.64543e+03
5.08672e-02 1.65249e+03
5.11221e-02 1.65942e+03
5.13768e-02 1.66632e+03
5.16314e-02 1.67259e+03
5.18859e-02 1.67823e+03
5.21402e-02 1.68434e+03
5.23943e-02 1.69160e+03
5.26483e-02 1.69950e+03
5.29022e-02 1.70754e+03
5.31560e-02 1.71570e+03
5.34096e-02 1.72349e+03
5.36630e-02 1.73010e+03
5.39164e-02 1.73572e+03
5.41696e-02 1.74166e+03
5.44227e-02 1.74868e+03
5.46755e-02 1.75642e+03
5.49283e-02 1.76441e+03
5.51809e-02 1.77236e+03
5.54334e-02 1.77967e+03
5.56858e-02 1.78584e+03
5.59380e-02 1.79134e+03
5.61901e-02 1.79728e+03
5.64419e-02 1.80428e+03
5.66937e-02 1.81231e+03
5.69453e-02 1.82094e+03
5.71967e-02 1.82945e+03
5.74480e-02 1.83700e+03
5.76992e-02 1.84343e+03
5.79503e-02 1.84947e+03
5.82013e-02 1.85593e+03
5.84520e-02 1.86304e+03
5.87026e-02 1.87068e+03
5.89531e-02 1.87854e+03
5.92034e-02 1.88595e+03
5.94536e-02 1.89231e+03
5.97038e-02 1.89785e+03
5.99538e-02 1.90355e+03
6.02035e-02 1.91031e+03
6.04532e-02 1.91848e+03
6.07027e-02 1.92781e+03
6.09521e-02 1.93729e+03
6.12012e-02 1.94562e+03
6.14503e-02 1.95221e+03
6.16992e-02 1.95749e+03
6.19480e-02 1.96229e+03
6.21967e-02 1.96736e+03
6.24452e-02 1.97356e+03
6.26935e-02 1.98138e+03
6.29417e-02 1.99023e+03
6.31898e-02 1.99894e+03
6.34377e-02 2.00691e+03
6.36855e-02 2.01423e+03
6.39332e-02 2.02099e+03
6.41807e-02 2.02729e+03
6.44281e-02 2.03379e+03
6.46752e-02 2.04097e+03
6.49222e-02 2.04832e+03
6.51691e-02 2.05514e+03
6.54159e-02 2.06165e+03
6.56626e-02 2.06846e+03
6.59090e-02 2.07545e+03
6.61554e-02 2.08231e+03
6.64017e-02 2.08947e+03
6.66477e-02 2.09730e+03
6.68936e-02 2.10512e+03
6.71394e-02 2.11219e+03
6.73851e-02 2.11895e+03
6.76307e-02 2.12619e+03
6.78760e-02 2.13379e+03
6.81212e-02 2.14120e+03
6.83664e-02 2.14844e+03
6.86113e-02 2.15561e+03
6.88561e-02 2.16225e+03
6.91008e-02 2.16810e+03
6.93454e-02 2.17392e+03
6.95898e-02 2.18065e+03
6.98340e-02 2.18831e+03
7.00781e-02 2.19643e+03
7.03221e-02 2.20474e+03
7.05660e-02 2.21293e+03
7.08097e-02 2.22037e+03
7.10533e-02 2.22688e+03
7.12968e-02 2.23324e+03
7.15401e-02 2.24031e+03
7.17833e-02 2.24818e+03
7.20263e-02 2.25639e+03
7.22692e-02 2.26436e+03
7.25120e-02 2.27146e+03
7.27547e-02 2.27733e+03
7.29973e-02 2.28239e+03
7.32397e-02 2.28774e+03
7.34820e-02 2.29434e+03
7.37240e-02 2.30261e+03
7.39660e-02 2.31233e+03
7.42078e-02 2.32255e+03
7.44493e-02 2.33181e+03
7.46908e-02 2.33915e+03
7.49322e-02 2.34479e+03
7.51735e-02 2.34966e+03
7.54147e-02 2.35473e+03
7.56557e-02 2.36079e+03
7.58965e-02 2.36831e+03
7.61372e-02 2.37686e+03
7.63777e-02 2.38535e+03
7.66181e-02 2.39304e+03
7.68585e-02 2.40000e+03
7.70986e-02 2.40657e+03
7.73387e-02 2.41304e+03
7.75786e-02 2.41998e+03
7.78184e-02 2.42792e+03
7.80579e-02 2.43648e+03
7.82973e-02 2.44459e+03
7.85366e-02 2.45178e+03
7.87758e-02 2.45848e+03
7.90148e-02 2.46497e+03
7.92537e-02 2.47117e+03
7.94925e-02 2.47739e+03
7.97312e-02 2.48432e+03
7.99697e-02 2.49187e+03
8.02081e-02 2.49923e+03
8.04463e-02 2.50615e+03
8.06845e-02 2.51322e+03
8.09225e-02 2.52079e+03
8.11603e-02 2.52853e+03
8.13980e-02 2.53628e+03
8.16356e-02 2.54426e+03
8.18730e-02 2.55217e+03
8.21102e-02 2.55926e+03
8.23474e-02 2.56547e+03
8.25845e-02 2.57161e+03
8.28214e-02 2.57829e+03
8.30581e-02 2.58533e+03
8.32946e-02 2.59252e+03
8.35312e-02 2.59994e+03
8.37676e-02 2.60743e+03
8.40038e-02 2.61450e+03
8.42400e-02 2.62121e+03
8.44760e-02 2.62827e+03
8.47119e-02 2.63628e+03
8.49476e-02 2.64510e+03
8.51831e-02 2.65420e+03
8.54185e-02 2.66296e+03
8.56538e-02 2.67065e+03
8.58890e-02 2.67681e+03
8.61241e-02 2.68181e+03
8.63591e-02 2.68670e+03
8.65939e-02 2.69246e+03
8.68285e-02 2.69959e+03
8.70630e-02 2.70808e+03
8.72974e-02 2.71743e+03
8.75316e-02 2.72662e+03
8.77657e-02 2.73475e+03
8.79997e-02 2.74169e+03
8.82336e-02 2.74794e+03
8.84674e-02 2.75423e+03
8.87010e-02 2.76125e+03
8.89345e-02 2.76935e+03
8.91678e-02 2.77809e+03
8.94010e-02 2.78644e+03
8.96340e-02 2.79373e+03
8.98670e-02 2.80006e+03
9.00998e-02 2.80586e+03
9.03325e-02 2.81154e+03
9.05650e-02 2.81770e+03
9.07974e-02 2.82504e+03
9.10296e-02 2.83356e+03
9.12617e-02 2.84236e+03
9.14937e-02 2.85067e+03
9.17255e-02 2.85848e+03
9.19573e-02 2.86601e+03
9.21888e-02 2.87323e+03
9.24203e-02 2.88024e+03
9.26517e-02 2.88749e+03
9.28828e-02 2.89511e+03
9.31138e-02 2.90251e+03
9.33447e-02 2.90921e+03
9.35756e-02 2.91553e+03
9.38062e-02 2.92201e+03
9.40367e-02 2.92873e+03
9.42671e-02 2.93562e+03
9.44974e-02 2.94296e+03
9.47276e-02 2.95097e+03
9.49575e-02 2.95922e+03
9.51873e-02 2.96714e+03
9.54171e-02 2.97485e+03
9.56467e-02 2.98290e+03
9.58761e-02 2.99135e+03
9.61054e-02 2.99976e+03
9.63347e-02 3.00772e+03
9.65638e-02 3.01504e+03
9.67928e-02 3.02156e+03
9.70217e-02 3.02729e+03
9.72504e-02 3.03271e+03
9.74791e-02 3.03868e+03
9.77075e-02 3.04586e+03
9.79358e-02 3.05441e+03
9.81640e-02 3.06395e+03
9.83921e-02 3.07364e+03
9.86199e-02 3.08260e+03
9.88477e-02 3.09036e+03
9.90754e-02 3.09705e+03
9.93030e-02 3.10327e+03
9.95305e-02 3.10985e+03
9.97578e-02 3.11751e+03
9.99849e-02 3.12630e+03
1.00000e-01 3.12690e+03
