3-D EmbeddedElt 
Explicit Analysis	1
Embedded Elements	0
VolumeCorrection 	0
1
hexa8
192
1    4    -0.00350 -0.00350 0.00100
2    4    -0.00350 -0.00250 0.00100
3    4    -0.00350 -0.00150 0.00100
4    4    -0.00350 -0.00050 0.00100
5    4    -0.00350 0.00050 0.00100
6    4    -0.00350 0.00150 0.00100
7    4    -0.00350 0.00250 0.00100
8    4    -0.00350 0.00350 0.00100
9    0    -0.00350 -0.00350 0.00050
10   0    -0.00350 -0.00250 0.00050
11   0    -0.00350 -0.00150 0.00050
12   0    -0.00350 -0.00050 0.00050
13   0    -0.00350 0.00050 0.00050
14   0    -0.00350 0.00150 0.00050
15   0    -0.00350 0.00250 0.00050
16   0    -0.00350 0.00350 0.00050
17   4    -0.00350 -0.00350 0.00000
18   4    -0.00350 -0.00250 0.00000
19   4    -0.00350 -0.00150 0.00000
20   4    -0.00350 -0.00050 0.00000
21   4    -0.00350 0.00050 0.00000
22   4    -0.00350 0.00150 0.00000
23   4    -0.00350 0.00250 0.00000
24   4    -0.00350 0.00350 0.00000
25   4    -0.00250 -0.00350 0.00100
26   4    -0.00250 -0.00250 0.00100
27   4    -0.00250 -0.00150 0.00100
28   4    -0.00250 -0.00050 0.00100
29   4    -0.00250 0.00050 0.00100
30   4    -0.00250 0.00150 0.00100
31   4    -0.00250 0.00250 0.00100
32   4    -0.00250 0.00350 0.00100
33   0    -0.00250 -0.00350 0.00050
34   0    -0.00250 -0.00250 0.00050
35   0    -0.00250 -0.00150 0.00050
36   0    -0.00250 -0.00050 0.00050
37   0    -0.00250 0.00050 0.00050
38   0    -0.00250 0.00150 0.00050
39   0    -0.00250 0.00250 0.00050
40   0    -0.00250 0.00350 0.00050
41   4    -0.00250 -0.00350 0.00000
42   4    -0.00250 -0.00250 0.00000
43   4    -0.00250 -0.00150 0.00000
44   4    -0.00250 -0.00050 0.00000
45   4    -0.00250 0.00050 0.00000
46   4    -0.00250 0.00150 0.00000
47   4    -0.00250 0.00250 0.00000
48   4    -0.00250 0.00350 0.00000
49   4    -0.00150 -0.00350 0.00100
50   4    -0.00150 -0.00250 0.00100
51   4    -0.00150 -0.00150 0.00100
52   4    -0.00150 -0.00050 0.00100
53   4    -0.00150 0.00050 0.00100
54   4    -0.00150 0.00150 0.00100
55   4    -0.00150 0.00250 0.00100
56   4    -0.00150 0.00350 0.00100
57   0    -0.00150 -0.00350 0.00050
58   0    -0.00150 -0.00250 0.00050
59   0    -0.00150 -0.00150 0.00050
60   0    -0.00150 -0.00050 0.00050
61   0    -0.00150 0.00050 0.00050
62   0    -0.00150 0.00150 0.00050
63   0    -0.00150 0.00250 0.00050
64   0    -0.00150 0.00350 0.00050
65   4    -0.00150 -0.00350 0.00000
66   4    -0.00150 -0.00250 0.00000
67   4    -0.00150 -0.00150 0.00000
68   4    -0.00150 -0.00050 0.00000
69   4    -0.00150 0.00050 0.00000
70   4    -0.00150 0.00150 0.00000
71   4    -0.00150 0.00250 0.00000
72   4    -0.00150 0.00350 0.00000
73   4    -0.00050 -0.00350 0.00100
74   4    -0.00050 -0.00250 0.00100
75   4    -0.00050 -0.00150 0.00100
76   4    -0.00050 -0.00050 0.00100
77   4    -0.00050 0.00050 0.00100
78   4    -0.00050 0.00150 0.00100
79   4    -0.00050 0.00250 0.00100
80   4    -0.00050 0.00350 0.00100
81   0    -0.00050 -0.00350 0.00050
82   0    -0.00050 -0.00250 0.00050
83   0    -0.00050 -0.00150 0.00050
84   0    -0.00050 -0.00050 0.00050
85   0    -0.00050 0.00050 0.00050
86   0    -0.00050 0.00150 0.00050
87   0    -0.00050 0.00250 0.00050
88   0    -0.00050 0.00350 0.00050
89   4    -0.00050 -0.00350 0.00000
90   4    -0.00050 -0.00250 0.00000
91   4    -0.00050 -0.00150 0.00000
92   4    -0.00050 -0.00050 0.00000
93   4    -0.00050 0.00050 0.00000
94   4    -0.00050 0.00150 0.00000
95   4    -0.00050 0.00250 0.00000
96   4    -0.00050 0.00350 0.00000
97   4    0.00050 -0.00350 0.00100
98   4    0.00050 -0.00250 0.00100
99   4    0.00050 -0.00150 0.00100
100  4    0.00050 -0.00050 0.00100
101  4    0.00050 0.00050 0.00100
102  4    0.00050 0.00150 0.00100
103  4    0.00050 0.00250 0.00100
104  4    0.00050 0.00350 0.00100
105  0    0.00050 -0.00350 0.00050
106  0    0.00050 -0.00250 0.00050
107  0    0.00050 -0.00150 0.00050
108  0    0.00050 -0.00050 0.00050
109  0    0.00050 0.00050 0.00050
110  0    0.00050 0.00150 0.00050
111  0    0.00050 0.00250 0.00050
112  0    0.00050 0.00350 0.00050
113  4    0.00050 -0.00350 0.00000
114  4    0.00050 -0.00250 0.00000
115  4    0.00050 -0.00150 0.00000
116  4    0.00050 -0.00050 0.00000
117  4    0.00050 0.00050 0.00000
118  4    0.00050 0.00150 0.00000
119  4    0.00050 0.00250 0.00000
120  4    0.00050 0.00350 0.00000
121  4    0.00150 -0.00350 0.00100
122  4    0.00150 -0.00250 0.00100
123  4    0.00150 -0.00150 0.00100
124  4    0.00150 -0.00050 0.00100
125  4    0.00150 0.00050 0.00100
126  4    0.00150 0.00150 0.00100
127  4    0.00150 0.00250 0.00100
128  4    0.00150 0.00350 0.00100
129  0    0.00150 -0.00350 0.00050
130  0    0.00150 -0.00250 0.00050
131  0    0.00150 -0.00150 0.00050
132  0    0.00150 -0.00050 0.00050
133  0    0.00150 0.00050 0.00050
134  0    0.00150 0.00150 0.00050
135  0    0.00150 0.00250 0.00050
136  0    0.00150 0.00350 0.00050
137  4    0.00150 -0.00350 0.00000
138  4    0.00150 -0.00250 0.00000
139  4    0.00150 -0.00150 0.00000
140  4    0.00150 -0.00050 0.00000
141  4    0.00150 0.00050 0.00000
142  4    0.00150 0.00150 0.00000
143  4    0.00150 0.00250 0.00000
144  4    0.00150 0.00350 0.00000
145  4    0.00250 -0.00350 0.00100
146  4    0.00250 -0.00250 0.00100
147  4    0.00250 -0.00150 0.00100
148  4    0.00250 -0.00050 0.00100
149  4    0.00250 0.00050 0.00100
150  4    0.00250 0.00150 0.00100
151  4    0.00250 0.00250 0.00100
152  4    0.00250 0.00350 0.00100
153  0    0.00250 -0.00350 0.00050
154  0    0.00250 -0.00250 0.00050
155  0    0.00250 -0.00150 0.00050
156  0    0.00250 -0.00050 0.00050
157  0    0.00250 0.00050 0.00050
158  0    0.00250 0.00150 0.00050
159  0    0.00250 0.00250 0.00050
160  0    0.00250 0.00350 0.00050
161  4    0.00250 -0.00350 0.00000
162  4    0.00250 -0.00250 0.00000
163  4    0.00250 -0.00150 0.00000
164  4    0.00250 -0.00050 0.00000
165  4    0.00250 0.00050 0.00000
166  4    0.00250 0.00150 0.00000
167  4    0.00250 0.00250 0.00000
168  4    0.00250 0.00350 0.00000
169  4    0.00350 -0.00350 0.00100
170  4    0.00350 -0.00250 0.00100
171  4    0.00350 -0.00150 0.00100
172  4    0.00350 -0.00050 0.00100
173  4    0.00350 0.00050 0.00100
174  4    0.00350 0.00150 0.00100
175  4    0.00350 0.00250 0.00100
176  4    0.00350 0.00350 0.00100
177  0    0.00350 -0.00350 0.00050
178  0    0.00350 -0.00250 0.00050
179  0    0.00350 -0.00150 0.00050
180  0    0.00350 -0.00050 0.00050
181  0    0.00350 0.00050 0.00050
182  0    0.00350 0.00150 0.00050
183  0    0.00350 0.00250 0.00050
184  0    0.00350 0.00350 0.00050
185  4    0.00350 -0.00350 0.00000
186  4    0.00350 -0.00250 0.00000
187  4    0.00350 -0.00150 0.00000
188  4    0.00350 -0.00050 0.00000
189  4    0.00350 0.00050 0.00000
190  4    0.00350 0.00150 0.00000
191  4    0.00350 0.00250 0.00000
192  4    0.00350 0.00350 0.00000
98
1   1   0   25  26  34  33  1   2   10  9   
2   1   0   26  27  35  34  2   3   11  10  
3   1   0   27  28  36  35  3   4   12  11  
4   1   0   28  29  37  36  4   5   13  12  
5   1   0   29  30  38  37  5   6   14  13  
6   1   0   30  31  39  38  6   7   15  14  
7   1   0   31  32  40  39  7   8   16  15  
8   1   0   33  34  42  41  9   10  18  17  
9   1   0   34  35  43  42  10  11  19  18  
10  1   0   35  36  44  43  11  12  20  19  
11  1   0   36  37  45  44  12  13  21  20  
12  1   0   37  38  46  45  13  14  22  21  
13  1   0   38  39  47  46  14  15  23  22  
14  1   0   39  40  48  47  15  16  24  23  
15  1   0   49  50  58  57  25  26  34  33  
16  1   0   50  51  59  58  26  27  35  34  
17  1   0   51  52  60  59  27  28  36  35  
18  1   0   52  53  61  60  28  29  37  36  
19  1   0   53  54  62  61  29  30  38  37  
20  1   0   54  55  63  62  30  31  39  38  
21  1   0   55  56  64  63  31  32  40  39  
22  1   0   57  58  66  65  33  34  42  41  
23  1   0   58  59  67  66  34  35  43  42  
24  1   0   59  60  68  67  35  36  44  43  
25  1   0   60  61  69  68  36  37  45  44  
26  1   0   61  62  70  69  37  38  46  45  
27  1   0   62  63  71  70  38  39  47  46  
28  1   0   63  64  72  71  39  40  48  47  
29  1   0   73  74  82  81  49  50  58  57  
30  1   0   74  75  83  82  50  51  59  58  
31  1   0   75  76  84  83  51  52  60  59  
32  1   0   76  77  85  84  52  53  61  60  
33  1   0   77  78  86  85  53  54  62  61  
34  1   0   78  79  87  86  54  55  63  62  
35  1   0   79  80  88  87  55  56  64  63  
36  1   0   81  82  90  89  57  58  66  65  
37  1   0   82  83  91  90  58  59  67  66  
38  1   0   83  84  92  91  59  60  68  67  
39  1   0   84  85  93  92  60  61  69  68  
40  1   0   85  86  94  93  61  62  70  69  
41  1   0   86  87  95  94  62  63  71  70  
42  1   0   87  88  96  95  63  64  72  71  
43  1   0   97  98  106 105 73  74  82  81  
44  1   0   98  99  107 106 74  75  83  82  
45  1   0   99  100 108 107 75  76  84  83  
46  1   0   100 101 109 108 76  77  85  84  
47  1   0   101 102 110 109 77  78  86  85  
48  1   0   102 103 111 110 78  79  87  86  
49  1   0   103 104 112 111 79  80  88  87  
50  1   0   105 106 114 113 81  82  90  89  
51  1   0   106 107 115 114 82  83  91  90  
52  1   0   107 108 116 115 83  84  92  91  
53  1   0   108 109 117 116 84  85  93  92  
54  1   0   109 110 118 117 85  86  94  93  
55  1   0   110 111 119 118 86  87  95  94  
56  1   0   111 112 120 119 87  88  96  95  
57  1   0   121 122 130 129 97  98  106 105 
58  1   0   122 123 131 130 98  99  107 106 
59  1   0   123 124 132 131 99  100 108 107 
60  1   0   124 125 133 132 100 101 109 108 
61  1   0   125 126 134 133 101 102 110 109 
62  1   0   126 127 135 134 102 103 111 110 
63  1   0   127 128 136 135 103 104 112 111 
64  1   0   129 130 138 137 105 106 114 113 
65  1   0   130 131 139 138 106 107 115 114 
66  1   0   131 132 140 139 107 108 116 115 
67  1   0   132 133 141 140 108 109 117 116 
68  1   0   133 134 142 141 109 110 118 117 
69  1   0   134 135 143 142 110 111 119 118 
70  1   0   135 136 144 143 111 112 120 119 
71  1   0   145 146 154 153 121 122 130 129 
72  1   0   146 147 155 154 122 123 131 130 
73  1   0   147 148 156 155 123 124 132 131 
74  1   0   148 149 157 156 124 125 133 132 
75  1   0   149 150 158 157 125 126 134 133 
76  1   0   150 151 159 158 126 127 135 134 
77  1   0   151 152 160 159 127 128 136 135 
78  1   0   153 154 162 161 129 130 138 137 
79  1   0   154 155 163 162 130 131 139 138 
80  1   0   155 156 164 163 131 132 140 139 
81  1   0   156 157 165 164 132 133 141 140 
82  1   0   157 158 166 165 133 134 142 141 
83  1   0   158 159 167 166 134 135 143 142 
84  1   0   159 160 168 167 135 136 144 143 
85  1   0   169 170 178 177 145 146 154 153 
86  1   0   170 171 179 178 146 147 155 154 
87  1   0   171 172 180 179 147 148 156 155 
88  1   0   172 173 181 180 148 149 157 156 
89  1   0   173 174 182 181 149 150 158 157 
90  1   0   174 175 183 182 150 151 159 158 
91  1   0   175 176 184 183 151 152 160 159 
92  1   0   177 178 186 185 153 154 162 161 
93  1   0   178 179 187 186 154 155 163 162 
94  1   0   179 180 188 187 155 156 164 163 
95  1   0   180 181 189 188 156 157 165 164 
96  1   0   181 182 190 189 157 158 166 165 
97  1   0   182 183 191 190 158 159 167 166 
98  1   0   183 184 192 191 159 160 168 167 
1
1 1 7800e6 76.92e9 115.4e9
0.1000
0 64 0 0.0 0.0 0.0
1   3   -0.00030 
2   3   -0.00030 
3   3   -0.00030 
4   3   -0.00030 
5   3   -0.00030 
6   3   -0.00030 
7   3   -0.00030 
8   3   -0.00030 
25  3   -0.00030 
26  3   -0.00030 
27  3   -0.00030 
28  3   -0.00030 
29  3   -0.00030 
30  3   -0.00030 
31  3   -0.00030 
32  3   -0.00030 
49  3   -0.00030 
50  3   -0.00030 
51  3   -0.00030 
52  3   -0.00030 
53  3   -0.00030 
54  3   -0.00030 
55  3   -0.00030 
56  3   -0.00030 
73  3   -0.00030 
74  3   -0.00030 
75  3   -0.00030 
76  3   -0.00030 
77  3   -0.00030 
78  3   -0.00030 
79  3   -0.00030 
80  3   -0.00030 
97  3   -0.00030 
98  3   -0.00030 
99  3   -0.00030 
100 3   -0.00030 
101 3   -0.00030 
102 3   -0.00030 
103 3   -0.00030 
104 3   -0.00030 
121 3   -0.00030 
122 3   -0.00030 
123 3   -0.00030 
124 3   -0.00030 
125 3   -0.00030 
126 3   -0.00030 
127 3   -0.00030 
128 3   -0.00030 
145 3   -0.00030 
146 3   -0.00030 
147 3   -0.00030 
148 3   -0.00030 
149 3   -0.00030 
150 3   -0.00030 
151 3   -0.00030 
152 3   -0.00030 
169 3   -0.00030 
170 3   -0.00030 
171 3   -0.00030 
172 3   -0.00030 
173 3   -0.00030 
174 3   -0.00030 
175 3   -0.00030 
176 3   -0.00030 
1 20.0 1.0 25 1.e-6 0.0 0.0 1 1 3 2