5.61052e-05 3.44209e-05
1.12150e-04 6.56179e-05
1.68205e-04 1.04845e-04
2.24246e-04 1.55698e-04
2.80266e-04 1.75550e-04
3.36289e-04 1.96494e-04
3.92307e-04 2.31838e-04
4.48303e-04 2.45820e-04
5.04298e-04 2.55545e-04
5.60292e-04 2.79000e-04
6.16265e-04 2.89588e-04
6.72240e-04 2.93478e-04
7.28208e-04 3.08723e-04
7.84160e-04 3.17838e-04
8.40108e-04 3.20755e-04
8.96055e-04 3.32477e-04
9.51980e-04 3.41243e-04
1.00790e-03 3.43508e-04
1.06381e-03 3.51787e-04
1.11971e-03 3.59175e-04
1.17560e-03 3.60302e-04
1.23149e-03 3.65069e-04
1.28737e-03 3.70575e-04
1.34324e-03 3.71047e-04
1.39910e-03 3.73794e-04
1.45495e-03 3.79249e-04
1.51079e-03 3.83017e-04
1.56662e-03 3.90059e-04
1.62244e-03 4.01524e-04
1.67824e-03 4.13250e-04
1.73404e-03 4.27802e-04
1.78983e-03 4.45978e-04
1.84561e-03 4.63380e-04
1.90137e-03 4.80889e-04
1.95713e-03 5.00327e-04
2.01288e-03 5.19388e-04
2.06862e-03 5.38501e-04
2.12435e-03 5.58834e-04
2.18007e-03 5.78090e-04
2.23578e-03 5.96122e-04
2.29148e-03 6.14493e-04
2.34717e-03 6.31918e-04
2.40286e-03 6.47784e-04
2.45854e-03 6.63087e-04
2.51421e-03 6.76787e-04
2.56987e-03 6.87898e-04
2.62553e-03 6.97038e-04
2.68117e-03 7.03853e-04
2.73681e-03 7.08133e-04
2.79244e-03 7.11167e-04
2.84806e-03 7.13421e-04
2.90367e-03 7.14783e-04
2.95928e-03 7.15967e-04
3.01487e-03 7.17066e-04
3.07045e-03 7.17659e-04
3.12603e-03 7.18275e-04
3.18160e-03 7.19255e-04
3.23715e-03 7.20227e-04
3.29270e-03 7.21379e-04
3.34824e-03 7.22966e-04
3.40377e-03 7.24647e-04
3.45929e-03 7.26392e-04
3.51480e-03 7.28408e-04
3.57030e-03 7.30563e-04
3.62579e-03 7.32954e-04
3.68127e-03 7.35891e-04
3.73674e-03 7.39422e-04
3.79221e-03 7.43786e-04
3.84766e-03 7.49492e-04
3.90311e-03 7.56783e-04
3.95854e-03 7.65882e-04
4.01396e-03 7.77180e-04
4.06938e-03 7.90740e-04
4.12478e-03 8.06312e-04
4.18017e-03 8.23598e-04
4.23555e-03 8.42027e-04
4.29092e-03 8.60824e-04
4.34628e-03 8.79430e-04
4.40164e-03 8.97453e-04
4.45698e-03 9.14557e-04
4.51232e-03 9.30561e-04
4.56764e-03 9.45334e-04
4.62296e-03 9.58717e-04
4.67827e-03 9.70644e-04
4.73356e-03 9.81085e-04
4.78885e-03 9.89976e-04
4.84414e-03 9.97368e-04
4.89941e-03 1.00344e-03
4.95468e-03 1.00837e-03
5.00994e-03 1.01230e-03
5.06519e-03 1.01542e-03
5.12043e-03 1.01779e-03
5.17566e-03 1.01948e-03
5.23088e-03 1.02061e-03
5.28610e-03 1.02136e-03
5.34131e-03 1.02186e-03
5.39651e-03 1.02226e-03
5.45170e-03 1.02261e-03
5.50688e-03 1.02300e-03
5.56205e-03 1.02355e-03
5.61721e-03 1.02435e-03
5.67236e-03 1.02548e-03
5.72750e-03 1.02706e-03
5.78263e-03 1.02927e-03
5.83775e-03 1.03230e-03
5.89286e-03 1.03632e-03
5.94796e-03 1.04154e-03
6.00305e-03 1.04819e-03
6.05813e-03 1.05651e-03
6.11320e-03 1.06671e-03
6.16826e-03 1.07894e-03
6.22331e-03 1.09320e-03
6.27835e-03 1.10941e-03
6.33338e-03 1.12732e-03
6.38839e-03 1.14662e-03
6.44340e-03 1.16688e-03
6.49839e-03 1.18765e-03
6.55338e-03 1.20846e-03
6.60836e-03 1.22882e-03
6.66333e-03 1.24823e-03
6.71829e-03 1.26624e-03
6.77325e-03 1.28241e-03
6.82819e-03 1.29642e-03
6.88313e-03 1.30807e-03
6.93806e-03 1.31732e-03
6.99299e-03 1.32430e-03
7.04790e-03 1.32929e-03
7.10281e-03 1.33265e-03
7.15771e-03 1.33482e-03
7.21260e-03 1.33620e-03
7.26748e-03 1.33714e-03
7.32235e-03 1.33792e-03
7.37721e-03 1.33873e-03
7.43206e-03 1.33968e-03
7.48691e-03 1.34081e-03
7.54174e-03 1.34209e-03
7.59656e-03 1.34350e-03
7.65138e-03 1.34496e-03
7.70619e-03 1.34643e-03
7.76098e-03 1.34788e-03
7.81577e-03 1.34937e-03
7.87055e-03 1.35106e-03
7.92531e-03 1.35317e-03
7.98007e-03 1.35603e-03
8.03482e-03 1.35996e-03
8.08957e-03 1.36534e-03
8.14430e-03 1.37249e-03
8.19902e-03 1.38169e-03
8.25373e-03 1.39311e-03
8.30843e-03 1.40677e-03
8.36311e-03 1.42252e-03
8.41779e-03 1.44008e-03
8.47246e-03 1.45899e-03
8.52712e-03 1.47870e-03
8.58177e-03 1.49858e-03
8.63641e-03 1.51801e-03
8.69104e-03 1.53648e-03
8.74566e-03 1.55358e-03
8.80028e-03 1.56906e-03
8.85489e-03 1.58276e-03
8.90948e-03 1.59464e-03
8.96407e-03 1.60473e-03
9.01866e-03 1.61316e-03
9.07323e-03 1.62009e-03
9.12779e-03 1.62574e-03
9.18235e-03 1.63030e-03
9.23690e-03 1.63399e-03
9.29144e-03 1.63703e-03
9.34597e-03 1.63957e-03
9.40049e-03 1.64169e-03
9.45500e-03 1.64345e-03
9.50951e-03 1.64487e-03
9.56400e-03 1.64601e-03
9.61849e-03 1.64693e-03
9.67297e-03 1.64772e-03
9.72743e-03 1.64842e-03
9.78189e-03 1.64911e-03
9.83634e-03 1.64984e-03
9.89078e-03 1.65071e-03
9.94521e-03 1.65183e-03
9.99964e-03 1.65337e-03
1.00541e-02 1.65550e-03
1.01085e-02 1.65844e-03
1.01628e-02 1.66238e-03
1.02172e-02 1.66747e-03
1.02716e-02 1.67375e-03
1.03260e-02 1.68125e-03
1.03803e-02 1.68989e-03
1.04347e-02 1.69958e-03
1.04890e-02 1.71025e-03
1.05433e-02 1.72179e-03
1.05976e-02 1.73412e-03
1.06519e-02 1.74713e-03
1.07062e-02 1.76074e-03
1.07605e-02 1.77482e-03
1.08148e-02 1.78922e-03
1.08691e-02 1.80373e-03
1.09233e-02 1.81813e-03
1.09776e-02 1.83214e-03
1.10318e-02 1.84552e-03
1.10860e-02 1.85804e-03
1.11403e-02 1.86951e-03
1.11945e-02 1.87980e-03
1.12487e-02 1.88881e-03
1.13029e-02 1.89652e-03
1.13571e-02 1.90295e-03
1.14113e-02 1.90816e-03
1.14654e-02 1.91229e-03
1.15196e-02 1.91547e-03
1.15738e-02 1.91788e-03
1.16279e-02 1.91969e-03
1.16820e-02 1.92108e-03
1.17362e-02 1.92219e-03
1.17903e-02 1.92317e-03
1.18444e-02 1.92411e-03
1.18985e-02 1.92512e-03
1.19526e-02 1.92623e-03
1.20067e-02 1.92749e-03
1.20608e-02 1.92885e-03
1.21148e-02 1.93031e-03
1.21689e-02 1.93185e-03
1.22229e-02 1.93352e-03
1.22770e-02 1.93541e-03
1.23310e-02 1.93765e-03
1.23850e-02 1.94043e-03
1.24390e-02 1.94393e-03
1.24930e-02 1.94841e-03
1.25470e-02 1.95413e-03
1.26010e-02 1.96132e-03
1.26550e-02 1.97018e-03
1.27089e-02 1.98081e-03
1.27629e-02 1.99324e-03
1.28168e-02 2.00736e-03
1.28707e-02 2.02294e-03
1.29247e-02 2.03963e-03
1.29786e-02 2.05701e-03
1.30325e-02 2.07464e-03
1.30864e-02 2.09208e-03
1.31403e-02 2.10896e-03
1.31941e-02 2.12494e-03
1.32480e-02 2.13973e-03
1.33019e-02 2.15314e-03
1.33557e-02 2.16501e-03
1.34095e-02 2.17531e-03
1.34634e-02 2.18407e-03
1.35172e-02 2.19139e-03
1.35710e-02 2.19741e-03
1.36248e-02 2.20230e-03
1.36786e-02 2.20623e-03
1.37324e-02 2.20933e-03
1.37862e-02 2.21174e-03
1.38400e-02 2.21359e-03
1.38937e-02 2.21498e-03
1.39475e-02 2.21605e-03
1.40012e-02 2.21691e-03
1.40550e-02 2.21766e-03
1.41087e-02 2.21836e-03
1.41624e-02 2.21909e-03
1.42161e-02 2.21991e-03
1.42699e-02 2.22091e-03
1.43235e-02 2.22218e-03
1.43772e-02 2.22384e-03
1.44309e-02 2.22603e-03
1.44846e-02 2.22890e-03
1.45382e-02 2.23260e-03
1.45919e-02 2.23728e-03
1.46455e-02 2.24310e-03
1.46991e-02 2.25019e-03
1.47528e-02 2.25869e-03
1.48064e-02 2.26868e-03
1.48600e-02 2.28017e-03
1.49136e-02 2.29312e-03
1.49671e-02 2.30738e-03
1.50207e-02 2.32272e-03
1.50743e-02 2.33887e-03
1.51278e-02 2.35548e-03
1.51813e-02 2.37224e-03
1.52349e-02 2.38882e-03
1.52884e-02 2.40490e-03
1.53419e-02 2.42019e-03
1.53954e-02 2.43439e-03
1.54489e-02 2.44728e-03
1.55024e-02 2.45868e-03
1.55559e-02 2.46847e-03
1.56094e-02 2.47663e-03
1.56628e-02 2.48325e-03
1.57163e-02 2.48847e-03
1.57697e-02 2.49252e-03
1.58232e-02 2.49564e-03
1.58766e-02 2.49806e-03
1.59300e-02 2.50001e-03
1.59834e-02 2.50166e-03
1.60368e-02 2.50315e-03
1.60902e-02 2.50457e-03
1.61436e-02 2.50599e-03
1.61970e-02 2.50743e-03
1.62504e-02 2.50889e-03
1.63037e-02 2.51034e-03
1.63571e-02 2.51179e-03
1.64104e-02 2.51324e-03
1.64638e-02 2.51475e-03
1.65171e-02 2.51641e-03
1.65704e-02 2.51836e-03
1.66237e-02 2.52075e-03
1.66770e-02 2.52372e-03
1.67303e-02 2.52744e-03
1.67836e-02 2.53203e-03
1.68368e-02 2.53763e-03
1.68901e-02 2.54433e-03
1.69434e-02 2.55220e-03
1.69966e-02 2.56125e-03
1.70498e-02 2.57142e-03
1.71030e-02 2.58260e-03
1.71563e-02 2.59457e-03
1.72095e-02 2.60712e-03
1.72627e-02 2.62000e-03
1.73158e-02 2.63295e-03
1.73690e-02 2.64579e-03
1.74222e-02 2.65836e-03
1.74753e-02 2.67052e-03
1.75285e-02 2.68221e-03
1.75816e-02 2.69336e-03
1.76348e-02 2.70393e-03
1.76879e-02 2.71387e-03
1.77410e-02 2.72317e-03
1.77941e-02 2.73178e-03
1.78472e-02 2.73967e-03
1.79003e-02 2.74680e-03
1.79534e-02 2.75312e-03
1.80064e-02 2.75860e-03
1.80595e-02 2.76322e-03
1.81126e-02 2.76704e-03
1.81656e-02 2.77013e-03
1.82186e-02 2.77262e-03
1.82717e-02 2.77463e-03
1.83247e-02 2.77627e-03
1.83777e-02 2.77766e-03
1.84307e-02 2.77889e-03
1.84837e-02 2.78003e-03
1.85367e-02 2.78118e-03
1.85897e-02 2.78241e-03
1.86426e-02 2.78379e-03
1.86956e-02 2.78538e-03
1.87485e-02 2.78725e-03
1.88015e-02 2.78943e-03
1.88544e-02 2.79195e-03
1.89073e-02 2.79485e-03
1.89603e-02 2.79820e-03
1.90132e-02 2.80208e-03
1.90661e-02 2.80658e-03
1.91189e-02 2.81183e-03
1.91718e-02 2.81792e-03
1.92247e-02 2.82498e-03
1.92775e-02 2.83309e-03
1.93304e-02 2.84232e-03
1.93832e-02 2.85272e-03
1.94360e-02 2.86428e-03
1.94889e-02 2.87692e-03
1.95417e-02 2.89048e-03
1.95945e-02 2.90476e-03
1.96473e-02 2.91945e-03
1.97000e-02 2.93423e-03
1.97528e-02 2.94878e-03
1.98056e-02 2.96279e-03
1.98583e-02 2.97602e-03
1.99111e-02 2.98826e-03
1.99638e-02 2.99939e-03
2.00166e-02 3.00931e-03
2.00693e-02 3.01802e-03
2.01220e-02 3.02552e-03
2.01747e-02 3.03188e-03
2.02274e-02 3.03719e-03
2.02801e-02 3.04156e-03
2.03328e-02 3.04512e-03
2.03854e-02 3.04801e-03
2.04381e-02 3.05036e-03
2.04908e-02 3.05232e-03
2.05434e-02 3.05398e-03
2.05961e-02 3.05545e-03
2.06487e-02 3.05679e-03
2.07013e-02 3.05806e-03
2.07539e-02 3.05931e-03
2.08065e-02 3.06057e-03
2.08591e-02 3.06187e-03
2.09117e-02 3.06326e-03
2.09643e-02 3.06479e-03
2.10168e-02 3.06656e-03
2.10694e-02 3.06868e-03
2.11219e-02 3.07129e-03
2.11745e-02 3.07456e-03
2.12270e-02 3.07869e-03
2.12795e-02 3.08384e-03
2.13321e-02 3.09016e-03
2.13846e-02 3.09777e-03
2.14371e-02 3.10670e-03
2.14895e-02 3.11696e-03
2.15420e-02 3.12847e-03
2.15945e-02 3.14108e-03
2.16469e-02 3.15459e-03
2.16994e-02 3.16874e-03
2.17518e-02 3.18328e-03
2.18042e-02 3.19793e-03
2.18567e-02 3.21242e-03
2.19091e-02 3.22651e-03
2.19615e-02 3.24000e-03
2.20139e-02 3.25272e-03
2.20662e-02 3.26453e-03
2.21186e-02 3.27533e-03
2.21710e-02 3.28507e-03
2.22234e-02 3.29370e-03
2.22757e-02 3.30124e-03
2.23281e-02 3.30772e-03
2.23804e-02 3.31320e-03
2.24327e-02 3.31777e-03
2.24850e-02 3.32156e-03
2.25373e-02 3.32469e-03
2.25896e-02 3.32729e-03
2.26419e-02 3.32947e-03
2.26942e-02 3.33134e-03
2.27465e-02 3.33299e-03
2.27988e-02 3.33451e-03
2.28510e-02 3.33595e-03
2.29033e-02 3.33737e-03
2.29555e-02 3.33882e-03
2.30078e-02 3.34034e-03
2.30600e-02 3.34198e-03
2.31122e-02 3.34380e-03
2.31644e-02 3.34585e-03
2.32166e-02 3.34821e-03
2.32688e-02 3.35095e-03
2.33210e-02 3.35417e-03
2.33731e-02 3.35793e-03
2.34253e-02 3.36234e-03
2.34775e-02 3.36747e-03
2.35296e-02 3.37337e-03
2.35817e-02 3.38011e-03
2.36339e-02 3.38769e-03
2.36860e-02 3.39609e-03
2.37381e-02 3.40529e-03
2.37902e-02 3.41519e-03
2.38423e-02 3.42568e-03
2.38943e-02 3.43665e-03
2.39464e-02 3.44795e-03
2.39985e-02 3.45945e-03
2.40505e-02 3.47101e-03
2.41026e-02 3.48251e-03
2.41546e-02 3.49382e-03
2.42066e-02 3.50484e-03
2.42586e-02 3.51545e-03
2.43106e-02 3.52555e-03
2.43626e-02 3.53508e-03
2.44146e-02 3.54396e-03
2.44666e-02 3.55215e-03
2.45186e-02 3.55963e-03
2.45706e-02 3.56638e-03
2.46225e-02 3.57242e-03
2.46745e-02 3.57776e-03
2.47264e-02 3.58247e-03
2.47784e-02 3.58659e-03
2.48303e-02 3.59019e-03
2.48822e-02 3.59334e-03
2.49341e-02 3.59612e-03
2.49860e-02 3.59859e-03
2.50379e-02 3.60081e-03
2.50898e-02 3.60283e-03
2.51417e-02 3.60471e-03
2.51935e-02 3.60649e-03
2.52454e-02 3.60822e-03
2.52972e-02 3.60995e-03
2.53491e-02 3.61172e-03
2.54009e-02 3.61359e-03
2.54527e-02 3.61562e-03
2.55045e-02 3.61786e-03
2.55563e-02 3.62037e-03
2.56081e-02 3.62325e-03
2.56599e-02 3.62656e-03
2.57117e-02 3.63038e-03
2.57635e-02 3.63481e-03
2.58152e-02 3.63993e-03
2.58670e-02 3.64581e-03
2.59187e-02 3.65251e-03
2.59704e-02 3.66010e-03
2.60222e-02 3.66860e-03
2.60739e-02 3.67799e-03
2.61256e-02 3.68825e-03
2.61773e-02 3.69928e-03
2.62290e-02 3.71098e-03
2.62806e-02 3.72318e-03
2.63323e-02 3.73574e-03
2.63840e-02 3.74845e-03
2.64356e-02 3.76115e-03
2.64872e-02 3.77365e-03
2.65389e-02 3.78578e-03
2.65905e-02 3.79738e-03
2.66421e-02 3.80832e-03
2.66937e-02 3.81848e-03
2.67453e-02 3.82775e-03
2.67969e-02 3.83608e-03
2.68485e-02 3.84344e-03
2.69001e-02 3.84982e-03
2.69516e-02 3.85526e-03
2.70032e-02 3.85983e-03
2.70547e-02 3.86361e-03
2.71063e-02 3.86673e-03
2.71578e-02 3.86929e-03
2.72093e-02 3.87145e-03
2.72609e-02 3.87331e-03
2.73124e-02 3.87499e-03
2.73639e-02 3.87658e-03
2.74154e-02 3.87815e-03
2.74668e-02 3.87975e-03
2.75183e-02 3.88141e-03
2.75698e-02 3.88315e-03
2.76212e-02 3.88501e-03
2.76727e-02 3.88701e-03
2.77241e-02 3.88919e-03
2.77755e-02 3.89164e-03
2.78270e-02 3.89443e-03
2.78784e-02 3.89768e-03
2.79298e-02 3.90150e-03
2.79812e-02 3.90601e-03
2.80326e-02 3.91134e-03
2.80839e-02 3.91759e-03
2.81353e-02 3.92483e-03
2.81867e-02 3.93310e-03
2.82380e-02 3.94238e-03
2.82894e-02 3.95263e-03
2.83407e-02 3.96373e-03
2.83920e-02 3.97555e-03
2.84433e-02 3.98792e-03
2.84946e-02 4.00064e-03
2.85459e-02 4.01352e-03
2.85972e-02 4.02634e-03
2.86485e-02 4.03890e-03
2.86997e-02 4.05102e-03
2.87510e-02 4.06254e-03
2.88023e-02 4.07334e-03
2.88535e-02 4.08331e-03
2.89047e-02 4.09240e-03
2.89560e-02 4.10060e-03
2.90072e-02 4.10790e-03
2.90584e-02 4.11435e-03
2.91096e-02 4.12002e-03
2.91608e-02 4.12498e-03
2.92120e-02 4.12932e-03
2.92632e-02 4.13314e-03
2.93143e-02 4.13651e-03
2.93655e-02 4.13952e-03
2.94166e-02 4.14222e-03
2.94678e-02 4.14469e-03
2.95189e-02 4.14697e-03
2.95701e-02 4.14910e-03
2.96212e-02 4.15112e-03
2.96723e-02 4.15306e-03
2.97234e-02 4.15497e-03
2.97745e-02 4.15689e-03
2.98256e-02 4.15888e-03
2.98766e-02 4.16101e-03
2.99277e-02 4.16335e-03
2.99788e-02 4.16595e-03
3.00298e-02 4.16891e-03
3.00809e-02 4.17229e-03
3.01319e-02 4.17616e-03
3.01829e-02 4.18059e-03
3.02339e-02 4.18562e-03
3.02849e-02 4.19127e-03
3.03359e-02 4.19754e-03
3.03869e-02 4.20441e-03
3.04379e-02 4.21184e-03
3.04889e-02 4.21977e-03
3.05398e-02 4.22814e-03
3.05908e-02 4.23691e-03
3.06417e-02 4.24603e-03
3.06927e-02 4.25545e-03
3.07436e-02 4.26513e-03
3.07945e-02 4.27503e-03
3.08454e-02 4.28510e-03
3.08963e-02 4.29526e-03
3.09472e-02 4.30544e-03
3.09981e-02 4.31556e-03
3.10490e-02 4.32550e-03
3.10998e-02 4.33516e-03
3.11507e-02 4.34443e-03
3.12015e-02 4.35322e-03
3.12524e-02 4.36145e-03
3.13032e-02 4.36908e-03
3.13540e-02 4.37606e-03
3.14049e-02 4.38241e-03
3.14557e-02 4.38815e-03
3.15065e-02 4.39330e-03
3.15573e-02 4.39792e-03
3.16081e-02 4.40206e-03
3.16588e-02 4.40578e-03
3.17096e-02 4.40911e-03
3.17604e-02 4.41212e-03
3.18111e-02 4.41486e-03
3.18618e-02 4.41739e-03
3.19126e-02 4.41974e-03
3.19633e-02 4.42197e-03
3.20140e-02 4.42412e-03
3.20647e-02 4.42622e-03
3.21154e-02 4.42832e-03
3.21661e-02 4.43047e-03
3.22168e-02 4.43270e-03
3.22675e-02 4.43508e-03
3.23181e-02 4.43767e-03
3.23688e-02 4.44051e-03
3.24195e-02 4.44367e-03
3.24701e-02 4.44722e-03
3.25207e-02 4.45121e-03
3.25713e-02 4.45573e-03
3.26220e-02 4.46082e-03
3.26726e-02 4.46656e-03
3.27232e-02 4.47300e-03
3.27737e-02 4.48017e-03
3.28243e-02 4.48808e-03
3.28749e-02 4.49674e-03
3.29255e-02 4.50610e-03
3.29760e-02 4.51611e-03
3.30265e-02 4.52668e-03
3.30771e-02 4.53772e-03
3.31276e-02 4.54910e-03
3.31781e-02 4.56071e-03
3.32286e-02 4.57240e-03
3.32791e-02 4.58402e-03
3.33296e-02 4.59542e-03
3.33801e-02 4.60646e-03
3.34306e-02 4.61699e-03
3.34810e-02 4.62689e-03
3.35315e-02 4.63608e-03
3.35819e-02 4.64447e-03
3.36324e-02 4.65204e-03
3.36828e-02 4.65877e-03
3.37332e-02 4.66468e-03
3.37837e-02 4.66984e-03
3.38341e-02 4.67431e-03
3.38845e-02 4.67817e-03
3.39349e-02 4.68153e-03
3.39852e-02 4.68448e-03
3.40356e-02 4.68710e-03
3.40860e-02 4.68948e-03
3.41363e-02 4.69168e-03
3.41867e-02 4.69375e-03
3.42370e-02 4.69574e-03
3.42874e-02 4.69769e-03
3.43377e-02 4.69964e-03
3.43880e-02 4.70163e-03
3.44383e-02 4.70370e-03
3.44886e-02 4.70591e-03
3.45389e-02 4.70833e-03
3.45892e-02 4.71103e-03
3.46395e-02 4.71409e-03
3.46897e-02 4.71758e-03
3.47400e-02 4.72159e-03
3.47902e-02 4.72617e-03
3.48405e-02 4.73139e-03
3.48907e-02 4.73730e-03
3.49409e-02 4.74391e-03
3.49911e-02 4.75124e-03
3.50414e-02 4.75926e-03
3.50915e-02 4.76794e-03
3.51417e-02 4.77722e-03
3.51919e-02 4.78704e-03
3.52421e-02 4.79730e-03
3.52922e-02 4.80790e-03
3.53424e-02 4.81872e-03
3.53925e-02 4.82964e-03
3.54427e-02 4.84052e-03
3.54928e-02 4.85124e-03
3.55429e-02 4.86169e-03
3.55930e-02 4.87174e-03
3.56431e-02 4.88133e-03
3.56932e-02 4.89036e-03
3.57433e-02 4.89881e-03
3.57934e-02 4.90663e-03
3.58435e-02 4.91384e-03
3.58935e-02 4.92044e-03
3.59436e-02 4.92646e-03
3.59936e-02 4.93194e-03
3.60437e-02 4.93693e-03
3.60937e-02 4.94149e-03
3.61437e-02 4.94565e-03
3.61937e-02 4.94947e-03
3.62437e-02 4.95298e-03
3.62937e-02 4.95622e-03
3.63437e-02 4.95923e-03
3.63937e-02 4.96203e-03
3.64437e-02 4.96468e-03
3.64936e-02 4.96721e-03
3.65436e-02 4.96967e-03
3.65935e-02 4.97210e-03
3.66435e-02 4.97454e-03
3.66934e-02 4.97706e-03
3.67433e-02 4.97970e-03
3.67932e-02 4.98251e-03
3.68431e-02 4.98554e-03
3.68930e-02 4.98881e-03
3.69429e-02 4.99238e-03
3.69928e-02 4.99625e-03
3.70427e-02 5.00046e-03
3.70925e-02 5.00502e-03
3.71424e-02 5.00994e-03
3.71922e-02 5.01525e-03
3.72421e-02 5.02096e-03
3.72919e-02 5.02709e-03
3.73417e-02 5.03367e-03
3.73915e-02 5.04070e-03
3.74413e-02 5.04818e-03
3.74911e-02 5.05612e-03
3.75409e-02 5.06448e-03
3.75907e-02 5.07322e-03
3.76404e-02 5.08228e-03
3.76902e-02 5.09160e-03
3.77399e-02 5.10110e-03
3.77897e-02 5.11069e-03
3.78394e-02 5.12030e-03
3.78891e-02 5.12985e-03
3.79389e-02 5.13925e-03
3.79886e-02 5.14845e-03
3.80383e-02 5.15739e-03
3.80880e-02 5.16602e-03
3.81376e-02 5.17429e-03
3.81873e-02 5.18216e-03
3.82370e-02 5.18959e-03
3.82866e-02 5.19656e-03
3.83363e-02 5.20303e-03
3.83859e-02 5.20899e-03
3.84356e-02 5.21443e-03
3.84852e-02 5.21935e-03
3.85348e-02 5.22378e-03
3.85844e-02 5.22776e-03
3.86340e-02 5.23131e-03
3.86836e-02 5.23451e-03
3.87332e-02 5.23741e-03
3.87828e-02 5.24007e-03
3.88324e-02 5.24255e-03
3.88819e-02 5.24493e-03
3.89315e-02 5.24724e-03
3.89810e-02 5.24954e-03
3.90305e-02 5.25188e-03
3.90801e-02 5.25429e-03
3.91296e-02 5.25682e-03
3.91791e-02 5.25950e-03
3.92286e-02 5.26236e-03
3.92781e-02 5.26546e-03
3.93276e-02 5.26884e-03
3.93771e-02 5.27256e-03
3.94265e-02 5.27668e-03
3.94760e-02 5.28126e-03
3.95254e-02 5.28635e-03
3.95749e-02 5.29202e-03
3.96243e-02 5.29830e-03
3.96738e-02 5.30523e-03
3.97232e-02 5.31280e-03
3.97726e-02 5.32102e-03
3.98220e-02 5.32984e-03
3.98714e-02 5.33923e-03
3.99208e-02 5.34911e-03
3.99701e-02 5.35939e-03
4.00195e-02 5.36996e-03
4.00688e-02 5.38072e-03
4.01182e-02 5.39154e-03
4.01675e-02 5.40230e-03
4.02169e-02 5.41289e-03
4.02662e-02 5.42317e-03
4.03155e-02 5.43305e-03
4.03648e-02 5.44243e-03
4.04141e-02 5.45124e-03
4.04634e-02 5.45944e-03
4.05127e-02 5.46698e-03
4.05620e-02 5.47387e-03
4.06112e-02 5.48012e-03
4.06605e-02 5.48576e-03
4.07097e-02 5.49084e-03
4.07590e-02 5.49541e-03
4.08082e-02 5.49953e-03
4.08575e-02 5.50327e-03
4.09067e-02 5.50667e-03
4.09559e-02 5.50981e-03
4.10051e-02 5.51273e-03
4.10543e-02 5.51548e-03
4.11035e-02 5.51810e-03
4.11526e-02 5.52064e-03
4.12018e-02 5.52312e-03
4.12510e-02 5.52558e-03
4.13001e-02 5.52805e-03
4.13493e-02 5.53059e-03
4.13984e-02 5.53324e-03
4.14475e-02 5.53603e-03
4.14967e-02 5.53904e-03
4.15458e-02 5.54232e-03
4.15949e-02 5.54591e-03
4.16440e-02 5.54988e-03
4.16931e-02 5.55426e-03
4.17421e-02 5.55909e-03
4.17912e-02 5.56442e-03
4.18403e-02 5.57024e-03
4.18893e-02 5.57658e-03
4.19384e-02 5.58341e-03
4.19874e-02 5.59072e-03
4.20364e-02 5.59847e-03
4.20855e-02 5.60661e-03
4.21345e-02 5.61506e-03
4.21835e-02 5.62377e-03
4.22325e-02 5.63267e-03
4.22815e-02 5.64169e-03
4.23304e-02 5.65078e-03
4.23794e-02 5.65987e-03
4.24284e-02 5.66891e-03
4.24773e-02 5.67786e-03
4.25263e-02 5.68667e-03
4.25752e-02 5.69530e-03
4.26241e-02 5.70371e-03
4.26730e-02 5.71187e-03
4.27220e-02 5.71974e-03
4.27709e-02 5.72729e-03
4.28198e-02 5.73449e-03
4.28686e-02 5.74133e-03
4.29175e-02 5.74777e-03
4.29664e-02 5.75382e-03
4.30153e-02 5.75947e-03
4.30641e-02 5.76473e-03
4.31130e-02 5.76962e-03
4.31618e-02 5.77417e-03
4.32106e-02 5.77841e-03
4.32595e-02 5.78237e-03
4.33083e-02 5.78610e-03
4.33571e-02 5.78961e-03
4.34059e-02 5.79297e-03
4.34547e-02 5.79619e-03
4.35035e-02 5.79930e-03
4.35522e-02 5.80235e-03
4.36010e-02 5.80535e-03
4.36498e-02 5.80833e-03
4.36985e-02 5.81131e-03
4.37472e-02 5.81432e-03
4.37960e-02 5.81737e-03
4.38447e-02 5.82051e-03
4.38934e-02 5.82376e-03
4.39421e-02 5.82717e-03
4.39908e-02 5.83078e-03
4.40395e-02 5.83464e-03
4.40882e-02 5.83879e-03
4.41369e-02 5.84328e-03
4.41856e-02 5.84814e-03
4.42342e-02 5.85340e-03
4.42829e-02 5.85907e-03
4.43315e-02 5.86518e-03
4.43801e-02 5.87171e-03
4.44288e-02 5.87867e-03
4.44774e-02 5.88605e-03
4.45260e-02 5.89383e-03
4.45746e-02 5.90199e-03
4.46232e-02 5.91051e-03
4.46718e-02 5.91935e-03
4.47203e-02 5.92847e-03
4.47689e-02 5.93782e-03
4.48175e-02 5.94733e-03
4.48660e-02 5.95694e-03
4.49146e-02 5.96656e-03
4.49631e-02 5.97610e-03
4.50116e-02 5.98547e-03
4.50601e-02 5.99459e-03
4.51086e-02 6.00337e-03
4.51571e-02 6.01174e-03
4.52056e-02 6.01964e-03
4.52541e-02 6.02704e-03
4.53026e-02 6.03392e-03
4.53511e-02 6.04028e-03
4.53995e-02 6.04611e-03
4.54480e-02 6.05146e-03
4.54964e-02 6.05633e-03
4.55449e-02 6.06079e-03
4.55933e-02 6.06487e-03
4.56417e-02 6.06862e-03
4.56901e-02 6.07209e-03
4.57385e-02 6.07531e-03
4.57869e-02 6.07834e-03
4.58353e-02 6.08120e-03
4.58837e-02 6.08395e-03
4.59321e-02 6.08660e-03
4.59805e-02 6.08921e-03
4.60288e-02 6.09182e-03
4.60772e-02 6.09446e-03
4.61255e-02 6.09719e-03
4.61738e-02 6.10005e-03
4.62222e-02 6.10309e-03
4.62705e-02 6.10636e-03
4.63188e-02 6.10990e-03
4.63671e-02 6.11378e-03
4.64154e-02 6.11801e-03
4.64637e-02 6.12266e-03
4.65119e-02 6.12774e-03
4.65602e-02 6.13329e-03
4.66085e-02 6.13933e-03
4.66567e-02 6.14587e-03
4.67050e-02 6.15290e-03
4.67532e-02 6.16043e-03
4.68014e-02 6.16842e-03
4.68496e-02 6.17685e-03
4.68978e-02 6.18566e-03
4.69460e-02 6.19480e-03
4.69942e-02 6.20418e-03
4.70424e-02 6.21373e-03
4.70906e-02 6.22334e-03
4.71388e-02 6.23292e-03
4.71869e-02 6.24239e-03
4.72351e-02 6.25164e-03
4.72832e-02 6.26063e-03
4.73314e-02 6.26928e-03
4.73795e-02 6.27757e-03
4.74276e-02 6.28547e-03
4.74757e-02 6.29297e-03
4.75238e-02 6.30007e-03
4.75719e-02 6.30678e-03
4.76200e-02 6.31310e-03
4.76681e-02 6.31906e-03
4.77162e-02 6.32465e-03
4.77642e-02 6.32990e-03
4.78123e-02 6.33482e-03
4.78603e-02 6.33943e-03
4.79084e-02 6.34374e-03
4.79564e-02 6.34779e-03
4.80044e-02 6.35159e-03
4.80524e-02 6.35518e-03
4.81005e-02 6.35860e-03
4.81485e-02 6.36188e-03
4.81964e-02 6.36506e-03
4.82444e-02 6.36817e-03
4.82924e-02 6.37127e-03
4.83404e-02 6.37438e-03
4.83883e-02 6.37755e-03
4.84363e-02 6.38080e-03
4.84842e-02 6.38415e-03
4.85322e-02 6.38764e-03
4.85801e-02 6.39129e-03
4.86280e-02 6.39511e-03
4.86759e-02 6.39912e-03
4.87238e-02 6.40335e-03
4.87717e-02 6.40779e-03
4.88196e-02 6.41248e-03
4.88675e-02 6.41743e-03
4.89154e-02 6.42265e-03
4.89632e-02 6.42816e-03
4.90111e-02 6.43398e-03
4.90589e-02 6.44011e-03
4.91068e-02 6.44657e-03
4.91546e-02 6.45334e-03
4.92024e-02 6.46042e-03
4.92502e-02 6.46779e-03
4.92981e-02 6.47542e-03
4.93459e-02 6.48328e-03
4.93936e-02 6.49133e-03
4.94414e-02 6.49955e-03
4.94892e-02 6.50787e-03
4.95370e-02 6.51628e-03
4.95847e-02 6.52473e-03
4.96325e-02 6.53317e-03
4.96802e-02 6.54158e-03
4.97279e-02 6.54991e-03
4.97757e-02 6.55813e-03
4.98234e-02 6.56619e-03
4.98711e-02 6.57405e-03
4.99188e-02 6.58169e-03
4.99665e-02 6.58906e-03
5.00142e-02 6.59614e-03
5.00619e-02 6.60289e-03
5.01095e-02 6.60930e-03
5.01572e-02 6.61534e-03
5.02048e-02 6.62102e-03
5.02525e-02 6.62633e-03
5.03001e-02 6.63129e-03
5.03478e-02 6.63590e-03
5.03954e-02 6.64020e-03
5.04430e-02 6.64420e-03
5.04906e-02 6.64795e-03
5.05382e-02 6.65148e-03
5.05858e-02 6.65483e-03
5.06334e-02 6.65804e-03
5.06809e-02 6.66115e-03
5.07285e-02 6.66419e-03
5.07761e-02 6.66721e-03
5.08236e-02 6.67024e-03
5.08712e-02 6.67331e-03
5.09187e-02 6.67644e-03
5.09662e-02 6.67967e-03
5.10137e-02 6.68303e-03
5.10613e-02 6.68654e-03
5.11088e-02 6.69024e-03
5.11562e-02 6.69417e-03
5.12037e-02 6.69836e-03
5.12512e-02 6.70287e-03
5.12987e-02 6.70772e-03
5.13461e-02 6.71295e-03
5.13936e-02 6.71860e-03
5.14410e-02 6.72469e-03
5.14885e-02 6.73123e-03
5.15359e-02 6.73823e-03
5.15833e-02 6.74566e-03
5.16307e-02 6.75352e-03
5.16782e-02 6.76176e-03
5.17255e-02 6.77033e-03
5.17729e-02 6.77919e-03
5.18203e-02 6.78827e-03
5.18677e-02 6.79751e-03
5.19151e-02 6.80683e-03
5.19624e-02 6.81617e-03
5.20098e-02 6.82545e-03
5.20571e-02 6.83461e-03
5.21044e-02 6.84357e-03
5.21518e-02 6.85228e-03
5.21991e-02 6.86067e-03
5.22464e-02 6.86870e-03
5.22937e-02 6.87634e-03
5.23410e-02 6.88356e-03
5.23883e-02 6.89034e-03
5.24355e-02 6.89669e-03
5.24828e-02 6.90263e-03
5.25301e-02 6.90816e-03
5.25773e-02 6.91331e-03
5.26246e-02 6.91813e-03
5.26718e-02 6.92264e-03
5.27190e-02 6.92688e-03
5.27663e-02 6.93089e-03
5.28135e-02 6.93471e-03
5.28607e-02 6.93837e-03
5.29079e-02 6.94189e-03
5.29551e-02 6.94531e-03
5.30023e-02 6.94864e-03
5.30494e-02 6.95191e-03
5.30966e-02 6.95514e-03
5.31438e-02 6.95836e-03
5.31909e-02 6.96160e-03
5.32381e-02 6.96488e-03
5.32852e-02 6.96825e-03
5.33323e-02 6.97174e-03
5.33795e-02 6.97539e-03
5.34266e-02 6.97925e-03
5.34737e-02 6.98334e-03
5.35208e-02 6.98769e-03
5.35679e-02 6.99234e-03
5.36149e-02 6.99731e-03
5.36620e-02 7.00259e-03
5.37091e-02 7.00820e-03
5.37561e-02 7.01411e-03
5.38032e-02 7.02033e-03
5.38502e-02 7.02682e-03
5.38973e-02 7.03356e-03
5.39443e-02 7.04054e-03
5.39913e-02 7.04772e-03
5.40383e-02 7.05509e-03
5.40853e-02 7.06262e-03
5.41323e-02 7.07031e-03
5.41793e-02 7.07813e-03
5.42263e-02 7.08606e-03
5.42732e-02 7.09408e-03
5.43202e-02 7.10215e-03
5.43671e-02 7.11024e-03
5.44141e-02 7.11832e-03
5.44610e-02 7.12635e-03
5.45079e-02 7.13428e-03
5.45549e-02 7.14208e-03
5.46018e-02 7.14970e-03
5.46487e-02 7.15713e-03
5.46956e-02 7.16434e-03
5.47425e-02 7.17132e-03
5.47894e-02 7.17806e-03
5.48362e-02 7.18456e-03
5.48831e-02 7.19081e-03
5.49300e-02 7.19683e-03
5.49768e-02 7.20260e-03
5.50237e-02 7.20814e-03
5.50705e-02 7.21345e-03
5.51173e-02 7.21853e-03
5.51641e-02 7.22337e-03
5.52109e-02 7.22798e-03
5.52578e-02 7.23238e-03
5.53045e-02 7.23657e-03
5.53513e-02 7.24057e-03
5.53981e-02 7.24440e-03
5.54449e-02 7.24808e-03
5.54917e-02 7.25166e-03
5.55384e-02 7.25514e-03
5.55852e-02 7.25858e-03
5.56319e-02 7.26199e-03
5.56786e-02 7.26542e-03
5.57254e-02 7.26889e-03
5.57721e-02 7.27244e-03
5.58188e-02 7.27609e-03
5.58655e-02 7.27987e-03
5.59122e-02 7.28380e-03
5.59589e-02 7.28789e-03
5.60056e-02 7.29217e-03
5.60522e-02 7.29664e-03
5.60989e-02 7.30134e-03
5.61455e-02 7.30629e-03
5.61922e-02 7.31150e-03
5.62388e-02 7.31701e-03
5.62855e-02 7.32283e-03
5.63321e-02 7.32899e-03
5.63787e-02 7.33551e-03
5.64253e-02 7.34238e-03
5.64719e-02 7.34962e-03
5.65185e-02 7.35719e-03
5.65651e-02 7.36508e-03
5.66117e-02 7.37325e-03
5.66582e-02 7.38166e-03
5.67048e-02 7.39026e-03
5.67513e-02 7.39899e-03
5.67979e-02 7.40779e-03
5.68444e-02 7.41661e-03
5.68909e-02 7.42540e-03
5.69375e-02 7.43410e-03
5.69840e-02 7.44265e-03
5.70305e-02 7.45102e-03
5.70770e-02 7.45915e-03
5.71234e-02 7.46702e-03
5.71699e-02 7.47458e-03
5.72164e-02 7.48180e-03
5.72629e-02 7.48867e-03
5.73093e-02 7.49517e-03
5.73558e-02 7.50130e-03
5.74022e-02 7.50706e-03
5.74487e-02 7.51245e-03
5.74951e-02 7.51751e-03
5.75415e-02 7.52225e-03
5.75879e-02 7.52671e-03
5.76343e-02 7.53092e-03
5.76807e-02 7.53492e-03
5.77271e-02 7.53873e-03
5.77735e-02 7.54241e-03
5.78199e-02 7.54597e-03
5.78662e-02 7.54945e-03
5.79126e-02 7.55287e-03
5.79589e-02 7.55627e-03
5.80053e-02 7.55966e-03
5.80516e-02 7.56307e-03
5.80979e-02 7.56652e-03
5.81443e-02 7.57005e-03
5.81906e-02 7.57367e-03
5.82369e-02 7.57742e-03
5.82832e-02 7.58133e-03
5.83294e-02 7.58542e-03
5.83757e-02 7.58974e-03
5.84220e-02 7.59430e-03
5.84683e-02 7.59915e-03
5.85145e-02 7.60429e-03
5.85608e-02 7.60974e-03
5.86070e-02 7.61551e-03
5.86532e-02 7.62161e-03
5.86995e-02 7.62802e-03
5.87457e-02 7.63474e-03
5.87919e-02 7.64172e-03
5.88381e-02 7.64896e-03
5.88843e-02 7.65641e-03
5.89305e-02 7.66403e-03
5.89766e-02 7.67180e-03
5.90228e-02 7.67967e-03
5.90690e-02 7.68761e-03
5.91151e-02 7.69559e-03
5.91613e-02 7.70359e-03
5.92074e-02 7.71157e-03
5.92535e-02 7.71952e-03
5.92997e-02 7.72740e-03
5.93458e-02 7.73521e-03
5.93919e-02 7.74290e-03
5.94380e-02 7.75047e-03
5.94841e-02 7.75787e-03
5.95302e-02 7.76510e-03
5.95762e-02 7.77213e-03
5.96223e-02 7.77895e-03
5.96684e-02 7.78554e-03
5.97144e-02 7.79190e-03
5.97605e-02 7.79801e-03
5.98065e-02 7.80389e-03
5.98525e-02 7.80953e-03
5.98986e-02 7.81496e-03
5.99446e-02 7.82017e-03
5.99906e-02 7.82519e-03
6.00366e-02 7.83003e-03
6.00826e-02 7.83470e-03
6.01286e-02 7.83922e-03
6.01745e-02 7.84360e-03
6.02205e-02 7.84786e-03
6.02665e-02 7.85201e-03
6.03124e-02 7.85607e-03
6.03584e-02 7.86006e-03
6.04043e-02 7.86398e-03
6.04502e-02 7.86785e-03
6.04962e-02 7.87169e-03
6.05421e-02 7.87551e-03
6.05880e-02 7.87934e-03
6.06339e-02 7.88319e-03
6.06798e-02 7.88709e-03
6.07257e-02 7.89106e-03
6.07715e-02 7.89513e-03
6.08174e-02 7.89933e-03
6.08633e-02 7.90369e-03
6.09091e-02 7.90822e-03
6.09550e-02 7.91294e-03
6.10008e-02 7.91787e-03
6.10466e-02 7.92302e-03
6.10925e-02 7.92840e-03
6.11383e-02 7.93401e-03
6.11841e-02 7.93985e-03
6.12299e-02 7.94594e-03
6.12757e-02 7.95226e-03
6.13214e-02 7.95883e-03
6.13672e-02 7.96565e-03
6.14130e-02 7.97271e-03
6.14587e-02 7.98001e-03
6.15045e-02 7.98755e-03
6.15502e-02 7.99529e-03
6.15960e-02 8.00323e-03
6.16417e-02 8.01133e-03
6.16874e-02 8.01956e-03
6.17331e-02 8.02788e-03
6.17788e-02 8.03624e-03
6.18245e-02 8.04459e-03
6.18702e-02 8.05289e-03
6.19159e-02 8.06109e-03
6.19616e-02 8.06915e-03
6.20073e-02 8.07702e-03
6.20529e-02 8.08467e-03
6.20986e-02 8.09207e-03
6.21442e-02 8.09920e-03
6.21898e-02 8.10605e-03
6.22355e-02 8.11259e-03
6.22811e-02 8.11884e-03
6.23267e-02 8.12478e-03
6.23723e-02 8.13042e-03
6.24179e-02 8.13577e-03
6.24635e-02 8.14085e-03
6.25091e-02 8.14567e-03
6.25547e-02 8.15025e-03
6.26002e-02 8.15460e-03
6.26458e-02 8.15876e-03
6.26913e-02 8.16275e-03
6.27369e-02 8.16660e-03
6.27824e-02 8.17033e-03
6.28280e-02 8.17398e-03
6.28735e-02 8.17757e-03
6.29190e-02 8.18115e-03
6.29645e-02 8.18473e-03
6.30100e-02 8.18834e-03
6.30555e-02 8.19202e-03
6.31010e-02 8.19578e-03
6.31465e-02 8.19966e-03
6.31919e-02 8.20368e-03
6.32374e-02 8.20785e-03
6.32828e-02 8.21219e-03
6.33283e-02 8.21673e-03
6.33737e-02 8.22148e-03
6.34191e-02 8.22645e-03
6.34646e-02 8.23168e-03
6.35100e-02 8.23716e-03
6.35554e-02 8.24291e-03
6.36008e-02 8.24895e-03
6.36462e-02 8.25527e-03
6.36916e-02 8.26187e-03
6.37369e-02 8.26874e-03
6.37823e-02 8.27587e-03
6.38277e-02 8.28324e-03
6.38730e-02 8.29081e-03
6.39184e-02 8.29854e-03
6.39637e-02 8.30640e-03
6.40090e-02 8.31435e-03
6.40544e-02 8.32235e-03
6.40997e-02 8.33035e-03
6.41450e-02 8.33832e-03
6.41903e-02 8.34624e-03
6.42356e-02 8.35408e-03
6.42809e-02 8.36182e-03
6.43261e-02 8.36944e-03
6.43714e-02 8.37695e-03
6.44167e-02 8.38431e-03
6.44619e-02 8.39152e-03
6.45072e-02 8.39856e-03
6.45524e-02 8.40543e-03
6.45976e-02 8.41210e-03
6.46429e-02 8.41856e-03
6.46881e-02 8.42481e-03
6.47333e-02 8.43084e-03
6.47785e-02 8.43664e-03
6.48237e-02 8.44222e-03
6.48689e-02 8.44759e-03
6.49140e-02 8.45276e-03
6.49592e-02 8.45775e-03
6.50044e-02 8.46258e-03
6.50495e-02 8.46727e-03
6.50947e-02 8.47183e-03
6.51398e-02 8.47629e-03
6.51850e-02 8.48067e-03
6.52301e-02 8.48497e-03
6.52752e-02 8.48923e-03
6.53203e-02 8.49344e-03
6.53654e-02 8.49761e-03
6.54105e-02 8.50176e-03
6.54556e-02 8.50589e-03
6.55007e-02 8.51002e-03
6.55458e-02 8.51416e-03
6.55908e-02 8.51831e-03
6.56359e-02 8.52250e-03
6.56809e-02 8.52675e-03
6.57260e-02 8.53107e-03
6.57710e-02 8.53548e-03
6.58160e-02 8.54002e-03
6.58611e-02 8.54470e-03
6.59061e-02 8.54953e-03
6.59511e-02 8.55454e-03
6.59961e-02 8.55974e-03
6.60411e-02 8.56513e-03
6.60860e-02 8.57073e-03
6.61310e-02 8.57652e-03
6.61760e-02 8.58252e-03
6.62209e-02 8.58870e-03
6.62659e-02 8.59509e-03
6.63108e-02 8.60166e-03
6.63558e-02 8.60842e-03
6.64007e-02 8.61537e-03
6.64456e-02 8.62250e-03
6.64905e-02 8.62981e-03
6.65354e-02 8.63728e-03
6.65803e-02 8.64491e-03
6.66252e-02 8.65267e-03
6.66701e-02 8.66055e-03
6.67150e-02 8.66850e-03
6.67598e-02 8.67651e-03
6.68047e-02 8.68453e-03
6.68495e-02 8.69253e-03
6.68944e-02 8.70047e-03
6.69392e-02 8.70831e-03
6.69841e-02 8.71601e-03
6.70289e-02 8.72355e-03
6.70737e-02 8.73090e-03
6.71185e-02 8.73804e-03
6.71633e-02 8.74495e-03
6.72081e-02 8.75162e-03
6.72529e-02 8.75804e-03
6.72977e-02 8.76420e-03
6.73424e-02 8.77011e-03
6.73872e-02 8.77577e-03
6.74319e-02 8.78119e-03
6.74767e-02 8.78638e-03
6.75214e-02 8.79134e-03
6.75662e-02 8.79609e-03
6.76109e-02 8.80065e-03
6.76556e-02 8.80503e-03
6.77003e-02 8.80927e-03
6.77450e-02 8.81337e-03
6.77897e-02 8.81737e-03
6.78344e-02 8.82129e-03
6.78791e-02 8.82516e-03
6.79237e-02 8.82900e-03
6.79684e-02 8.83285e-03
6.80131e-02 8.83672e-03
6.80577e-02 8.84064e-03
6.81024e-02 8.84463e-03
6.81470e-02 8.84872e-03
6.81916e-02 8.85292e-03
6.82362e-02 8.85724e-03
6.82809e-02 8.86172e-03
6.83255e-02 8.86636e-03
6.83701e-02 8.87117e-03
6.84146e-02 8.87619e-03
6.84592e-02 8.88140e-03
6.85038e-02 8.88684e-03
6.85484e-02 8.89251e-03
6.85929e-02 8.89842e-03
6.86375e-02 8.90457e-03
6.86820e-02 8.91097e-03
6.87266e-02 8.91761e-03
6.87711e-02 8.92448e-03
6.88156e-02 8.93157e-03
6.88601e-02 8.93887e-03
6.89046e-02 8.94634e-03
6.89491e-02 8.95396e-03
6.89936e-02 8.96170e-03
6.90381e-02 8.96952e-03
6.90826e-02 8.97739e-03
6.91270e-02 8.98528e-03
6.91715e-02 8.99315e-03
6.92160e-02 9.00097e-03
6.92604e-02 9.00874e-03
6.93048e-02 9.01641e-03
6.93493e-02 9.02397e-03
6.93937e-02 9.03142e-03
6.94381e-02 9.03873e-03
6.94825e-02 9.04590e-03
6.95269e-02 9.05291e-03
6.95713e-02 9.05976e-03
6.96157e-02 9.06643e-03
6.96601e-02 9.07292e-03
6.97045e-02 9.07923e-03
6.97488e-02 9.08534e-03
6.97932e-02 9.09126e-03
6.98375e-02 9.09700e-03
6.98819e-02 9.10254e-03
6.99262e-02 9.10792e-03
6.99705e-02 9.11313e-03
7.00149e-02 9.11819e-03
7.00592e-02 9.12311e-03
7.01035e-02 9.12792e-03
7.01478e-02 9.13262e-03
7.01921e-02 9.13724e-03
7.02363e-02 9.14178e-03
7.02806e-02 9.14626e-03
7.03249e-02 9.15070e-03
7.03691e-02 9.15510e-03
7.04134e-02 9.15948e-03
7.04576e-02 9.16385e-03
7.05019e-02 9.16821e-03
7.05461e-02 9.17258e-03
7.05903e-02 9.17696e-03
7.06346e-02 9.18137e-03
7.06788e-02 9.18581e-03
7.07230e-02 9.19030e-03
7.07672e-02 9.19486e-03
7.08113e-02 9.19949e-03
7.08555e-02 9.20422e-03
7.08997e-02 9.20905e-03
7.09439e-02 9.21402e-03
7.09880e-02 9.21913e-03
7.10322e-02 9.22439e-03
7.10763e-02 9.22982e-03
7.11204e-02 9.23543e-03
7.11646e-02 9.24122e-03
7.12087e-02 9.24718e-03
7.12528e-02 9.25333e-03
7.12969e-02 9.25966e-03
7.13410e-02 9.26615e-03
7.13851e-02 9.27282e-03
7.14292e-02 9.27965e-03
7.14732e-02 9.28664e-03
7.15173e-02 9.29377e-03
7.15614e-02 9.30104e-03
7.16054e-02 9.30845e-03
7.16495e-02 9.31597e-03
7.16935e-02 9.32359e-03
7.17375e-02 9.33129e-03
7.17816e-02 9.33906e-03
7.18256e-02 9.34687e-03
7.18696e-02 9.35469e-03
7.19136e-02 9.36250e-03
7.19576e-02 9.37025e-03
7.20016e-02 9.37793e-03
7.20455e-02 9.38550e-03
7.20895e-02 9.39293e-03
7.21335e-02 9.40020e-03
7.21774e-02 9.40730e-03
7.22214e-02 9.41420e-03
7.22653e-02 9.42089e-03
7.23092e-02 9.42737e-03
7.23532e-02 9.43363e-03
7.23971e-02 9.43967e-03
7.24410e-02 9.44549e-03
7.24849e-02 9.45111e-03
7.25288e-02 9.45652e-03
7.25727e-02 9.46173e-03
7.26166e-02 9.46676e-03
7.26604e-02 9.47162e-03
7.27043e-02 9.47633e-03
7.27482e-02 9.48090e-03
7.27920e-02 9.48534e-03
7.28359e-02 9.48968e-03
7.28797e-02 9.49393e-03
7.29235e-02 9.49812e-03
7.29674e-02 9.50227e-03
7.30112e-02 9.50639e-03
7.30550e-02 9.51051e-03
7.30988e-02 9.51466e-03
7.31426e-02 9.51884e-03
7.31864e-02 9.52309e-03
7.32301e-02 9.52742e-03
7.32739e-02 9.53185e-03
7.33177e-02 9.53640e-03
7.33614e-02 9.54108e-03
7.34052e-02 9.54590e-03
7.34489e-02 9.55088e-03
7.34927e-02 9.55602e-03
7.35364e-02 9.56134e-03
7.35801e-02 9.56685e-03
7.36238e-02 9.57255e-03
7.36675e-02 9.57845e-03
7.37112e-02 9.58456e-03
7.37549e-02 9.59087e-03
7.37986e-02 9.59739e-03
7.38423e-02 9.60412e-03
7.38859e-02 9.61104e-03
7.39296e-02 9.61814e-03
7.39733e-02 9.62541e-03
7.40169e-02 9.63282e-03
7.40605e-02 9.64035e-03
7.41042e-02 9.64798e-03
7.41478e-02 9.65566e-03
7.41914e-02 9.66338e-03
7.42350e-02 9.67110e-03
7.42786e-02 9.67880e-03
7.43222e-02 9.68645e-03
7.43658e-02 9.69404e-03
7.44094e-02 9.70155e-03
7.44530e-02 9.70896e-03
7.44965e-02 9.71628e-03
7.45401e-02 9.72348e-03
7.45836e-02 9.73056e-03
7.46272e-02 9.73752e-03
7.46707e-02 9.74435e-03
7.47142e-02 9.75105e-03
7.47578e-02 9.75760e-03
7.48013e-02 9.76400e-03
7.48448e-02 9.77025e-03
7.48883e-02 9.77633e-03
7.49318e-02 9.78226e-03
7.49753e-02 9.78802e-03
7.50187e-02 9.79363e-03
7.50622e-02 9.79909e-03
7.51057e-02 9.80442e-03
7.51491e-02 9.80962e-03
7.51926e-02 9.81471e-03
7.52360e-02 9.81970e-03
7.52794e-02 9.82461e-03
7.53229e-02 9.82944e-03
7.53663e-02 9.83421e-03
7.54097e-02 9.83894e-03
7.54531e-02 9.84362e-03
7.54965e-02 9.84827e-03
7.55399e-02 9.85289e-03
7.55833e-02 9.85748e-03
7.56267e-02 9.86207e-03
7.56700e-02 9.86664e-03
7.57134e-02 9.87121e-03
7.57567e-02 9.87580e-03
7.58001e-02 9.88041e-03
7.58434e-02 9.88505e-03
7.58868e-02 9.88975e-03
7.59301e-02 9.89453e-03
7.59734e-02 9.89939e-03
7.60167e-02 9.90436e-03
7.60600e-02 9.90945e-03
7.61033e-02 9.91467e-03
7.61466e-02 9.92004e-03
7.61899e-02 9.92556e-03
7.62331e-02 9.93123e-03
7.62764e-02 9.93707e-03
7.63197e-02 9.94306e-03
7.63629e-02 9.94921e-03
7.64062e-02 9.95551e-03
7.64494e-02 9.96196e-03
7.64926e-02 9.96856e-03
7.65359e-02 9.97529e-03
7.65791e-02 9.98217e-03
7.66223e-02 9.98918e-03
7.66655e-02 9.99632e-03
7.67087e-02 1.00036e-02
7.67519e-02 1.00110e-02
7.67950e-02 1.00185e-02
7.68382e-02 1.00261e-02
7.68814e-02 1.00337e-02
7.69245e-02 1.00415e-02
7.69677e-02 1.00492e-02
7.70108e-02 1.00570e-02
7.70540e-02 1.00647e-02
7.70971e-02 1.00724e-02
7.71402e-02 1.00800e-02
7.71833e-02 1.00875e-02
7.72264e-02 1.00949e-02
7.72695e-02 1.01021e-02
7.73126e-02 1.01092e-02
7.73557e-02 1.01161e-02
7.73988e-02 1.01228e-02
7.74418e-02 1.01293e-02
7.74849e-02 1.01357e-02
7.75280e-02 1.01419e-02
7.75710e-02 1.01478e-02
7.76140e-02 1.01536e-02
7.76571e-02 1.01593e-02
7.77001e-02 1.01647e-02
7.77431e-02 1.01700e-02
7.77861e-02 1.01752e-02
7.78291e-02 1.01801e-02
7.78721e-02 1.01850e-02
7.79151e-02 1.01897e-02
7.79581e-02 1.01943e-02
7.80011e-02 1.01989e-02
7.80441e-02 1.02034e-02
7.80870e-02 1.02078e-02
7.81300e-02 1.02122e-02
7.81729e-02 1.02166e-02
7.82159e-02 1.02210e-02
7.82588e-02 1.02255e-02
7.83017e-02 1.02300e-02
7.83446e-02 1.02345e-02
7.83875e-02 1.02392e-02
7.84304e-02 1.02439e-02
7.84733e-02 1.02487e-02
7.85162e-02 1.02536e-02
7.85591e-02 1.02586e-02
7.86020e-02 1.02637e-02
7.86449e-02 1.02690e-02
7.86877e-02 1.02744e-02
7.87306e-02 1.02800e-02
7.87734e-02 1.02858e-02
7.88163e-02 1.02917e-02
7.88591e-02 1.02978e-02
7.89019e-02 1.03041e-02
7.89447e-02 1.03105e-02
7.89875e-02 1.03172e-02
7.90303e-02 1.03240e-02
7.90731e-02 1.03309e-02
7.91159e-02 1.03380e-02
7.91587e-02 1.03453e-02
7.92015e-02 1.03526e-02
7.92442e-02 1.03599e-02
7.92870e-02 1.03674e-02
7.93298e-02 1.03748e-02
7.93725e-02 1.03823e-02
7.94152e-02 1.03898e-02
7.94580e-02 1.03972e-02
7.95007e-02 1.04047e-02
7.95434e-02 1.04120e-02
7.95861e-02 1.04194e-02
7.96288e-02 1.04267e-02
7.96715e-02 1.04340e-02
7.97142e-02 1.04411e-02
7.97569e-02 1.04483e-02
7.97996e-02 1.04553e-02
7.98422e-02 1.04622e-02
7.98849e-02 1.04690e-02
7.99275e-02 1.04757e-02
7.99702e-02 1.04823e-02
8.00128e-02 1.04888e-02
8.00554e-02 1.04951e-02
8.00981e-02 1.05013e-02
8.01407e-02 1.05073e-02
8.01833e-02 1.05132e-02
8.02259e-02 1.05190e-02
8.02685e-02 1.05247e-02
8.03111e-02 1.05302e-02
8.03537e-02 1.05357e-02
8.03962e-02 1.05410e-02
8.04388e-02 1.05463e-02
8.04814e-02 1.05515e-02
8.05239e-02 1.05566e-02
8.05664e-02 1.05616e-02
8.06090e-02 1.05666e-02
8.06515e-02 1.05715e-02
8.06940e-02 1.05764e-02
8.07366e-02 1.05812e-02
8.07791e-02 1.05860e-02
8.08216e-02 1.05907e-02
8.08641e-02 1.05954e-02
8.09065e-02 1.06002e-02
8.09490e-02 1.06049e-02
8.09915e-02 1.06097e-02
8.10340e-02 1.06144e-02
8.10764e-02 1.06193e-02
8.11189e-02 1.06242e-02
8.11613e-02 1.06292e-02
8.12038e-02 1.06343e-02
8.12462e-02 1.06396e-02
8.12886e-02 1.06449e-02
8.13310e-02 1.06503e-02
8.13734e-02 1.06559e-02
8.14158e-02 1.06616e-02
8.14582e-02 1.06674e-02
8.15006e-02 1.06734e-02
8.15430e-02 1.06795e-02
8.15854e-02 1.06857e-02
8.16277e-02 1.06921e-02
8.16701e-02 1.06986e-02
8.17124e-02 1.07052e-02
8.17548e-02 1.07120e-02
8.17971e-02 1.07189e-02
8.18394e-02 1.07260e-02
8.18818e-02 1.07332e-02
8.19241e-02 1.07405e-02
8.19664e-02 1.07480e-02
8.20087e-02 1.07556e-02
8.20510e-02 1.07632e-02
8.20933e-02 1.07709e-02
8.21356e-02 1.07787e-02
8.21778e-02 1.07864e-02
8.22201e-02 1.07942e-02
8.22623e-02 1.08019e-02
8.23046e-02 1.08095e-02
8.23468e-02 1.08171e-02
8.23891e-02 1.08246e-02
8.24313e-02 1.08320e-02
8.24735e-02 1.08392e-02
8.25157e-02 1.08463e-02
8.25580e-02 1.08533e-02
8.26002e-02 1.08601e-02
8.26424e-02 1.08667e-02
8.26845e-02 1.08732e-02
8.27267e-02 1.08796e-02
8.27689e-02 1.08858e-02
8.28111e-02 1.08918e-02
8.28532e-02 1.08976e-02
8.28954e-02 1.09033e-02
8.29375e-02 1.09089e-02
8.29797e-02 1.09143e-02
8.30218e-02 1.09196e-02
8.30639e-02 1.09247e-02
8.31060e-02 1.09298e-02
8.31481e-02 1.09348e-02
8.31902e-02 1.09396e-02
8.32323e-02 1.09445e-02
8.32744e-02 1.09493e-02
8.33165e-02 1.09541e-02
8.33586e-02 1.09588e-02
8.34006e-02 1.09636e-02
8.34427e-02 1.09683e-02
8.34848e-02 1.09731e-02
8.35268e-02 1.09779e-02
8.35688e-02 1.09827e-02
8.36109e-02 1.09876e-02
8.36529e-02 1.09925e-02
8.36949e-02 1.09975e-02
8.37369e-02 1.10026e-02
8.37789e-02 1.10078e-02
8.38209e-02 1.10131e-02
8.38629e-02 1.10185e-02
8.39049e-02 1.10240e-02
8.39469e-02 1.10296e-02
8.39888e-02 1.10354e-02
8.40308e-02 1.10414e-02
8.40728e-02 1.10475e-02
8.41147e-02 1.10537e-02
8.41566e-02 1.10600e-02
8.41986e-02 1.10665e-02
8.42405e-02 1.10732e-02
8.42824e-02 1.10799e-02
8.43243e-02 1.10867e-02
8.43662e-02 1.10936e-02
8.44081e-02 1.11006e-02
8.44500e-02 1.11077e-02
8.44919e-02 1.11148e-02
8.45338e-02 1.11220e-02
8.45756e-02 1.11292e-02
8.46175e-02 1.11365e-02
8.46594e-02 1.11438e-02
8.47012e-02 1.11511e-02
8.47431e-02 1.11584e-02
8.47849e-02 1.11658e-02
8.48267e-02 1.11732e-02
8.48685e-02 1.11805e-02
8.49103e-02 1.11878e-02
8.49522e-02 1.11952e-02
8.49939e-02 1.12024e-02
8.50357e-02 1.12096e-02
8.50775e-02 1.12168e-02
8.51193e-02 1.12238e-02
8.51611e-02 1.12307e-02
8.52028e-02 1.12376e-02
8.52446e-02 1.12443e-02
8.52863e-02 1.12509e-02
8.53281e-02 1.12575e-02
8.53698e-02 1.12639e-02
8.54115e-02 1.12702e-02
8.54533e-02 1.12763e-02
8.54950e-02 1.12824e-02
8.55367e-02 1.12884e-02
8.55784e-02 1.12943e-02
8.56201e-02 1.13001e-02
8.56618e-02 1.13058e-02
8.57035e-02 1.13114e-02
8.57451e-02 1.13169e-02
8.57868e-02 1.13222e-02
8.58284e-02 1.13275e-02
8.58701e-02 1.13327e-02
8.59117e-02 1.13379e-02
8.59534e-02 1.13429e-02
8.59950e-02 1.13479e-02
8.60366e-02 1.13529e-02
8.60783e-02 1.13578e-02
8.61199e-02 1.13627e-02
8.61615e-02 1.13676e-02
8.62031e-02 1.13725e-02
8.62447e-02 1.13774e-02
8.62862e-02 1.13824e-02
8.63278e-02 1.13874e-02
8.63694e-02 1.13925e-02
8.64109e-02 1.13976e-02
8.64525e-02 1.14029e-02
8.64940e-02 1.14081e-02
8.65356e-02 1.14135e-02
8.65771e-02 1.14190e-02
8.66186e-02 1.14245e-02
8.66601e-02 1.14301e-02
8.67017e-02 1.14359e-02
8.67432e-02 1.14418e-02
8.67847e-02 1.14478e-02
8.68262e-02 1.14539e-02
8.68676e-02 1.14602e-02
8.69091e-02 1.14667e-02
8.69506e-02 1.14732e-02
8.69920e-02 1.14800e-02
8.70335e-02 1.14869e-02
8.70749e-02 1.14940e-02
8.71164e-02 1.15012e-02
8.71578e-02 1.15085e-02
8.71993e-02 1.15159e-02
8.72407e-02 1.15234e-02
8.72821e-02 1.15310e-02
8.73235e-02 1.15387e-02
8.73649e-02 1.15464e-02
8.74063e-02 1.15541e-02
8.74477e-02 1.15618e-02
8.74890e-02 1.15694e-02
8.75304e-02 1.15771e-02
8.75718e-02 1.15847e-02
8.76131e-02 1.15922e-02
8.76545e-02 1.15997e-02
8.76958e-02 1.16070e-02
8.77372e-02 1.16143e-02
8.77785e-02 1.16215e-02
8.78198e-02 1.16286e-02
8.78611e-02 1.16356e-02
8.79024e-02 1.16424e-02
8.79437e-02 1.16492e-02
8.79850e-02 1.16558e-02
8.80263e-02 1.16622e-02
8.80676e-02 1.16685e-02
8.81089e-02 1.16747e-02
8.81502e-02 1.16807e-02
8.81914e-02 1.16867e-02
8.82327e-02 1.16925e-02
8.82739e-02 1.16982e-02
8.83152e-02 1.17038e-02
8.83564e-02 1.17093e-02
8.83976e-02 1.17147e-02
8.84388e-02 1.17201e-02
8.84800e-02 1.17254e-02
8.85212e-02 1.17307e-02
8.85624e-02 1.17359e-02
8.86036e-02 1.17410e-02
8.86448e-02 1.17462e-02
8.86860e-02 1.17513e-02
8.87272e-02 1.17563e-02
8.87683e-02 1.17614e-02
8.88095e-02 1.17665e-02
8.88506e-02 1.17716e-02
8.88918e-02 1.17767e-02
8.89329e-02 1.17819e-02
8.89741e-02 1.17871e-02
8.90152e-02 1.17923e-02
8.90563e-02 1.17976e-02
8.90974e-02 1.18030e-02
8.91385e-02 1.18085e-02
8.91796e-02 1.18141e-02
8.92207e-02 1.18198e-02
8.92618e-02 1.18256e-02
8.93028e-02 1.18314e-02
8.93439e-02 1.18374e-02
8.93850e-02 1.18435e-02
8.94260e-02 1.18496e-02
8.94671e-02 1.18558e-02
8.95081e-02 1.18622e-02
8.95491e-02 1.18686e-02
8.95902e-02 1.18751e-02
8.96312e-02 1.18816e-02
8.96722e-02 1.18883e-02
8.97132e-02 1.18950e-02
8.97542e-02 1.19019e-02
8.97952e-02 1.19088e-02
8.98362e-02 1.19158e-02
8.98771e-02 1.19230e-02
8.99181e-02 1.19302e-02
8.99591e-02 1.19374e-02
9.00000e-02 1.19448e-02
9.00410e-02 1.19522e-02
9.00819e-02 1.19596e-02
9.01229e-02 1.19671e-02
9.01638e-02 1.19745e-02
9.02047e-02 1.19820e-02
9.02456e-02 1.19894e-02
9.02865e-02 1.19969e-02
9.03274e-02 1.20043e-02
9.03683e-02 1.20116e-02
9.04092e-02 1.20189e-02
9.04501e-02 1.20261e-02
9.04910e-02 1.20333e-02
9.05318e-02 1.20404e-02
9.05727e-02 1.20475e-02
9.06135e-02 1.20545e-02
9.06544e-02 1.20614e-02
9.06952e-02 1.20682e-02
9.07361e-02 1.20749e-02
9.07769e-02 1.20815e-02
9.08177e-02 1.20880e-02
9.08585e-02 1.20944e-02
9.08993e-02 1.21006e-02
9.09401e-02 1.21068e-02
9.09809e-02 1.21128e-02
9.10217e-02 1.21186e-02
9.10625e-02 1.21244e-02
9.11032e-02 1.21300e-02
9.11440e-02 1.21356e-02
9.11848e-02 1.21411e-02
9.12255e-02 1.21465e-02
9.12663e-02 1.21518e-02
9.13070e-02 1.21571e-02
9.13477e-02 1.21623e-02
9.13884e-02 1.21675e-02
9.14292e-02 1.21727e-02
9.14699e-02 1.21778e-02
9.15106e-02 1.21830e-02
9.15513e-02 1.21882e-02
9.15920e-02 1.21933e-02
9.16326e-02 1.21985e-02
9.16733e-02 1.22037e-02
9.17140e-02 1.22089e-02
9.17546e-02 1.22142e-02
9.17953e-02 1.22195e-02
9.18359e-02 1.22249e-02
9.18766e-02 1.22304e-02
9.19172e-02 1.22359e-02
9.19578e-02 1.22416e-02
9.19985e-02 1.22473e-02
9.20391e-02 1.22532e-02
9.20797e-02 1.22592e-02
9.21203e-02 1.22654e-02
9.21609e-02 1.22716e-02
9.22015e-02 1.22780e-02
9.22420e-02 1.22846e-02
9.22826e-02 1.22913e-02
9.23232e-02 1.22980e-02
9.23637e-02 1.23049e-02
9.24043e-02 1.23119e-02
9.24448e-02 1.23190e-02
9.24854e-02 1.23262e-02
9.25259e-02 1.23335e-02
9.25664e-02 1.23408e-02
9.26069e-02 1.23482e-02
9.26474e-02 1.23556e-02
9.26879e-02 1.23631e-02
9.27284e-02 1.23706e-02
9.27689e-02 1.23782e-02
9.28094e-02 1.23858e-02
9.28499e-02 1.23933e-02
9.28904e-02 1.24009e-02
9.29308e-02 1.24085e-02
9.29713e-02 1.24160e-02
9.30117e-02 1.24235e-02
9.30522e-02 1.24309e-02
9.30926e-02 1.24383e-02
9.31330e-02 1.24456e-02
9.31735e-02 1.24528e-02
9.32139e-02 1.24599e-02
9.32543e-02 1.24669e-02
9.32947e-02 1.24739e-02
9.33351e-02 1.24807e-02
9.33755e-02 1.24875e-02
9.34158e-02 1.24941e-02
9.34562e-02 1.25007e-02
9.34966e-02 1.25072e-02
9.35369e-02 1.25136e-02
9.35773e-02 1.25199e-02
9.36176e-02 1.25261e-02
9.36580e-02 1.25322e-02
9.36983e-02 1.25383e-02
9.37386e-02 1.25442e-02
9.37790e-02 1.25501e-02
9.38193e-02 1.25559e-02
9.38596e-02 1.25616e-02
9.38999e-02 1.25673e-02
9.39402e-02 1.25729e-02
9.39805e-02 1.25784e-02
9.40207e-02 1.25840e-02
9.40610e-02 1.25894e-02
9.41013e-02 1.25949e-02
9.41415e-02 1.26003e-02
9.41818e-02 1.26057e-02
9.42220e-02 1.26111e-02
9.42623e-02 1.26166e-02
9.43025e-02 1.26220e-02
9.43427e-02 1.26274e-02
9.43830e-02 1.26329e-02
9.44232e-02 1.26384e-02
9.44634e-02 1.26439e-02
9.45036e-02 1.26495e-02
9.45438e-02 1.26551e-02
9.45839e-02 1.26607e-02
9.46241e-02 1.26664e-02
9.46643e-02 1.26721e-02
9.47045e-02 1.26779e-02
9.47446e-02 1.26837e-02
9.47848e-02 1.26897e-02
9.48249e-02 1.26957e-02
9.48651e-02 1.27018e-02
9.49052e-02 1.27080e-02
9.49453e-02 1.27143e-02
9.49854e-02 1.27208e-02
9.50255e-02 1.27273e-02
9.50656e-02 1.27340e-02
9.51057e-02 1.27408e-02
9.51458e-02 1.27477e-02
9.51859e-02 1.27546e-02
9.52260e-02 1.27617e-02
9.52661e-02 1.27688e-02
9.53061e-02 1.27760e-02
9.53462e-02 1.27833e-02
9.53862e-02 1.27907e-02
9.54263e-02 1.27981e-02
9.54663e-02 1.28055e-02
9.55063e-02 1.28130e-02
9.55463e-02 1.28206e-02
9.55864e-02 1.28282e-02
9.56264e-02 1.28358e-02
9.56664e-02 1.28434e-02
9.57064e-02 1.28511e-02
9.57464e-02 1.28587e-02
9.57863e-02 1.28664e-02
9.58263e-02 1.28740e-02
9.58663e-02 1.28815e-02
9.59062e-02 1.28891e-02
9.59462e-02 1.28965e-02
9.59861e-02 1.29038e-02
9.60261e-02 1.29111e-02
9.60660e-02 1.29183e-02
9.61060e-02 1.29253e-02
9.61459e-02 1.29323e-02
9.61858e-02 1.29391e-02
9.62257e-02 1.29458e-02
9.62656e-02 1.29524e-02
9.63055e-02 1.29589e-02
9.63454e-02 1.29653e-02
9.63853e-02 1.29716e-02
9.64251e-02 1.29778e-02
9.64650e-02 1.29839e-02
9.65049e-02 1.29900e-02
9.65447e-02 1.29959e-02
9.65846e-02 1.30018e-02
9.66244e-02 1.30076e-02
9.66642e-02 1.30134e-02
9.67041e-02 1.30190e-02
9.67439e-02 1.30246e-02
9.67837e-02 1.30302e-02
9.68235e-02 1.30357e-02
9.68633e-02 1.30412e-02
9.69031e-02 1.30466e-02
9.69429e-02 1.30520e-02
9.69827e-02 1.30575e-02
9.70224e-02 1.30629e-02
9.70622e-02 1.30684e-02
9.71020e-02 1.30738e-02
9.71417e-02 1.30794e-02
9.71815e-02 1.30849e-02
9.72212e-02 1.30906e-02
9.72610e-02 1.30962e-02
9.73007e-02 1.31020e-02
9.73404e-02 1.31078e-02
9.73801e-02 1.31137e-02
9.74198e-02 1.31196e-02
9.74595e-02 1.31257e-02
9.74992e-02 1.31318e-02
9.75389e-02 1.31379e-02
9.75786e-02 1.31442e-02
9.76183e-02 1.31506e-02
9.76579e-02 1.31570e-02
9.76976e-02 1.31635e-02
9.77372e-02 1.31701e-02
9.77769e-02 1.31768e-02
9.78165e-02 1.31836e-02
9.78562e-02 1.31905e-02
9.78958e-02 1.31975e-02
9.79354e-02 1.32045e-02
9.79750e-02 1.32117e-02
9.80146e-02 1.32189e-02
9.80542e-02 1.32262e-02
9.80938e-02 1.32335e-02
9.81334e-02 1.32409e-02
9.81730e-02 1.32483e-02
9.82126e-02 1.32557e-02
9.82521e-02 1.32632e-02
9.82917e-02 1.32707e-02
9.83312e-02 1.32782e-02
9.83708e-02 1.32857e-02
9.84103e-02 1.32933e-02
9.84499e-02 1.33008e-02
9.84894e-02 1.33083e-02
9.85289e-02 1.33158e-02
9.85684e-02 1.33233e-02
9.86079e-02 1.33307e-02
9.86474e-02 1.33381e-02
9.86869e-02 1.33455e-02
9.87264e-02 1.33529e-02
9.87659e-02 1.33602e-02
9.88054e-02 1.33674e-02
9.88448e-02 1.33745e-02
9.88843e-02 1.33816e-02
9.89237e-02 1.33886e-02
9.89632e-02 1.33955e-02
9.90026e-02 1.34024e-02
9.90421e-02 1.34091e-02
9.90815e-02 1.34158e-02
9.91209e-02 1.34224e-02
9.91603e-02 1.34289e-02
9.91997e-02 1.34353e-02
9.92391e-02 1.34417e-02
9.92785e-02 1.34480e-02
9.93179e-02 1.34542e-02
9.93573e-02 1.34604e-02
9.93967e-02 1.34664e-02
9.94360e-02 1.34724e-02
9.94754e-02 1.34784e-02
9.95148e-02 1.34843e-02
9.95541e-02 1.34901e-02
9.95935e-02 1.34959e-02
9.96328e-02 1.35016e-02
9.96721e-02 1.35072e-02
9.97114e-02 1.35129e-02
9.97508e-02 1.35185e-02
9.97901e-02 1.35241e-02
9.98294e-02 1.35296e-02
9.98687e-02 1.35352e-02
9.99079e-02 1.35408e-02
9.99472e-02 1.35465e-02
9.99865e-02 1.35521e-02
1.00000e-01 1.35541e-02
