5.72372e-05 4.51445e+05  3.73448e+05 3.73448e+05 
1.14474e-04 8.59727e+05  7.97055e+05 1.22439e+06 
1.71577e-04 1.17149e+06  1.36210e+06 2.11977e+06 
2.28492e-04 1.07579e+06  2.30485e+06 2.95512e+06 
2.85308e-04 8.85003e+05  3.46303e+06 3.93003e+06 
3.42299e-04 7.85482e+05  4.88893e+06 5.25341e+06 
3.99208e-04 8.23871e+05  6.53605e+06 6.94478e+06 
4.56195e-04 8.59011e+05  8.47240e+06 8.92069e+06 
5.13194e-04 8.08030e+05  1.07342e+07 1.11201e+07 
5.70108e-04 8.03659e+05  1.31624e+07 1.35471e+07 
6.26981e-04 8.41879e+05  1.57906e+07 1.62263e+07 
6.83915e-04 7.97987e+05  1.87770e+07 1.91593e+07 
7.40799e-04 7.56083e+05  2.19854e+07 2.23220e+07 
7.97697e-04 7.47449e+05  2.53731e+07 2.57196e+07 
8.54576e-04 6.53495e+05  2.91466e+07 2.93860e+07 
9.11412e-04 6.40279e+05  3.31410e+07 3.33631e+07 
9.68299e-04 7.85742e+05  3.72860e+07 3.76623e+07 
1.02511e-03 9.44962e+05  4.16805e+07 4.22180e+07 
1.08183e-03 9.98624e+05  4.63544e+07 4.69461e+07 
1.13858e-03 9.09317e+05  5.13151e+07 5.18149e+07 
1.19526e-03 7.54293e+05  5.65130e+07 5.68567e+07 
1.25196e-03 6.53048e+05  6.19312e+07 6.21748e+07 
1.30867e-03 6.69347e+05  6.75810e+07 6.78433e+07 
1.36538e-03 7.65357e+05  7.34852e+07 7.38418e+07 
1.42206e-03 8.53959e+05  7.96169e+07 8.00635e+07 
1.47870e-03 8.34753e+05  8.59872e+07 8.64170e+07 
1.53533e-03 7.11181e+05  9.26232e+07 9.29267e+07 
1.59198e-03 6.23143e+05  9.94935e+07 9.97120e+07 
1.64859e-03 6.46327e+05  1.06618e+08 1.06859e+08 
1.70517e-03 7.80550e+05  1.13974e+08 1.14344e+08 
1.76171e-03 9.62868e+05  1.21494e+08 1.22053e+08 
1.81823e-03 1.03170e+06  1.29272e+08 1.29904e+08 
1.87475e-03 9.44255e+05  1.37358e+08 1.37896e+08 
1.93130e-03 8.16794e+05  1.45669e+08 1.46080e+08 
1.98780e-03 7.10395e+05  1.54183e+08 1.54489e+08 
2.04427e-03 6.36804e+05  1.62918e+08 1.63149e+08 
2.10074e-03 6.12659e+05  1.71869e+08 1.72078e+08 
2.15719e-03 6.25683e+05  1.81065e+08 1.81287e+08 
2.21359e-03 6.68900e+05  1.90509e+08 1.90775e+08 
2.27000e-03 7.22694e+05  2.00206e+08 2.00525e+08 
2.32638e-03 7.78800e+05  2.10131e+08 2.10503e+08 
2.38270e-03 8.42343e+05  2.20233e+08 2.20672e+08 
2.43903e-03 8.65694e+05  2.30571e+08 2.31035e+08 
2.49533e-03 8.38647e+05  2.41153e+08 2.41586e+08 
2.55164e-03 8.22005e+05  2.51936e+08 2.52355e+08 
2.60793e-03 8.15909e+05  2.62944e+08 2.63361e+08 
2.66421e-03 7.84428e+05  2.74232e+08 2.74614e+08 
2.72045e-03 7.55895e+05  2.85747e+08 2.86097e+08 
2.77669e-03 7.58862e+05  2.97438e+08 2.97792e+08 
2.83292e-03 7.65077e+05  3.09326e+08 3.09690e+08 
2.88914e-03 7.39649e+05  3.21464e+08 3.21804e+08 
2.94533e-03 6.97621e+05  3.33862e+08 3.34156e+08 
3.00148e-03 6.89433e+05  3.46472e+08 3.46757e+08 
3.05759e-03 7.13851e+05  3.59274e+08 3.59585e+08 
3.11368e-03 7.33934e+05  3.72290e+08 3.72621e+08 
3.16978e-03 7.52238e+05  3.85514e+08 3.85863e+08 
3.22587e-03 7.80053e+05  3.98951e+08 3.99331e+08 
3.28195e-03 8.06000e+05  4.12637e+08 4.13042e+08 
3.33801e-03 8.30268e+05  4.26560e+08 4.26986e+08 
3.39405e-03 8.53404e+05  4.40682e+08 4.41132e+08 
3.45007e-03 8.32482e+05  4.55005e+08 4.55437e+08 
3.50609e-03 7.43798e+05  4.69562e+08 4.69902e+08 
3.56208e-03 6.52274e+05  4.84311e+08 4.84559e+08 
3.61806e-03 6.19536e+05  4.99247e+08 4.99467e+08 
3.67403e-03 6.31758e+05  5.14429e+08 5.14662e+08 
3.72999e-03 6.75306e+05  5.29861e+08 5.30132e+08 
3.78587e-03 7.59330e+05  5.45470e+08 5.45825e+08 
3.84172e-03 8.49478e+05  5.61259e+08 5.61707e+08 
3.89761e-03 8.95759e+05  5.77279e+08 5.77773e+08 
3.95348e-03 8.99828e+05  5.93505e+08 5.94002e+08 
4.00935e-03 8.70500e+05  6.09938e+08 6.10409e+08 
4.06521e-03 7.85597e+05  6.26615e+08 6.27001e+08 
4.12103e-03 6.79041e+05  6.43517e+08 6.43790e+08 
4.17681e-03 6.41893e+05  6.60564e+08 6.60801e+08 
4.23261e-03 6.72907e+05  6.77790e+08 6.78065e+08 
4.28840e-03 6.94603e+05  6.95274e+08 6.95568e+08 
4.34415e-03 7.00154e+05  7.12982e+08 7.13278e+08 
4.39990e-03 7.16208e+05  7.30867e+08 7.31182e+08 
4.45561e-03 7.18520e+05  7.48954e+08 7.49273e+08 
4.51130e-03 7.04299e+05  7.67273e+08 7.67575e+08 
4.56691e-03 7.30728e+05  7.85763e+08 7.86089e+08 
4.62252e-03 8.12861e+05  8.04410e+08 8.04821e+08 
4.67819e-03 8.80916e+05  8.23283e+08 8.23766e+08 
4.73384e-03 8.74280e+05  8.42395e+08 8.42869e+08 
4.78946e-03 8.07877e+05  8.61718e+08 8.62124e+08 
4.84503e-03 7.33044e+05  8.81218e+08 8.81549e+08 
4.90061e-03 6.86594e+05  9.00912e+08 9.01197e+08 
4.95616e-03 6.83098e+05  9.20801e+08 9.21082e+08 
5.01168e-03 7.17749e+05  9.40873e+08 9.41189e+08 
5.06722e-03 7.58545e+05  9.61153e+08 9.61512e+08 
5.12275e-03 7.57902e+05  9.81657e+08 9.82016e+08 
5.17824e-03 7.10213e+05  1.00238e+09 1.00269e+09 
5.23369e-03 6.73663e+05  1.02326e+09 1.02353e+09 
5.28913e-03 6.88246e+05  1.04428e+09 1.04457e+09 
5.34458e-03 7.22702e+05  1.06552e+09 1.06585e+09 
5.39997e-03 7.49040e+05  1.08698e+09 1.08733e+09 
5.45534e-03 7.89880e+05  1.10864e+09 1.10902e+09 
5.51073e-03 8.42228e+05  1.13048e+09 1.13092e+09 
5.56613e-03 8.48245e+05  1.15252e+09 1.15297e+09 
5.62149e-03 7.86414e+05  1.17477e+09 1.17516e+09 
5.67678e-03 7.01888e+05  1.19717e+09 1.19747e+09 
5.73210e-03 6.33577e+05  1.21975e+09 1.21998e+09 
5.78740e-03 5.95235e+05  1.24253e+09 1.24273e+09 
5.84267e-03 6.04716e+05  1.26551e+09 1.26572e+09 
5.89793e-03 6.68412e+05  1.28870e+09 1.28897e+09 
5.95315e-03 7.64883e+05  1.31207e+09 1.31243e+09 
6.00838e-03 8.61780e+05  1.33561e+09 1.33607e+09 
6.06355e-03 9.18789e+05  1.35930e+09 1.35982e+09 
6.11871e-03 8.96894e+05  1.38319e+09 1.38369e+09 
6.17390e-03 8.02364e+05  1.40732e+09 1.40772e+09 
6.22905e-03 6.96413e+05  1.43163e+09 1.43192e+09 
6.28421e-03 6.35756e+05  1.45611e+09 1.45634e+09 
6.33936e-03 6.30639e+05  1.48076e+09 1.48099e+09 
6.39448e-03 6.59295e+05  1.50559e+09 1.50585e+09 
6.44961e-03 6.91128e+05  1.53062e+09 1.53091e+09 
6.50465e-03 7.06339e+05  1.55582e+09 1.55612e+09 
6.55969e-03 7.10768e+05  1.58121e+09 1.58152e+09 
6.61473e-03 7.18444e+05  1.60679e+09 1.60711e+09 
6.66974e-03 7.29572e+05  1.63254e+09 1.63287e+09 
6.72477e-03 7.43353e+05  1.65848e+09 1.65882e+09 
6.77979e-03 7.66819e+05  1.68459e+09 1.68496e+09 
6.83480e-03 7.93438e+05  1.71088e+09 1.71128e+09 
6.88976e-03 8.01434e+05  1.73734e+09 1.73774e+09 
6.94470e-03 7.81695e+05  1.76400e+09 1.76438e+09 
6.99964e-03 7.45962e+05  1.79085e+09 1.79120e+09 
7.05457e-03 7.14855e+05  1.81787e+09 1.81819e+09 
7.10946e-03 7.05730e+05  1.84503e+09 1.84534e+09 
7.16435e-03 7.11967e+05  1.87237e+09 1.87269e+09 
7.21923e-03 7.04910e+05  1.89992e+09 1.90022e+09 
7.27411e-03 6.80548e+05  1.92767e+09 1.92795e+09 
7.32894e-03 6.72968e+05  1.95558e+09 1.95585e+09 
7.38378e-03 6.99100e+05  1.98363e+09 1.98393e+09 
7.43856e-03 7.32026e+05  2.01183e+09 2.01216e+09 
7.49333e-03 7.47056e+05  2.04022e+09 2.04057e+09 
7.54811e-03 7.53339e+05  2.06882e+09 2.06917e+09 
7.60289e-03 7.65476e+05  2.09759e+09 2.09795e+09 
7.65765e-03 7.74797e+05  2.12653e+09 2.12690e+09 
7.71240e-03 7.61995e+05  2.15565e+09 2.15601e+09 
7.76711e-03 7.25320e+05  2.18493e+09 2.18525e+09 
7.82180e-03 6.86865e+05  2.21437e+09 2.21465e+09 
7.87650e-03 6.66906e+05  2.24397e+09 2.24424e+09 
7.93117e-03 6.61547e+05  2.27374e+09 2.27400e+09 
7.98583e-03 6.61411e+05  2.30371e+09 2.30397e+09 
8.04050e-03 6.76272e+05  2.33387e+09 2.33415e+09 
8.09513e-03 7.18334e+05  2.36418e+09 2.36450e+09 
8.14973e-03 7.77346e+05  2.39462e+09 2.39500e+09 
8.20429e-03 8.26500e+05  2.42522e+09 2.42565e+09 
8.25888e-03 8.40052e+05  2.45602e+09 2.45646e+09 
8.31345e-03 8.10447e+05  2.48700e+09 2.48741e+09 
8.36799e-03 7.58885e+05  2.51815e+09 2.51851e+09 
8.42254e-03 7.10758e+05  2.54945e+09 2.54976e+09 
8.47708e-03 6.66207e+05  2.58092e+09 2.58118e+09 
8.53159e-03 6.23890e+05  2.61254e+09 2.61276e+09 
8.58608e-03 6.04040e+05  2.64432e+09 2.64453e+09 
8.64053e-03 6.15170e+05  2.67626e+09 2.67648e+09 
8.69496e-03 6.46738e+05  2.70839e+09 2.70864e+09 
8.74942e-03 7.05885e+05  2.74071e+09 2.74101e+09 
8.80386e-03 7.88722e+05  2.77315e+09 2.77354e+09 
8.85831e-03 8.37270e+05  2.80577e+09 2.80621e+09 
8.91274e-03 8.13718e+05  2.83857e+09 2.83899e+09 
8.96712e-03 7.63656e+05  2.87151e+09 2.87187e+09 
9.02149e-03 7.26702e+05  2.90457e+09 2.90490e+09 
9.07585e-03 6.83049e+05  2.93784e+09 2.93813e+09 
9.13021e-03 6.47029e+05  2.97131e+09 2.97156e+09 
9.18450e-03 6.77275e+05  3.00487e+09 3.00515e+09 
9.23879e-03 7.52914e+05  3.03855e+09 3.03891e+09 
9.29310e-03 7.82709e+05  3.07245e+09 3.07284e+09 
9.34737e-03 7.46508e+05  3.10653e+09 3.10688e+09 
9.40162e-03 6.99601e+05  3.14075e+09 3.14105e+09 
9.45584e-03 6.66502e+05  3.17510e+09 3.17537e+09 
9.51008e-03 6.44321e+05  3.20964e+09 3.20989e+09 
9.56428e-03 6.56061e+05  3.24431e+09 3.24456e+09 
9.61846e-03 7.07138e+05  3.27911e+09 3.27941e+09 
9.67266e-03 7.50005e+05  3.31410e+09 3.31446e+09 
9.72686e-03 7.54852e+05  3.34930e+09 3.34965e+09 
9.78102e-03 7.51085e+05  3.38463e+09 3.38498e+09 
9.83514e-03 7.58513e+05  3.42007e+09 3.42043e+09 
9.88925e-03 7.48159e+05  3.45567e+09 3.45602e+09 
9.94337e-03 7.05329e+05  3.49146e+09 3.49177e+09 
9.99743e-03 6.64061e+05  3.52736e+09 3.52762e+09 
1.00000e-02 6.62673e+05  3.52907e+09 3.52933e+09 
