5.61052e-05 4.66587e+05  3.69522e+05 3.69522e+05 3.08533e+04
1.12210e-04 8.06206e+05  8.00671e+05 1.20953e+06 4.30004e+04
1.68180e-04 1.07837e+06  1.33596e+06 2.10300e+06 6.44833e+04
2.24030e-04 1.07160e+06  2.21730e+06 2.94528e+06 8.41160e+04
2.79885e-04 9.60884e+05  3.32641e+06 3.89385e+06 9.00476e+04
3.35761e-04 8.27119e+05  4.69425e+06 5.12523e+06 9.93044e+04
3.91591e-04 7.19714e+05  6.35902e+06 6.68882e+06 1.09490e+05
4.47422e-04 7.00159e+05  8.23438e+06 8.54253e+06 1.11540e+05
5.03294e-04 7.06928e+05  1.03247e+07 1.06373e+07 1.21817e+05
5.59161e-04 6.83666e+05  1.26740e+07 1.29585e+07 1.41932e+05
6.15038e-04 6.77220e+05  1.52262e+07 1.55313e+07 1.59387e+05
6.70910e-04 6.68102e+05  1.80860e+07 1.83899e+07 1.80275e+05
7.26748e-04 6.69220e+05  2.12700e+07 2.15404e+07 1.96997e+05
7.82550e-04 7.67054e+05  2.45635e+07 2.49464e+07 2.01109e+05
8.38349e-04 8.64660e+05  2.80578e+07 2.85591e+07 2.04833e+05
8.94047e-04 8.61462e+05  3.18662e+07 3.23517e+07 2.08006e+05
9.49703e-04 8.22960e+05  3.59182e+07 3.63522e+07 2.09403e+05
1.00542e-03 8.04766e+05  4.01808e+07 4.06048e+07 2.12489e+05
1.06109e-03 7.65475e+05  4.47184e+07 4.51060e+07 2.19304e+05
1.11678e-03 7.13771e+05  4.94840e+07 4.98282e+07 2.29689e+05
1.17244e-03 6.74097e+05  5.44160e+07 5.47392e+07 2.44767e+05
1.22810e-03 6.10392e+05  5.96265e+07 5.98612e+07 2.58897e+05
1.28374e-03 5.65079e+05  6.51197e+07 6.52689e+07 2.67667e+05
1.33936e-03 6.20079e+05  7.08220e+07 7.10229e+07 2.75271e+05
1.39499e-03 7.62999e+05  7.67387e+07 7.71050e+07 2.80823e+05
1.45057e-03 9.04392e+05  8.28639e+07 8.34048e+07 2.83103e+05
1.50609e-03 9.40553e+05  8.92219e+07 8.98239e+07 2.86193e+05
1.56163e-03 8.44868e+05  9.58464e+07 9.63504e+07 2.89401e+05
1.61712e-03 7.03326e+05  1.02697e+08 1.03043e+08 2.92303e+05
1.67263e-03 6.10280e+05  1.09769e+08 1.10000e+08 2.98979e+05
1.72810e-03 6.06233e+05  1.17058e+08 1.17263e+08 3.08598e+05
1.78358e-03 6.74796e+05  1.24554e+08 1.24829e+08 3.17646e+05
1.83905e-03 7.34437e+05  1.32302e+08 1.32645e+08 3.27420e+05
1.89450e-03 7.28207e+05  1.40327e+08 1.40661e+08 3.38099e+05
1.94993e-03 7.00764e+05  1.48540e+08 1.48860e+08 3.46112e+05
2.00537e-03 7.00897e+05  1.56922e+08 1.57269e+08 3.50910e+05
2.06078e-03 7.17014e+05  1.65565e+08 1.65928e+08 3.53977e+05
2.11614e-03 7.46389e+05  1.74470e+08 1.74842e+08 3.55933e+05
2.17148e-03 7.97622e+05  1.83563e+08 1.83983e+08 3.57484e+05
2.22681e-03 8.24367e+05  1.92853e+08 1.93303e+08 3.59700e+05
2.28210e-03 7.77128e+05  2.02391e+08 2.02778e+08 3.63280e+05
2.33737e-03 6.90148e+05  2.12152e+08 2.12439e+08 3.69569e+05
2.39264e-03 6.26532e+05  2.22105e+08 2.22346e+08 3.79852e+05
2.44791e-03 6.03420e+05  2.32301e+08 2.32536e+08 3.92256e+05
2.50318e-03 6.21976e+05  2.42755e+08 2.43001e+08 4.03143e+05
2.55841e-03 6.90125e+05  2.53392e+08 2.53699e+08 4.10537e+05
2.61362e-03 7.77556e+05  2.64192e+08 2.64598e+08 4.14300e+05
2.66884e-03 8.17145e+05  2.75244e+08 2.75688e+08 4.15626e+05
2.72401e-03 7.90493e+05  2.86566e+08 2.86958e+08 4.16482e+05
2.77914e-03 7.51209e+05  2.98071e+08 2.98420e+08 4.17781e+05
2.83425e-03 7.28964e+05  3.09724e+08 3.10083e+08 4.19788e+05
2.88939e-03 6.93277e+05  3.21630e+08 3.21965e+08 4.24230e+05
2.94450e-03 6.46060e+05  3.33803e+08 3.34067e+08 4.32976e+05
2.99957e-03 6.38827e+05  3.46146e+08 3.46397e+08 4.45227e+05
3.05463e-03 6.72589e+05  3.58669e+08 3.58969e+08 4.57381e+05
3.10971e-03 6.99170e+05  3.71460e+08 3.71779e+08 4.65859e+05
3.16476e-03 7.16441e+05  3.84478e+08 3.84795e+08 4.70203e+05
3.21976e-03 7.49912e+05  3.97630e+08 3.97992e+08 4.72176e+05
3.27474e-03 7.70677e+05  4.10968e+08 4.11376e+08 4.73048e+05
3.32974e-03 7.39300e+05  4.24599e+08 4.24964e+08 4.73752e+05
3.38469e-03 6.94248e+05  4.38462e+08 4.38756e+08 4.75534e+05
3.43961e-03 6.94314e+05  4.52453e+08 4.52756e+08 4.79473e+05
3.49453e-03 7.12479e+05  4.66615e+08 4.66963e+08 4.86507e+05
3.54947e-03 6.87910e+05  4.81061e+08 4.81380e+08 4.96621e+05
3.60438e-03 6.41456e+05  4.95746e+08 4.95999e+08 5.07529e+05
3.65925e-03 6.39199e+05  5.10578e+08 5.10833e+08 5.16282e+05
3.71410e-03 6.84736e+05  5.25590e+08 5.25904e+08 5.21825e+05
3.76898e-03 7.35990e+05  5.40853e+08 5.41209e+08 5.24902e+05
3.82383e-03 7.76754e+05  5.56322e+08 5.56706e+08 5.26663e+05
3.87862e-03 7.96085e+05  5.71944e+08 5.72355e+08 5.28072e+05
3.93341e-03 7.58837e+05  5.87776e+08 5.88157e+08 5.29874e+05
3.98818e-03 6.67426e+05  6.03852e+08 6.04130e+08 5.32833e+05
4.04295e-03 5.92148e+05  6.20120e+08 6.20320e+08 5.38052e+05
4.09768e-03 5.87890e+05  6.36539e+08 6.36751e+08 5.46128e+05
4.15240e-03 6.39092e+05  6.53177e+08 6.53445e+08 5.55694e+05
4.20714e-03 7.10913e+05  6.70061e+08 6.70388e+08 5.64044e+05
4.26186e-03 7.83181e+05  6.87124e+08 6.87519e+08 5.69655e+05
4.31654e-03 8.20762e+05  7.04348e+08 7.04790e+08 5.72997e+05
4.37120e-03 7.86677e+05  7.21789e+08 7.22194e+08 5.75096e+05
4.42587e-03 7.01180e+05  7.39450e+08 7.39760e+08 5.76694e+05
4.48051e-03 6.27891e+05  7.57279e+08 7.57521e+08 5.78537e+05
4.53513e-03 6.00344e+05  7.75286e+08 7.75514e+08 5.81507e+05
4.58972e-03 6.13094e+05  7.93516e+08 7.93753e+08 5.86280e+05
4.64432e-03 6.61237e+05  8.11958e+08 8.12231e+08 5.92805e+05
4.69890e-03 7.28718e+05  8.30563e+08 8.30904e+08 5.99988e+05
4.75345e-03 7.67233e+05  8.49353e+08 8.49736e+08 6.06274e+05
4.80799e-03 7.47065e+05  8.68365e+08 8.68722e+08 6.10902e+05
4.86254e-03 7.00852e+05  8.87573e+08 8.87886e+08 6.14263e+05
4.91706e-03 6.72563e+05  9.06936e+08 9.07241e+08 6.17039e+05
4.97155e-03 6.63726e+05  9.26497e+08 9.26804e+08 6.19683e+05
5.02603e-03 6.66956e+05  9.46287e+08 9.46582e+08 6.22660e+05
5.08050e-03 6.94819e+05  9.66251e+08 9.66563e+08 6.26455e+05
5.13495e-03 7.34540e+05  9.86362e+08 9.86718e+08 6.31189e+05
5.18938e-03 7.35366e+05  1.00668e+09 1.00703e+09 6.36444e+05
5.24380e-03 6.82093e+05  1.02723e+09 1.02750e+09 6.41551e+05
5.29821e-03 6.25041e+05  1.04795e+09 1.04817e+09 6.46046e+05
5.35260e-03 6.09026e+05  1.06882e+09 1.06905e+09 6.49980e+05
5.40697e-03 6.31184e+05  1.08989e+09 1.09015e+09 6.53755e+05
5.46132e-03 6.83223e+05  1.11118e+09 1.11149e+09 6.57566e+05
5.51567e-03 7.62035e+05  1.13263e+09 1.13302e+09 6.61301e+05
5.56999e-03 8.23317e+05  1.15423e+09 1.15469e+09 6.65054e+05
5.62431e-03 8.03790e+05  1.17606e+09 1.17649e+09 6.69064e+05
5.67860e-03 7.10587e+05  1.19810e+09 1.19841e+09 6.73157e+05
5.73288e-03 6.19830e+05  1.22029e+09 1.22050e+09 6.77005e+05
5.78714e-03 5.78001e+05  1.24261e+09 1.24280e+09 6.80785e+05
5.84139e-03 5.74738e+05  1.26516e+09 1.26535e+09 6.84879e+05
5.89562e-03 6.08137e+05  1.28793e+09 1.28815e+09 6.89221e+05
5.94983e-03 6.90516e+05  1.31085e+09 1.31116e+09 6.93584e+05
6.00402e-03 7.84211e+05  1.33392e+09 1.33434e+09 6.98042e+05
6.05821e-03 8.15700e+05  1.35718e+09 1.35763e+09 7.02524e+05
6.11237e-03 7.67955e+05  1.38066e+09 1.38104e+09 7.06515e+05
6.16651e-03 6.93819e+05  1.40429e+09 1.40460e+09 7.09795e+05
6.22065e-03 6.38028e+05  1.42808e+09 1.42834e+09 7.12899e+05
6.27476e-03 6.09288e+05  1.45207e+09 1.45230e+09 7.16353e+05
6.32884e-03 6.18289e+05  1.47626e+09 1.47648e+09 7.20101e+05
6.38292e-03 6.71500e+05  1.50059e+09 1.50087e+09 7.24176e+05
6.43699e-03 7.29854e+05  1.52508e+09 1.52544e+09 7.29104e+05
6.49103e-03 7.38173e+05  1.54977e+09 1.55014e+09 7.34950e+05
6.54506e-03 6.96604e+05  1.57467e+09 1.57497e+09 7.40678e+05
6.59906e-03 6.53595e+05  1.59971e+09 1.59997e+09 7.45178e+05
6.65307e-03 6.38323e+05  1.62490e+09 1.62516e+09 7.48431e+05
6.70704e-03 6.46655e+05  1.65028e+09 1.65055e+09 7.51101e+05
6.76099e-03 6.76754e+05  1.67586e+09 1.67615e+09 7.53548e+05
6.81493e-03 7.26602e+05  1.70159e+09 1.70194e+09 7.55956e+05
6.86887e-03 7.65870e+05  1.72749e+09 1.72788e+09 7.59061e+05
6.92277e-03 7.56729e+05  1.75356e+09 1.75395e+09 7.63818e+05
6.97665e-03 7.00479e+05  1.77981e+09 1.78013e+09 7.70214e+05
7.03052e-03 6.34204e+05  1.80623e+09 1.80648e+09 7.77017e+05
7.08440e-03 5.91324e+05  1.83282e+09 1.83302e+09 7.82863e+05
7.13824e-03 5.87092e+05  1.85958e+09 1.85976e+09 7.87192e+05
7.19205e-03 6.24970e+05  1.88650e+09 1.88673e+09 7.90111e+05
7.24588e-03 6.91372e+05  1.91360e+09 1.91390e+09 7.92000e+05
7.29969e-03 7.54194e+05  1.94088e+09 1.94125e+09 7.93550e+05
7.35347e-03 7.83650e+05  1.96831e+09 1.96872e+09 7.95707e+05
7.40720e-03 7.68798e+05  1.99589e+09 1.99629e+09 7.99202e+05
7.46096e-03 7.14848e+05  2.02365e+09 2.02400e+09 8.04229e+05
7.51472e-03 6.43845e+05  2.05161e+09 2.05188e+09 8.10459e+05
7.56843e-03 5.94695e+05  2.07972e+09 2.07992e+09 8.17082e+05
7.62211e-03 5.95962e+05  2.10797e+09 2.10816e+09 8.22963e+05
7.67580e-03 6.37146e+05  2.13639e+09 2.13663e+09 8.27255e+05
7.72950e-03 6.84786e+05  2.16501e+09 2.16530e+09 8.30034e+05
7.78315e-03 7.19215e+05  2.19378e+09 2.19411e+09 8.32100e+05
7.83677e-03 7.35179e+05  2.22268e+09 2.22304e+09 8.34186e+05
7.89040e-03 7.23846e+05  2.25176e+09 2.25212e+09 8.36638e+05
7.94402e-03 6.86006e+05  2.28103e+09 2.28135e+09 8.39708e+05
7.99761e-03 6.49569e+05  2.31046e+09 2.31072e+09 8.43705e+05
8.05116e-03 6.41666e+05  2.34000e+09 2.34026e+09 8.48678e+05
8.10472e-03 6.54545e+05  2.36972e+09 2.37000e+09 8.54193e+05
8.15830e-03 6.65836e+05  2.39966e+09 2.39993e+09 8.59538e+05
8.21183e-03 6.75727e+05  2.42974e+09 2.43002e+09 8.64147e+05
8.26533e-03 6.93955e+05  2.45995e+09 2.46026e+09 8.67852e+05
8.31884e-03 7.07817e+05  2.49031e+09 2.49065e+09 8.70836e+05
8.37235e-03 6.97277e+05  2.52087e+09 2.52120e+09 8.73420e+05
8.42583e-03 6.69644e+05  2.55159e+09 2.55188e+09 8.75895e+05
8.47927e-03 6.48927e+05  2.58244e+09 2.58271e+09 8.78518e+05
8.53272e-03 6.42277e+05  2.61345e+09 2.61371e+09 8.81598e+05
8.58616e-03 6.42830e+05  2.64464e+09 2.64489e+09 8.85425e+05
8.63958e-03 6.52441e+05  2.67599e+09 2.67624e+09 8.89992e+05
8.69296e-03 6.76328e+05  2.70747e+09 2.70776e+09 8.94898e+05
8.74635e-03 7.04934e+05  2.73912e+09 2.73945e+09 8.99575e+05
8.79975e-03 7.21228e+05  2.77094e+09 2.77130e+09 9.03623e+05
8.85310e-03 7.18791e+05  2.80292e+09 2.80327e+09 9.07003e+05
8.90644e-03 7.00861e+05  2.83503e+09 2.83536e+09 9.09962e+05
8.95977e-03 6.72461e+05  2.86731e+09 2.86760e+09 9.12778e+05
9.01310e-03 6.42298e+05  2.89975e+09 2.89999e+09 9.15634e+05
9.06640e-03 6.21272e+05  2.93233e+09 2.93254e+09 9.18674e+05
9.11968e-03 6.15131e+05  2.96506e+09 2.96528e+09 9.22047e+05
9.17296e-03 6.27834e+05  2.99797e+09 2.99821e+09 9.25782e+05
9.22622e-03 6.64834e+05  3.03103e+09 3.03131e+09 9.29663e+05
9.27946e-03 7.16459e+05  3.06422e+09 3.06457e+09 9.33434e+05
9.33269e-03 7.49689e+05  3.09756e+09 3.09795e+09 9.37090e+05
9.38591e-03 7.39999e+05  3.13109e+09 3.13147e+09 9.40782e+05
9.43913e-03 7.01565e+05  3.16478e+09 3.16510e+09 9.44492e+05
9.49231e-03 6.63789e+05  3.19858e+09 3.19885e+09 9.48055e+05
9.54549e-03 6.34327e+05  3.23252e+09 3.23277e+09 9.51442e+05
9.59866e-03 6.11729e+05  3.26666e+09 3.26687e+09 9.54759e+05
9.65182e-03 6.12065e+05  3.30095e+09 3.30115e+09 9.57980e+05
9.70495e-03 6.46257e+05  3.33535e+09 3.33561e+09 9.61020e+05
9.75807e-03 6.88495e+05  3.36990e+09 3.37022e+09 9.64113e+05
9.81119e-03 7.04700e+05  3.40464e+09 3.40498e+09 9.67693e+05
9.86428e-03 6.97587e+05  3.43953e+09 3.43984e+09 9.71778e+05
9.91733e-03 6.89396e+05  3.47451e+09 3.47482e+09 9.75888e+05
9.97039e-03 6.79890e+05  3.50965e+09 3.50995e+09 9.79686e+05
1.00000e-02 6.69468e+05  3.52933e+09 3.52963e+09 9.81702e+05
