5.72372e-05 5.85000e+01  5.03995e+00 5.03995e+00 
1.14474e-04 5.85000e+01  2.01598e+01 2.01598e+01 
1.71712e-04 5.85000e+01  4.53595e+01 4.53595e+01 
2.28949e-04 5.85000e+01  8.06392e+01 8.06392e+01 
2.86186e-04 5.85000e+01  1.25999e+02 1.25999e+02 
3.43423e-04 5.85000e+01  1.81438e+02 1.81438e+02 
4.00660e-04 5.85000e+01  2.46957e+02 2.46957e+02 
4.57898e-04 5.85000e+01  3.22557e+02 3.22557e+02 
5.15135e-04 5.85000e+01  4.08236e+02 4.08236e+02 
5.72372e-04 5.85000e+01  5.03995e+02 5.03995e+02 
6.29609e-04 5.85000e+01  6.09834e+02 6.09834e+02 
6.86846e-04 5.85000e+01  7.25753e+02 7.25753e+02 
7.44084e-04 5.85000e+01  8.51751e+02 8.51751e+02 
8.01321e-04 5.85000e+01  9.87830e+02 9.87830e+02 
8.58558e-04 5.85000e+01  1.13399e+03 1.13399e+03 
9.15795e-04 5.85000e+01  1.29023e+03 1.29023e+03 
9.73032e-04 5.85000e+01  1.45655e+03 1.45655e+03 
1.03027e-03 5.85000e+01  1.63294e+03 1.63294e+03 
1.08751e-03 5.85000e+01  1.81942e+03 1.81942e+03 
1.14474e-03 5.85000e+01  2.01598e+03 2.01598e+03 
1.20198e-03 5.85000e+01  2.22262e+03 2.22262e+03 
1.25922e-03 5.85000e+01  2.43933e+03 2.43933e+03 
1.31646e-03 5.85000e+01  2.66613e+03 2.66613e+03 
1.37369e-03 5.85000e+01  2.90301e+03 2.90301e+03 
1.43093e-03 5.85000e+01  3.14997e+03 3.14997e+03 
1.48817e-03 5.85000e+01  3.40701e+03 3.40701e+03 
1.54540e-03 5.85000e+01  3.67412e+03 3.67412e+03 
1.60264e-03 5.85000e+01  3.95132e+03 3.95132e+03 
1.65988e-03 5.85000e+01  4.23860e+03 4.23860e+03 
1.71712e-03 5.85000e+01  4.53595e+03 4.53595e+03 
1.77435e-03 5.85000e+01  4.84339e+03 4.84339e+03 
1.83159e-03 5.85000e+01  5.16091e+03 5.16091e+03 
1.88883e-03 5.85000e+01  5.48850e+03 5.48850e+03 
1.94606e-03 5.85000e+01  5.82618e+03 5.82618e+03 
2.00330e-03 5.85000e+01  6.17394e+03 6.17394e+03 
2.06054e-03 5.85000e+01  6.53177e+03 6.53177e+03 
2.11778e-03 5.85000e+01  6.89969e+03 6.89969e+03 
2.17501e-03 5.85000e+01  7.27769e+03 7.27769e+03 
2.23225e-03 5.85000e+01  7.66576e+03 7.66576e+03 
2.28949e-03 5.85000e+01  8.06392e+03 8.06392e+03 
2.34673e-03 5.85000e+01  8.47215e+03 8.47215e+03 
2.40396e-03 5.85000e+01  8.89047e+03 8.89047e+03 
2.46120e-03 5.85000e+01  9.31886e+03 9.31886e+03 
2.51844e-03 5.85000e+01  9.75734e+03 9.75734e+03 
2.57567e-03 5.85000e+01  1.02059e+04 1.02059e+04 
2.63291e-03 5.85000e+01  1.06645e+04 1.06645e+04 
2.69015e-03 5.85000e+01  1.11332e+04 1.11332e+04 
2.74739e-03 5.85000e+01  1.16120e+04 1.16120e+04 
2.80462e-03 5.85000e+01  1.21009e+04 1.21009e+04 
2.86186e-03 5.85000e+01  1.25999e+04 1.25999e+04 
2.91910e-03 5.85000e+01  1.31089e+04 1.31089e+04 
2.97633e-03 5.85000e+01  1.36280e+04 1.36280e+04 
3.03357e-03 5.85000e+01  1.41572e+04 1.41572e+04 
3.09081e-03 5.85000e+01  1.46965e+04 1.46965e+04 
3.14805e-03 5.85000e+01  1.52458e+04 1.52458e+04 
3.20528e-03 5.85000e+01  1.58053e+04 1.58053e+04 
3.26252e-03 5.85000e+01  1.63748e+04 1.63748e+04 
3.31976e-03 5.85000e+01  1.69544e+04 1.69544e+04 
3.37699e-03 5.85000e+01  1.75441e+04 1.75441e+04 
3.43423e-03 5.85000e+01  1.81438e+04 1.81438e+04 
3.49147e-03 5.85000e+01  1.87536e+04 1.87536e+04 
3.54871e-03 5.85000e+01  1.93736e+04 1.93736e+04 
3.60594e-03 5.85000e+01  2.00036e+04 2.00036e+04 
3.66318e-03 5.85000e+01  2.06436e+04 2.06436e+04 
3.72042e-03 5.85000e+01  2.12938e+04 2.12938e+04 
3.77766e-03 5.85000e+01  2.19540e+04 2.19540e+04 
3.83489e-03 5.85000e+01  2.26243e+04 2.26243e+04 
3.89213e-03 5.85000e+01  2.33047e+04 2.33047e+04 
3.94937e-03 5.85000e+01  2.39952e+04 2.39952e+04 
4.00660e-03 5.85000e+01  2.46957e+04 2.46957e+04 
4.06384e-03 5.85000e+01  2.54064e+04 2.54064e+04 
4.12108e-03 5.85000e+01  2.61271e+04 2.61271e+04 
4.17832e-03 5.85000e+01  2.68579e+04 2.68579e+04 
4.23555e-03 5.85000e+01  2.75988e+04 2.75988e+04 
4.29279e-03 5.85000e+01  2.83497e+04 2.83497e+04 
4.35003e-03 5.85000e+01  2.91107e+04 2.91107e+04 
4.40726e-03 5.85000e+01  2.98819e+04 2.98819e+04 
4.46450e-03 5.85000e+01  3.06630e+04 3.06630e+04 
4.52174e-03 5.85000e+01  3.14543e+04 3.14543e+04 
4.57898e-03 5.85000e+01  3.22557e+04 3.22557e+04 
4.63621e-03 5.85000e+01  3.30671e+04 3.30671e+04 
4.69345e-03 5.85000e+01  3.38886e+04 3.38886e+04 
4.75069e-03 5.85000e+01  3.47202e+04 3.47202e+04 
4.80793e-03 5.85000e+01  3.55619e+04 3.55619e+04 
4.86516e-03 5.85000e+01  3.64136e+04 3.64136e+04 
4.92240e-03 5.85000e+01  3.72755e+04 3.72755e+04 
4.97964e-03 5.85000e+01  3.81474e+04 3.81474e+04 
5.03687e-03 5.85000e+01  3.90294e+04 3.90294e+04 
5.09411e-03 5.85000e+01  3.99214e+04 3.99214e+04 
5.15135e-03 5.85000e+01  4.08236e+04 4.08236e+04 
5.20859e-03 5.85000e+01  4.17358e+04 4.17358e+04 
5.26582e-03 5.85000e+01  4.26581e+04 4.26581e+04 
5.32306e-03 5.85000e+01  4.35905e+04 4.35905e+04 
5.38030e-03 5.85000e+01  4.45330e+04 4.45330e+04 
5.43753e-03 5.85000e+01  4.54855e+04 4.54855e+04 
5.49477e-03 5.85000e+01  4.64482e+04 4.64482e+04 
5.55201e-03 5.85000e+01  4.74209e+04 4.74209e+04 
5.60925e-03 5.85000e+01  4.84037e+04 4.84037e+04 
5.66648e-03 5.85000e+01  4.93965e+04 4.93965e+04 
5.72372e-03 5.85000e+01  5.03995e+04 5.03995e+04 
5.78096e-03 5.85000e+01  5.14125e+04 5.14125e+04 
5.83819e-03 5.85000e+01  5.24356e+04 5.24356e+04 
5.89543e-03 5.85000e+01  5.34688e+04 5.34688e+04 
5.95267e-03 5.85000e+01  5.45121e+04 5.45121e+04 
6.00991e-03 5.85000e+01  5.55654e+04 5.55654e+04 
6.06714e-03 5.85000e+01  5.66289e+04 5.66289e+04 
6.12438e-03 5.85000e+01  5.77024e+04 5.77024e+04 
6.18162e-03 5.85000e+01  5.87860e+04 5.87860e+04 
6.23886e-03 5.85000e+01  5.98796e+04 5.98796e+04 
6.29609e-03 5.85000e+01  6.09834e+04 6.09834e+04 
6.35333e-03 5.85000e+01  6.20972e+04 6.20972e+04 
6.41057e-03 5.85000e+01  6.32211e+04 6.32211e+04 
6.46780e-03 5.85000e+01  6.43551e+04 6.43551e+04 
6.52504e-03 5.85000e+01  6.54992e+04 6.54992e+04 
6.58228e-03 5.85000e+01  6.66533e+04 6.66533e+04 
6.63952e-03 5.85000e+01  6.78175e+04 6.78175e+04 
6.69675e-03 5.85000e+01  6.89918e+04 6.89918e+04 
6.75399e-03 5.85000e+01  7.01762e+04 7.01762e+04 
6.81123e-03 5.85000e+01  7.13707e+04 7.13707e+04 
6.86846e-03 5.85000e+01  7.25753e+04 7.25753e+04 
6.92570e-03 5.85000e+01  7.37899e+04 7.37899e+04 
6.98294e-03 5.85000e+01  7.50146e+04 7.50146e+04 
7.04018e-03 5.85000e+01  7.62494e+04 7.62494e+04 
7.09741e-03 5.85000e+01  7.74942e+04 7.74942e+04 
7.15465e-03 5.85000e+01  7.87492e+04 7.87492e+04 
7.21189e-03 5.85000e+01  8.00142e+04 8.00142e+04 
7.26912e-03 5.85000e+01  8.12893e+04 8.12893e+04 
7.32636e-03 5.85000e+01  8.25745e+04 8.25745e+04 
7.38360e-03 5.85000e+01  8.38698e+04 8.38698e+04 
7.44084e-03 5.85000e+01  8.51751e+04 8.51751e+04 
7.49807e-03 5.85000e+01  8.64905e+04 8.64905e+04 
7.55531e-03 5.85000e+01  8.78161e+04 8.78161e+04 
7.61255e-03 5.85000e+01  8.91516e+04 8.91516e+04 
7.66979e-03 5.85000e+01  9.04973e+04 9.04973e+04 
7.72702e-03 5.85000e+01  9.18531e+04 9.18531e+04 
7.78426e-03 5.85000e+01  9.32189e+04 9.32189e+04 
7.84150e-03 5.85000e+01  9.45948e+04 9.45948e+04 
7.89873e-03 5.85000e+01  9.59808e+04 9.59808e+04 
7.95597e-03 5.85000e+01  9.73768e+04 9.73768e+04 
8.01321e-03 5.85000e+01  9.87830e+04 9.87830e+04 
8.07045e-03 5.85000e+01  1.00199e+05 1.00199e+05 
8.12768e-03 5.85000e+01  1.01626e+05 1.01626e+05 
8.18492e-03 5.85000e+01  1.03062e+05 1.03062e+05 
8.24216e-03 5.85000e+01  1.04508e+05 1.04508e+05 
8.29939e-03 5.85000e+01  1.05965e+05 1.05965e+05 
8.35663e-03 5.85000e+01  1.07432e+05 1.07432e+05 
8.41387e-03 5.85000e+01  1.08908e+05 1.08908e+05 
8.47111e-03 5.85000e+01  1.10395e+05 1.10395e+05 
8.52834e-03 5.85000e+01  1.11892e+05 1.11892e+05 
8.58558e-03 5.85000e+01  1.13399e+05 1.13399e+05 
8.64282e-03 5.85000e+01  1.14916e+05 1.14916e+05 
8.70005e-03 5.85000e+01  1.16443e+05 1.16443e+05 
8.75729e-03 5.85000e+01  1.17980e+05 1.17980e+05 
8.81453e-03 5.85000e+01  1.19527e+05 1.19527e+05 
8.87177e-03 5.85000e+01  1.21085e+05 1.21085e+05 
8.92900e-03 5.85000e+01  1.22652e+05 1.22652e+05 
8.98624e-03 5.85000e+01  1.24230e+05 1.24230e+05 
9.04348e-03 5.85000e+01  1.25817e+05 1.25817e+05 
9.10072e-03 5.85000e+01  1.27415e+05 1.27415e+05 
9.15795e-03 5.85000e+01  1.29023e+05 1.29023e+05 
9.21519e-03 5.85000e+01  1.30640e+05 1.30640e+05 
9.27243e-03 5.85000e+01  1.32268e+05 1.32268e+05 
9.32966e-03 5.85000e+01  1.33906e+05 1.33906e+05 
9.38690e-03 5.85000e+01  1.35554e+05 1.35554e+05 
9.44414e-03 5.85000e+01  1.37213e+05 1.37213e+05 
9.50138e-03 5.85000e+01  1.38881e+05 1.38881e+05 
9.55861e-03 5.85000e+01  1.40559e+05 1.40559e+05 
9.61585e-03 5.85000e+01  1.42247e+05 1.42247e+05 
9.67309e-03 5.85000e+01  1.43946e+05 1.43946e+05 
9.73032e-03 5.85000e+01  1.45654e+05 1.45654e+05 
9.78756e-03 5.85000e+01  1.47373e+05 1.47373e+05 
9.84480e-03 5.85000e+01  1.49102e+05 1.49102e+05 
9.90204e-03 5.85000e+01  1.50841e+05 1.50841e+05 
9.95927e-03 5.85000e+01  1.52589e+05 1.52589e+05 
1.00165e-02 5.85000e+01  1.54348e+05 1.54348e+05 
1.00737e-02 5.85000e+01  1.56117e+05 1.56117e+05 
1.01310e-02 5.85000e+01  1.57897e+05 1.57897e+05 
1.01882e-02 5.85000e+01  1.59686e+05 1.59686e+05 
1.02455e-02 5.85000e+01  1.61485e+05 1.61485e+05 
1.03027e-02 5.85000e+01  1.63294e+05 1.63294e+05 
1.03599e-02 5.85000e+01  1.65114e+05 1.65114e+05 
1.04172e-02 5.85000e+01  1.66943e+05 1.66943e+05 
1.04744e-02 5.85000e+01  1.68783e+05 1.68783e+05 
1.05316e-02 5.85000e+01  1.70632e+05 1.70632e+05 
1.05889e-02 5.85000e+01  1.72492e+05 1.72492e+05 
1.06461e-02 5.85000e+01  1.74362e+05 1.74362e+05 
1.07034e-02 5.85000e+01  1.76242e+05 1.76242e+05 
1.07606e-02 5.85000e+01  1.78132e+05 1.78132e+05 
1.08178e-02 5.85000e+01  1.80032e+05 1.80032e+05 
1.08751e-02 5.85000e+01  1.81942e+05 1.81942e+05 
1.09323e-02 5.85000e+01  1.83862e+05 1.83862e+05 
1.09895e-02 5.85000e+01  1.85793e+05 1.85793e+05 
1.10468e-02 5.85000e+01  1.87733e+05 1.87733e+05 
1.11040e-02 5.85000e+01  1.89683e+05 1.89683e+05 
1.11613e-02 5.85000e+01  1.91644e+05 1.91644e+05 
1.12185e-02 5.85000e+01  1.93615e+05 1.93615e+05 
1.12757e-02 5.85000e+01  1.95595e+05 1.95595e+05 
1.13330e-02 5.85000e+01  1.97586e+05 1.97586e+05 
1.13902e-02 5.85000e+01  1.99587e+05 1.99587e+05 
1.14474e-02 5.85000e+01  2.01598e+05 2.01598e+05 
1.15047e-02 5.85000e+01  2.03619e+05 2.03619e+05 
1.15619e-02 5.85000e+01  2.05650e+05 2.05650e+05 
1.16192e-02 5.85000e+01  2.07691e+05 2.07691e+05 
1.16764e-02 5.85000e+01  2.09742e+05 2.09742e+05 
1.17336e-02 5.85000e+01  2.11804e+05 2.11804e+05 
1.17909e-02 5.85000e+01  2.13875e+05 2.13875e+05 
1.18481e-02 5.85000e+01  2.15957e+05 2.15957e+05 
1.19053e-02 5.85000e+01  2.18048e+05 2.18048e+05 
1.19626e-02 5.85000e+01  2.20150e+05 2.20150e+05 
1.20198e-02 5.85000e+01  2.22262e+05 2.22262e+05 
1.20770e-02 5.85000e+01  2.24383e+05 2.24383e+05 
1.21343e-02 5.85000e+01  2.26515e+05 2.26515e+05 
1.21915e-02 5.85000e+01  2.28657e+05 2.28657e+05 
1.22488e-02 5.85000e+01  2.30809e+05 2.30809e+05 
1.23060e-02 5.85000e+01  2.32972e+05 2.32972e+05 
1.23632e-02 5.85000e+01  2.35144e+05 2.35144e+05 
1.24205e-02 5.85000e+01  2.37326e+05 2.37326e+05 
1.24777e-02 5.85000e+01  2.39518e+05 2.39518e+05 
1.25349e-02 5.85000e+01  2.41721e+05 2.41721e+05 
1.25922e-02 5.85000e+01  2.43933e+05 2.43933e+05 
1.26494e-02 5.85000e+01  2.46156e+05 2.46156e+05 
1.27067e-02 5.85000e+01  2.48389e+05 2.48389e+05 
1.27639e-02 5.85000e+01  2.50632e+05 2.50632e+05 
1.28211e-02 5.85000e+01  2.52884e+05 2.52884e+05 
1.28784e-02 5.85000e+01  2.55147e+05 2.55147e+05 
1.29356e-02 5.85000e+01  2.57420e+05 2.57420e+05 
1.29928e-02 5.85000e+01  2.59703e+05 2.59703e+05 
1.30501e-02 5.85000e+01  2.61997e+05 2.61997e+05 
1.31073e-02 5.85000e+01  2.64300e+05 2.64300e+05 
1.31646e-02 5.85000e+01  2.66613e+05 2.66613e+05 
1.32218e-02 5.85000e+01  2.68937e+05 2.68937e+05 
1.32790e-02 5.85000e+01  2.71270e+05 2.71270e+05 
1.33363e-02 5.85000e+01  2.73614e+05 2.73614e+05 
1.33935e-02 5.85000e+01  2.75967e+05 2.75967e+05 
1.34507e-02 5.85000e+01  2.78331e+05 2.78331e+05 
1.35080e-02 5.85000e+01  2.80705e+05 2.80705e+05 
1.35652e-02 5.85000e+01  2.83089e+05 2.83089e+05 
1.36225e-02 5.85000e+01  2.85483e+05 2.85483e+05 
1.36797e-02 5.85000e+01  2.87887e+05 2.87887e+05 
1.37369e-02 5.85000e+01  2.90301e+05 2.90301e+05 
1.37942e-02 5.85000e+01  2.92725e+05 2.92725e+05 
1.38514e-02 5.85000e+01  2.95159e+05 2.95159e+05 
1.39086e-02 5.85000e+01  2.97604e+05 2.97604e+05 
1.39659e-02 5.85000e+01  3.00058e+05 3.00058e+05 
1.40231e-02 5.85000e+01  3.02523e+05 3.02523e+05 
1.40804e-02 5.85000e+01  3.04997e+05 3.04997e+05 
1.41376e-02 5.85000e+01  3.07482e+05 3.07482e+05 
1.41948e-02 5.85000e+01  3.09977e+05 3.09977e+05 
1.42521e-02 5.85000e+01  3.12482e+05 3.12482e+05 
1.43093e-02 5.85000e+01  3.14997e+05 3.14997e+05 
1.43665e-02 5.85000e+01  3.17522e+05 3.17522e+05 
1.44238e-02 5.85000e+01  3.20057e+05 3.20057e+05 
1.44810e-02 5.85000e+01  3.22602e+05 3.22602e+05 
1.45382e-02 5.85000e+01  3.25157e+05 3.25157e+05 
1.45955e-02 5.85000e+01  3.27723e+05 3.27723e+05 
1.46527e-02 5.85000e+01  3.30298e+05 3.30298e+05 
1.47100e-02 5.85000e+01  3.32883e+05 3.32883e+05 
1.47672e-02 5.85000e+01  3.35479e+05 3.35479e+05 
1.48244e-02 5.85000e+01  3.38085e+05 3.38085e+05 
1.48817e-02 5.85000e+01  3.40700e+05 3.40700e+05 
1.49389e-02 5.85000e+01  3.43326e+05 3.43326e+05 
1.49961e-02 5.85000e+01  3.45962e+05 3.45962e+05 
1.50534e-02 5.85000e+01  3.48608e+05 3.48608e+05 
1.51106e-02 5.85000e+01  3.51264e+05 3.51264e+05 
1.51679e-02 5.85000e+01  3.53930e+05 3.53930e+05 
1.52251e-02 5.85000e+01  3.56606e+05 3.56606e+05 
1.52823e-02 5.85000e+01  3.59293e+05 3.59293e+05 
1.53396e-02 5.85000e+01  3.61989e+05 3.61989e+05 
1.53968e-02 5.85000e+01  3.64696e+05 3.64696e+05 
1.54540e-02 5.85000e+01  3.67412e+05 3.67412e+05 
1.55113e-02 5.85000e+01  3.70139e+05 3.70139e+05 
1.55685e-02 5.85000e+01  3.72875e+05 3.72875e+05 
1.56258e-02 5.85000e+01  3.75622e+05 3.75622e+05 
1.56830e-02 5.85000e+01  3.78379e+05 3.78379e+05 
1.57402e-02 5.85000e+01  3.81146e+05 3.81146e+05 
1.57975e-02 5.85000e+01  3.83923e+05 3.83923e+05 
1.58547e-02 5.85000e+01  3.86710e+05 3.86710e+05 
1.59119e-02 5.85000e+01  3.89507e+05 3.89507e+05 
1.59692e-02 5.85000e+01  3.92314e+05 3.92314e+05 
1.60264e-02 5.85000e+01  3.95132e+05 3.95132e+05 
1.60837e-02 5.85000e+01  3.97959e+05 3.97959e+05 
1.61409e-02 5.85000e+01  4.00797e+05 4.00797e+05 
1.61981e-02 5.85000e+01  4.03644e+05 4.03644e+05 
1.62554e-02 5.85000e+01  4.06502e+05 4.06502e+05 
1.63126e-02 5.85000e+01  4.09370e+05 4.09370e+05 
1.63698e-02 5.85000e+01  4.12247e+05 4.12247e+05 
1.64271e-02 5.85000e+01  4.15135e+05 4.15135e+05 
1.64843e-02 5.85000e+01  4.18033e+05 4.18033e+05 
1.65416e-02 5.85000e+01  4.20941e+05 4.20941e+05 
1.65988e-02 5.85000e+01  4.23860e+05 4.23860e+05 
1.66560e-02 5.85000e+01  4.26788e+05 4.26788e+05 
1.67133e-02 5.85000e+01  4.29726e+05 4.29726e+05 
1.67705e-02 5.85000e+01  4.32674e+05 4.32674e+05 
1.68277e-02 5.85000e+01  4.35633e+05 4.35633e+05 
1.68850e-02 5.85000e+01  4.38601e+05 4.38601e+05 
1.69422e-02 5.85000e+01  4.41580e+05 4.41580e+05 
1.69994e-02 5.85000e+01  4.44569e+05 4.44569e+05 
1.70567e-02 5.85000e+01  4.47567e+05 4.47567e+05 
1.71139e-02 5.85000e+01  4.50576e+05 4.50576e+05 
1.71712e-02 5.85000e+01  4.53595e+05 4.53595e+05 
1.72284e-02 5.85000e+01  4.56624e+05 4.56624e+05 
1.72856e-02 5.85000e+01  4.59663e+05 4.59663e+05 
1.73429e-02 5.85000e+01  4.62712e+05 4.62712e+05 
1.74001e-02 5.85000e+01  4.65772e+05 4.65772e+05 
1.74573e-02 5.85000e+01  4.68841e+05 4.68841e+05 
1.75146e-02 5.85000e+01  4.71920e+05 4.71920e+05 
1.75718e-02 5.85000e+01  4.75010e+05 4.75010e+05 
1.76291e-02 5.85000e+01  4.78109e+05 4.78109e+05 
1.76863e-02 5.85000e+01  4.81219e+05 4.81219e+05 
1.77435e-02 5.85000e+01  4.84339e+05 4.84339e+05 
1.78008e-02 5.85000e+01  4.87469e+05 4.87469e+05 
1.78580e-02 5.85000e+01  4.90609e+05 4.90609e+05 
1.79152e-02 5.85000e+01  4.93758e+05 4.93758e+05 
1.79725e-02 5.85000e+01  4.96919e+05 4.96919e+05 
1.80297e-02 5.85000e+01  5.00089e+05 5.00089e+05 
1.80870e-02 5.85000e+01  5.03269e+05 5.03269e+05 
1.81442e-02 5.85000e+01  5.06459e+05 5.06459e+05 
1.82014e-02 5.85000e+01  5.09660e+05 5.09660e+05 
1.82587e-02 5.85000e+01  5.12870e+05 5.12870e+05 
1.83159e-02 5.85000e+01  5.16090e+05 5.16090e+05 
1.83731e-02 5.85000e+01  5.19321e+05 5.19321e+05 
1.84304e-02 5.85000e+01  5.22562e+05 5.22562e+05 
1.84876e-02 5.85000e+01  5.25813e+05 5.25813e+05 
1.85449e-02 5.85000e+01  5.29073e+05 5.29073e+05 
1.86021e-02 5.85000e+01  5.32344e+05 5.32344e+05 
1.86593e-02 5.85000e+01  5.35625e+05 5.35625e+05 
1.87166e-02 5.85000e+01  5.38916e+05 5.38916e+05 
1.87738e-02 5.85000e+01  5.42218e+05 5.42218e+05 
1.88310e-02 5.85000e+01  5.45529e+05 5.45529e+05 
1.88883e-02 5.85000e+01  5.48850e+05 5.48850e+05 
1.89455e-02 5.85000e+01  5.52182e+05 5.52182e+05 
1.90028e-02 5.85000e+01  5.55523e+05 5.55523e+05 
1.90600e-02 5.85000e+01  5.58875e+05 5.58875e+05 
1.91172e-02 5.85000e+01  5.62236e+05 5.62236e+05 
1.91745e-02 5.85000e+01  5.65608e+05 5.65608e+05 
1.92317e-02 5.85000e+01  5.68990e+05 5.68990e+05 
1.92889e-02 5.85000e+01  5.72382e+05 5.72382e+05 
1.93462e-02 5.85000e+01  5.75784e+05 5.75784e+05 
1.94034e-02 5.85000e+01  5.79196e+05 5.79196e+05 
1.94606e-02 5.85000e+01  5.82618e+05 5.82618e+05 
1.95179e-02 5.85000e+01  5.86050e+05 5.86050e+05 
1.95751e-02 5.85000e+01  5.89492e+05 5.89492e+05 
1.96324e-02 5.85000e+01  5.92945e+05 5.92945e+05 
1.96896e-02 5.85000e+01  5.96407e+05 5.96407e+05 
1.97468e-02 5.85000e+01  5.99880e+05 5.99880e+05 
1.98041e-02 5.85000e+01  6.03362e+05 6.03362e+05 
1.98613e-02 5.85000e+01  6.06855e+05 6.06855e+05 
1.99185e-02 5.85000e+01  6.10358e+05 6.10358e+05 
1.99758e-02 5.85000e+01  6.13870e+05 6.13870e+05 
2.00330e-02 5.85000e+01  6.17393e+05 6.17393e+05 
2.00903e-02 5.85000e+01  6.20926e+05 6.20926e+05 
2.01475e-02 5.85000e+01  6.24469e+05 6.24469e+05 
2.02047e-02 5.85000e+01  6.28023e+05 6.28023e+05 
2.02620e-02 5.85000e+01  6.31586e+05 6.31586e+05 
2.03192e-02 5.85000e+01  6.35159e+05 6.35159e+05 
2.03764e-02 5.85000e+01  6.38743e+05 6.38743e+05 
2.04337e-02 5.85000e+01  6.42336e+05 6.42336e+05 
2.04909e-02 5.85000e+01  6.45940e+05 6.45940e+05 
2.05482e-02 5.85000e+01  6.49553e+05 6.49553e+05 
2.06054e-02 5.85000e+01  6.53177e+05 6.53177e+05 
2.06626e-02 5.85000e+01  6.56811e+05 6.56811e+05 
2.07199e-02 5.85000e+01  6.60455e+05 6.60455e+05 
2.07771e-02 5.85000e+01  6.64109e+05 6.64109e+05 
2.08343e-02 5.85000e+01  6.67773e+05 6.67773e+05 
2.08916e-02 5.85000e+01  6.71447e+05 6.71447e+05 
2.09488e-02 5.85000e+01  6.75131e+05 6.75131e+05 
2.10061e-02 5.85000e+01  6.78825e+05 6.78825e+05 
2.10633e-02 5.85000e+01  6.82530e+05 6.82530e+05 
2.11205e-02 5.85000e+01  6.86244e+05 6.86244e+05 
2.11778e-02 5.85000e+01  6.89969e+05 6.89969e+05 
2.12350e-02 5.85000e+01  6.93703e+05 6.93703e+05 
2.12922e-02 5.85000e+01  6.97448e+05 6.97448e+05 
2.13495e-02 5.85000e+01  7.01203e+05 7.01203e+05 
2.14067e-02 5.85000e+01  7.04967e+05 7.04967e+05 
2.14640e-02 5.85000e+01  7.08742e+05 7.08742e+05 
2.15212e-02 5.85000e+01  7.12527e+05 7.12527e+05 
2.15784e-02 5.85000e+01  7.16322e+05 7.16322e+05 
2.16357e-02 5.85000e+01  7.20128e+05 7.20128e+05 
2.16929e-02 5.85000e+01  7.23943e+05 7.23943e+05 
2.17501e-02 5.85000e+01  7.27768e+05 7.27768e+05 
2.18074e-02 5.85000e+01  7.31603e+05 7.31603e+05 
2.18646e-02 5.85000e+01  7.35449e+05 7.35449e+05 
2.19218e-02 5.85000e+01  7.39305e+05 7.39305e+05 
2.19791e-02 5.85000e+01  7.43170e+05 7.43170e+05 
2.20363e-02 5.85000e+01  7.47046e+05 7.47046e+05 
2.20936e-02 5.85000e+01  7.50932e+05 7.50932e+05 
2.21508e-02 5.85000e+01  7.54828e+05 7.54828e+05 
2.22080e-02 5.85000e+01  7.58734e+05 7.58734e+05 
2.22653e-02 5.85000e+01  7.62650e+05 7.62650e+05 
2.23225e-02 5.85000e+01  7.66576e+05 7.66576e+05 
2.23797e-02 5.85000e+01  7.70512e+05 7.70512e+05 
2.24370e-02 5.85000e+01  7.74458e+05 7.74458e+05 
2.24942e-02 5.85000e+01  7.78414e+05 7.78414e+05 
2.25515e-02 5.85000e+01  7.82381e+05 7.82381e+05 
2.26087e-02 5.85000e+01  7.86357e+05 7.86357e+05 
2.26659e-02 5.85000e+01  7.90344e+05 7.90344e+05 
2.27232e-02 5.85000e+01  7.94341e+05 7.94341e+05 
2.27804e-02 5.85000e+01  7.98347e+05 7.98347e+05 
2.28376e-02 5.85000e+01  8.02364e+05 8.02364e+05 
2.28949e-02 5.85000e+01  8.06391e+05 8.06391e+05 
2.29521e-02 5.85000e+01  8.10428e+05 8.10428e+05 
2.30094e-02 5.85000e+01  8.14475e+05 8.14475e+05 
2.30666e-02 5.85000e+01  8.18532e+05 8.18532e+05 
2.31238e-02 5.85000e+01  8.22600e+05 8.22600e+05 
2.31811e-02 5.85000e+01  8.26677e+05 8.26677e+05 
2.32383e-02 5.85000e+01  8.30764e+05 8.30764e+05 
2.32955e-02 5.85000e+01  8.34862e+05 8.34862e+05 
2.33528e-02 5.85000e+01  8.38969e+05 8.38969e+05 
2.34100e-02 5.85000e+01  8.43087e+05 8.43087e+05 
2.34673e-02 5.85000e+01  8.47215e+05 8.47215e+05 
2.35245e-02 5.85000e+01  8.51353e+05 8.51353e+05 
2.35817e-02 5.85000e+01  8.55500e+05 8.55500e+05 
2.36390e-02 5.85000e+01  8.59658e+05 8.59658e+05 
2.36962e-02 5.85000e+01  8.63826e+05 8.63826e+05 
2.37534e-02 5.85000e+01  8.68004e+05 8.68004e+05 
2.38107e-02 5.85000e+01  8.72193e+05 8.72193e+05 
2.38679e-02 5.85000e+01  8.76391e+05 8.76391e+05 
2.39252e-02 5.85000e+01  8.80599e+05 8.80599e+05 
2.39824e-02 5.85000e+01  8.84818e+05 8.84818e+05 
2.40396e-02 5.85000e+01  8.89046e+05 8.89046e+05 
2.40969e-02 5.85000e+01  8.93285e+05 8.93285e+05 
2.41541e-02 5.85000e+01  8.97533e+05 8.97533e+05 
2.42113e-02 5.85000e+01  9.01792e+05 9.01792e+05 
2.42686e-02 5.85000e+01  9.06061e+05 9.06061e+05 
2.43258e-02 5.85000e+01  9.10340e+05 9.10340e+05 
2.43830e-02 5.85000e+01  9.14629e+05 9.14629e+05 
2.44403e-02 5.85000e+01  9.18928e+05 9.18928e+05 
2.44975e-02 5.85000e+01  9.23237e+05 9.23237e+05 
2.45548e-02 5.85000e+01  9.27556e+05 9.27556e+05 
2.46120e-02 5.85000e+01  9.31886e+05 9.31886e+05 
2.46692e-02 5.85000e+01  9.36225e+05 9.36225e+05 
2.47265e-02 5.85000e+01  9.40575e+05 9.40575e+05 
2.47837e-02 5.85000e+01  9.44934e+05 9.44934e+05 
2.48409e-02 5.85000e+01  9.49304e+05 9.49304e+05 
2.48982e-02 5.85000e+01  9.53683e+05 9.53683e+05 
2.49554e-02 5.85000e+01  9.58073e+05 9.58073e+05 
2.50127e-02 5.85000e+01  9.62473e+05 9.62473e+05 
2.50699e-02 5.85000e+01  9.66883e+05 9.66883e+05 
2.51271e-02 5.85000e+01  9.71303e+05 9.71303e+05 
2.51844e-02 5.85000e+01  9.75733e+05 9.75733e+05 
2.52416e-02 5.85000e+01  9.80173e+05 9.80173e+05 
2.52988e-02 5.85000e+01  9.84624e+05 9.84624e+05 
2.53561e-02 5.85000e+01  9.89084e+05 9.89084e+05 
2.54133e-02 5.85000e+01  9.93554e+05 9.93554e+05 
2.54706e-02 5.85000e+01  9.98035e+05 9.98035e+05 
2.55278e-02 5.85000e+01  1.00253e+06 1.00253e+06 
2.55850e-02 5.85000e+01  1.00703e+06 1.00703e+06 
2.56423e-02 5.85000e+01  1.01154e+06 1.01154e+06 
2.56995e-02 5.85000e+01  1.01606e+06 1.01606e+06 
2.57567e-02 5.85000e+01  1.02059e+06 1.02059e+06 
2.58140e-02 5.85000e+01  1.02513e+06 1.02513e+06 
2.58712e-02 5.85000e+01  1.02968e+06 1.02968e+06 
2.59285e-02 5.85000e+01  1.03424e+06 1.03424e+06 
2.59857e-02 5.85000e+01  1.03881e+06 1.03881e+06 
2.60429e-02 5.85000e+01  1.04339e+06 1.04339e+06 
2.61002e-02 5.85000e+01  1.04799e+06 1.04799e+06 
2.61574e-02 5.85000e+01  1.05259e+06 1.05259e+06 
2.62146e-02 5.85000e+01  1.05720e+06 1.05720e+06 
2.62719e-02 5.85000e+01  1.06182e+06 1.06182e+06 
2.63291e-02 5.85000e+01  1.06645e+06 1.06645e+06 
2.63864e-02 5.85000e+01  1.07109e+06 1.07109e+06 
2.64436e-02 5.85000e+01  1.07575e+06 1.07575e+06 
2.65008e-02 5.85000e+01  1.08041e+06 1.08041e+06 
2.65581e-02 5.85000e+01  1.08508e+06 1.08508e+06 
2.66153e-02 5.85000e+01  1.08976e+06 1.08976e+06 
2.66725e-02 5.85000e+01  1.09445e+06 1.09445e+06 
2.67298e-02 5.85000e+01  1.09916e+06 1.09916e+06 
2.67870e-02 5.85000e+01  1.10387e+06 1.10387e+06 
2.68442e-02 5.85000e+01  1.10859e+06 1.10859e+06 
2.69015e-02 5.85000e+01  1.11332e+06 1.11332e+06 
2.69587e-02 5.85000e+01  1.11807e+06 1.11807e+06 
2.70160e-02 5.85000e+01  1.12282e+06 1.12282e+06 
2.70732e-02 5.85000e+01  1.12758e+06 1.12758e+06 
2.71304e-02 5.85000e+01  1.13235e+06 1.13235e+06 
2.71877e-02 5.85000e+01  1.13714e+06 1.13714e+06 
2.72449e-02 5.85000e+01  1.14193e+06 1.14193e+06 
2.73021e-02 5.85000e+01  1.14673e+06 1.14673e+06 
2.73594e-02 5.85000e+01  1.15155e+06 1.15155e+06 
2.74166e-02 5.85000e+01  1.15637e+06 1.15637e+06 
2.74739e-02 5.85000e+01  1.16120e+06 1.16120e+06 
2.75311e-02 5.85000e+01  1.16605e+06 1.16605e+06 
2.75883e-02 5.85000e+01  1.17090e+06 1.17090e+06 
2.76456e-02 5.85000e+01  1.17576e+06 1.17576e+06 
2.77028e-02 5.85000e+01  1.18064e+06 1.18064e+06 
2.77600e-02 5.85000e+01  1.18552e+06 1.18552e+06 
2.78173e-02 5.85000e+01  1.19041e+06 1.19041e+06 
2.78745e-02 5.85000e+01  1.19532e+06 1.19532e+06 
2.79318e-02 5.85000e+01  1.20023e+06 1.20023e+06 
2.79890e-02 5.85000e+01  1.20516e+06 1.20516e+06 
2.80462e-02 5.85000e+01  1.21009e+06 1.21009e+06 
2.81035e-02 5.85000e+01  1.21503e+06 1.21503e+06 
2.81607e-02 5.85000e+01  1.21999e+06 1.21999e+06 
2.82179e-02 5.85000e+01  1.22495e+06 1.22495e+06 
2.82752e-02 5.85000e+01  1.22993e+06 1.22993e+06 
2.83324e-02 5.85000e+01  1.23491e+06 1.23491e+06 
2.83897e-02 5.85000e+01  1.23991e+06 1.23991e+06 
2.84469e-02 5.85000e+01  1.24491e+06 1.24491e+06 
2.85041e-02 5.85000e+01  1.24993e+06 1.24993e+06 
2.85614e-02 5.85000e+01  1.25495e+06 1.25495e+06 
2.86186e-02 5.85000e+01  1.25999e+06 1.25999e+06 
2.86758e-02 5.85000e+01  1.26503e+06 1.26503e+06 
2.87331e-02 5.85000e+01  1.27009e+06 1.27009e+06 
2.87903e-02 5.85000e+01  1.27515e+06 1.27515e+06 
2.88476e-02 5.85000e+01  1.28023e+06 1.28023e+06 
2.89048e-02 5.85000e+01  1.28531e+06 1.28531e+06 
2.89620e-02 5.85000e+01  1.29041e+06 1.29041e+06 
2.90193e-02 5.85000e+01  1.29551e+06 1.29551e+06 
2.90765e-02 5.85000e+01  1.30063e+06 1.30063e+06 
2.91337e-02 5.85000e+01  1.30575e+06 1.30575e+06 
2.91910e-02 5.85000e+01  1.31089e+06 1.31089e+06 
2.92482e-02 5.85000e+01  1.31603e+06 1.31603e+06 
2.93054e-02 5.85000e+01  1.32119e+06 1.32119e+06 
2.93627e-02 5.85000e+01  1.32636e+06 1.32636e+06 
2.94199e-02 5.85000e+01  1.33153e+06 1.33153e+06 
2.94772e-02 5.85000e+01  1.33672e+06 1.33672e+06 
2.95344e-02 5.85000e+01  1.34191e+06 1.34191e+06 
2.95916e-02 5.85000e+01  1.34712e+06 1.34712e+06 
2.96489e-02 5.85000e+01  1.35234e+06 1.35234e+06 
2.97061e-02 5.85000e+01  1.35756e+06 1.35756e+06 
2.97633e-02 5.85000e+01  1.36280e+06 1.36280e+06 
2.98206e-02 5.85000e+01  1.36805e+06 1.36805e+06 
2.98778e-02 5.85000e+01  1.37330e+06 1.37330e+06 
2.99351e-02 5.85000e+01  1.37857e+06 1.37857e+06 
2.99923e-02 5.85000e+01  1.38385e+06 1.38385e+06 
3.00495e-02 5.85000e+01  1.38913e+06 1.38913e+06 
3.01068e-02 5.85000e+01  1.39443e+06 1.39443e+06 
3.01640e-02 5.85000e+01  1.39974e+06 1.39974e+06 
3.02212e-02 5.85000e+01  1.40506e+06 1.40506e+06 
3.02785e-02 5.85000e+01  1.41038e+06 1.41038e+06 
3.03357e-02 5.85000e+01  1.41572e+06 1.41572e+06 
3.03930e-02 5.85000e+01  1.42107e+06 1.42107e+06 
3.04502e-02 5.85000e+01  1.42642e+06 1.42642e+06 
3.05074e-02 5.85000e+01  1.43179e+06 1.43179e+06 
3.05647e-02 5.85000e+01  1.43717e+06 1.43717e+06 
3.06219e-02 5.85000e+01  1.44256e+06 1.44256e+06 
3.06791e-02 5.85000e+01  1.44796e+06 1.44796e+06 
3.07364e-02 5.85000e+01  1.45336e+06 1.45336e+06 
3.07936e-02 5.85000e+01  1.45878e+06 1.45878e+06 
3.08509e-02 5.85000e+01  1.46421e+06 1.46421e+06 
3.09081e-02 5.85000e+01  1.46965e+06 1.46965e+06 
3.09653e-02 5.85000e+01  1.47510e+06 1.47510e+06 
3.10226e-02 5.85000e+01  1.48055e+06 1.48055e+06 
3.10798e-02 5.85000e+01  1.48602e+06 1.48602e+06 
3.11370e-02 5.85000e+01  1.49150e+06 1.49150e+06 
3.11943e-02 5.85000e+01  1.49699e+06 1.49699e+06 
3.12515e-02 5.85000e+01  1.50249e+06 1.50249e+06 
3.13088e-02 5.85000e+01  1.50800e+06 1.50800e+06 
3.13660e-02 5.85000e+01  1.51351e+06 1.51351e+06 
3.14232e-02 5.85000e+01  1.51904e+06 1.51904e+06 
3.14805e-02 5.85000e+01  1.52458e+06 1.52458e+06 
3.15377e-02 5.85000e+01  1.53013e+06 1.53013e+06 
3.15949e-02 5.85000e+01  1.53569e+06 1.53569e+06 
3.16522e-02 5.85000e+01  1.54126e+06 1.54126e+06 
3.17094e-02 5.85000e+01  1.54684e+06 1.54684e+06 
3.17666e-02 5.85000e+01  1.55243e+06 1.55243e+06 
3.18239e-02 5.85000e+01  1.55803e+06 1.55803e+06 
3.18811e-02 5.85000e+01  1.56364e+06 1.56364e+06 
3.19384e-02 5.85000e+01  1.56926e+06 1.56926e+06 
3.19956e-02 5.85000e+01  1.57489e+06 1.57489e+06 
3.20528e-02 5.85000e+01  1.58053e+06 1.58053e+06 
3.21101e-02 5.85000e+01  1.58618e+06 1.58618e+06 
3.21673e-02 5.85000e+01  1.59184e+06 1.59184e+06 
3.22245e-02 5.85000e+01  1.59751e+06 1.59751e+06 
3.22818e-02 5.85000e+01  1.60319e+06 1.60319e+06 
3.23390e-02 5.85000e+01  1.60888e+06 1.60888e+06 
3.23963e-02 5.85000e+01  1.61458e+06 1.61458e+06 
3.24535e-02 5.85000e+01  1.62029e+06 1.62029e+06 
3.25107e-02 5.85000e+01  1.62601e+06 1.62601e+06 
3.25680e-02 5.85000e+01  1.63174e+06 1.63174e+06 
3.26252e-02 5.85000e+01  1.63748e+06 1.63748e+06 
3.26824e-02 5.85000e+01  1.64323e+06 1.64323e+06 
3.27397e-02 5.85000e+01  1.64899e+06 1.64899e+06 
3.27969e-02 5.85000e+01  1.65476e+06 1.65476e+06 
3.28542e-02 5.85000e+01  1.66054e+06 1.66054e+06 
3.29114e-02 5.85000e+01  1.66633e+06 1.66633e+06 
3.29686e-02 5.85000e+01  1.67213e+06 1.67213e+06 
3.30259e-02 5.85000e+01  1.67794e+06 1.67794e+06 
3.30831e-02 5.85000e+01  1.68376e+06 1.68376e+06 
3.31403e-02 5.85000e+01  1.68959e+06 1.68959e+06 
3.31976e-02 5.85000e+01  1.69544e+06 1.69544e+06 
3.32548e-02 5.85000e+01  1.70129e+06 1.70129e+06 
3.33121e-02 5.85000e+01  1.70715e+06 1.70715e+06 
3.33693e-02 5.85000e+01  1.71302e+06 1.71302e+06 
3.34265e-02 5.85000e+01  1.71890e+06 1.71890e+06 
3.34838e-02 5.85000e+01  1.72479e+06 1.72479e+06 
3.35410e-02 5.85000e+01  1.73070e+06 1.73070e+06 
3.35982e-02 5.85000e+01  1.73661e+06 1.73661e+06 
3.36555e-02 5.85000e+01  1.74253e+06 1.74253e+06 
3.37127e-02 5.85000e+01  1.74846e+06 1.74846e+06 
3.37699e-02 5.85000e+01  1.75440e+06 1.75440e+06 
3.38272e-02 5.85000e+01  1.76036e+06 1.76036e+06 
3.38844e-02 5.85000e+01  1.76632e+06 1.76632e+06 
3.39417e-02 5.85000e+01  1.77229e+06 1.77229e+06 
3.39989e-02 5.85000e+01  1.77827e+06 1.77827e+06 
3.40561e-02 5.85000e+01  1.78427e+06 1.78427e+06 
3.41134e-02 5.85000e+01  1.79027e+06 1.79027e+06 
3.41706e-02 5.85000e+01  1.79628e+06 1.79628e+06 
3.42278e-02 5.85000e+01  1.80230e+06 1.80230e+06 
3.42851e-02 5.85000e+01  1.80834e+06 1.80834e+06 
3.43423e-02 5.85000e+01  1.81438e+06 1.81438e+06 
3.43996e-02 5.85000e+01  1.82043e+06 1.82043e+06 
3.44568e-02 5.85000e+01  1.82649e+06 1.82649e+06 
3.45140e-02 5.85000e+01  1.83257e+06 1.83257e+06 
3.45713e-02 5.85000e+01  1.83865e+06 1.83865e+06 
3.46285e-02 5.85000e+01  1.84474e+06 1.84474e+06 
3.46857e-02 5.85000e+01  1.85085e+06 1.85085e+06 
3.47430e-02 5.85000e+01  1.85696e+06 1.85696e+06 
3.48002e-02 5.85000e+01  1.86308e+06 1.86308e+06 
3.48575e-02 5.85000e+01  1.86922e+06 1.86922e+06 
3.49147e-02 5.85000e+01  1.87536e+06 1.87536e+06 
3.49719e-02 5.85000e+01  1.88152e+06 1.88152e+06 
3.50292e-02 5.85000e+01  1.88768e+06 1.88768e+06 
3.50864e-02 5.85000e+01  1.89385e+06 1.89385e+06 
3.51436e-02 5.85000e+01  1.90004e+06 1.90004e+06 
3.52009e-02 5.85000e+01  1.90623e+06 1.90623e+06 
3.52581e-02 5.85000e+01  1.91244e+06 1.91244e+06 
3.53154e-02 5.85000e+01  1.91865e+06 1.91865e+06 
3.53726e-02 5.85000e+01  1.92487e+06 1.92487e+06 
3.54298e-02 5.85000e+01  1.93111e+06 1.93111e+06 
3.54871e-02 5.85000e+01  1.93735e+06 1.93735e+06 
3.55443e-02 5.85000e+01  1.94361e+06 1.94361e+06 
3.56015e-02 5.85000e+01  1.94987e+06 1.94987e+06 
3.56588e-02 5.85000e+01  1.95615e+06 1.95615e+06 
3.57160e-02 5.85000e+01  1.96243e+06 1.96243e+06 
3.57733e-02 5.85000e+01  1.96873e+06 1.96873e+06 
3.58305e-02 5.85000e+01  1.97503e+06 1.97503e+06 
3.58877e-02 5.85000e+01  1.98135e+06 1.98135e+06 
3.59450e-02 5.85000e+01  1.98767e+06 1.98767e+06 
3.60022e-02 5.85000e+01  1.99401e+06 1.99401e+06 
3.60594e-02 5.85000e+01  2.00035e+06 2.00035e+06 
3.61167e-02 5.85000e+01  2.00671e+06 2.00671e+06 
3.61739e-02 5.85000e+01  2.01307e+06 2.01307e+06 
3.62311e-02 5.85000e+01  2.01945e+06 2.01945e+06 
3.62884e-02 5.85000e+01  2.02583e+06 2.02583e+06 
3.63456e-02 5.85000e+01  2.03223e+06 2.03223e+06 
3.64029e-02 5.85000e+01  2.03864e+06 2.03864e+06 
3.64601e-02 5.85000e+01  2.04505e+06 2.04505e+06 
3.65173e-02 5.85000e+01  2.05148e+06 2.05148e+06 
3.65746e-02 5.85000e+01  2.05791e+06 2.05791e+06 
3.66318e-02 5.85000e+01  2.06436e+06 2.06436e+06 
3.66890e-02 5.85000e+01  2.07082e+06 2.07082e+06 
3.67463e-02 5.85000e+01  2.07728e+06 2.07728e+06 
3.68035e-02 5.85000e+01  2.08376e+06 2.08376e+06 
3.68608e-02 5.85000e+01  2.09024e+06 2.09024e+06 
3.69180e-02 5.85000e+01  2.09674e+06 2.09674e+06 
3.69752e-02 5.85000e+01  2.10325e+06 2.10325e+06 
3.70325e-02 5.85000e+01  2.10976e+06 2.10976e+06 
3.70897e-02 5.85000e+01  2.11629e+06 2.11629e+06 
3.71469e-02 5.85000e+01  2.12283e+06 2.12283e+06 
3.72042e-02 5.85000e+01  2.12937e+06 2.12937e+06 
3.72614e-02 5.85000e+01  2.13593e+06 2.13593e+06 
3.73187e-02 5.85000e+01  2.14250e+06 2.14250e+06 
3.73759e-02 5.85000e+01  2.14908e+06 2.14908e+06 
3.74331e-02 5.85000e+01  2.15566e+06 2.15566e+06 
3.74904e-02 5.85000e+01  2.16226e+06 2.16226e+06 
3.75476e-02 5.85000e+01  2.16887e+06 2.16887e+06 
3.76048e-02 5.85000e+01  2.17548e+06 2.17548e+06 
3.76621e-02 5.85000e+01  2.18211e+06 2.18211e+06 
3.77193e-02 5.85000e+01  2.18875e+06 2.18875e+06 
3.77766e-02 5.85000e+01  2.19540e+06 2.19540e+06 
3.78338e-02 5.85000e+01  2.20206e+06 2.20206e+06 
3.78910e-02 5.85000e+01  2.20872e+06 2.20872e+06 
3.79483e-02 5.85000e+01  2.21540e+06 2.21540e+06 
3.80055e-02 5.85000e+01  2.22209e+06 2.22209e+06 
3.80627e-02 5.85000e+01  2.22879e+06 2.22879e+06 
3.81200e-02 5.85000e+01  2.23550e+06 2.23550e+06 
3.81772e-02 5.85000e+01  2.24221e+06 2.24221e+06 
3.82345e-02 5.85000e+01  2.24894e+06 2.24894e+06 
3.82917e-02 5.85000e+01  2.25568e+06 2.25568e+06 
3.83489e-02 5.85000e+01  2.26243e+06 2.26243e+06 
3.84062e-02 5.85000e+01  2.26919e+06 2.26919e+06 
3.84634e-02 5.85000e+01  2.27596e+06 2.27596e+06 
3.85206e-02 5.85000e+01  2.28273e+06 2.28273e+06 
3.85779e-02 5.85000e+01  2.28952e+06 2.28952e+06 
3.86351e-02 5.85000e+01  2.29632e+06 2.29632e+06 
3.86923e-02 5.85000e+01  2.30313e+06 2.30313e+06 
3.87496e-02 5.85000e+01  2.30995e+06 2.30995e+06 
3.88068e-02 5.85000e+01  2.31678e+06 2.31678e+06 
3.88641e-02 5.85000e+01  2.32362e+06 2.32362e+06 
3.89213e-02 5.85000e+01  2.33047e+06 2.33047e+06 
3.89785e-02 5.85000e+01  2.33733e+06 2.33733e+06 
3.90358e-02 5.85000e+01  2.34420e+06 2.34420e+06 
3.90930e-02 5.85000e+01  2.35108e+06 2.35108e+06 
3.91502e-02 5.85000e+01  2.35797e+06 2.35797e+06 
3.92075e-02 5.85000e+01  2.36487e+06 2.36487e+06 
3.92647e-02 5.85000e+01  2.37177e+06 2.37177e+06 
3.93220e-02 5.85000e+01  2.37869e+06 2.37869e+06 
3.93792e-02 5.85000e+01  2.38562e+06 2.38562e+06 
3.94364e-02 5.85000e+01  2.39256e+06 2.39256e+06 
3.94937e-02 5.85000e+01  2.39951e+06 2.39951e+06 
3.95509e-02 5.85000e+01  2.40647e+06 2.40647e+06 
3.96081e-02 5.85000e+01  2.41344e+06 2.41344e+06 
3.96654e-02 5.85000e+01  2.42043e+06 2.42043e+06 
3.97226e-02 5.85000e+01  2.42742e+06 2.42742e+06 
3.97799e-02 5.85000e+01  2.43442e+06 2.43442e+06 
3.98371e-02 5.85000e+01  2.44143e+06 2.44143e+06 
3.98943e-02 5.85000e+01  2.44845e+06 2.44845e+06 
3.99516e-02 5.85000e+01  2.45548e+06 2.45548e+06 
4.00088e-02 5.85000e+01  2.46252e+06 2.46252e+06 
4.00660e-02 5.85000e+01  2.46957e+06 2.46957e+06 
4.01233e-02 5.85000e+01  2.47663e+06 2.47663e+06 
4.01805e-02 5.85000e+01  2.48370e+06 2.48370e+06 
4.02378e-02 5.85000e+01  2.49078e+06 2.49078e+06 
4.02950e-02 5.85000e+01  2.49787e+06 2.49787e+06 
4.03522e-02 5.85000e+01  2.50498e+06 2.50498e+06 
4.04095e-02 5.85000e+01  2.51209e+06 2.51209e+06 
4.04667e-02 5.85000e+01  2.51921e+06 2.51921e+06 
4.05239e-02 5.85000e+01  2.52634e+06 2.52634e+06 
4.05812e-02 5.85000e+01  2.53348e+06 2.53348e+06 
4.06384e-02 5.85000e+01  2.54063e+06 2.54063e+06 
4.06957e-02 5.85000e+01  2.54779e+06 2.54779e+06 
4.07529e-02 5.85000e+01  2.55497e+06 2.55497e+06 
4.08101e-02 5.85000e+01  2.56215e+06 2.56215e+06 
4.08674e-02 5.85000e+01  2.56934e+06 2.56934e+06 
4.09246e-02 5.85000e+01  2.57654e+06 2.57654e+06 
4.09818e-02 5.85000e+01  2.58375e+06 2.58375e+06 
4.10391e-02 5.85000e+01  2.59098e+06 2.59098e+06 
4.10963e-02 5.85000e+01  2.59821e+06 2.59821e+06 
4.11535e-02 5.85000e+01  2.60545e+06 2.60545e+06 
4.12108e-02 5.85000e+01  2.61270e+06 2.61270e+06 
4.12680e-02 5.85000e+01  2.61997e+06 2.61997e+06 
4.13253e-02 5.85000e+01  2.62724e+06 2.62724e+06 
4.13825e-02 5.85000e+01  2.63452e+06 2.63452e+06 
4.14397e-02 5.85000e+01  2.64181e+06 2.64181e+06 
4.14970e-02 5.85000e+01  2.64912e+06 2.64912e+06 
4.15542e-02 5.85000e+01  2.65643e+06 2.65643e+06 
4.16114e-02 5.85000e+01  2.66375e+06 2.66375e+06 
4.16687e-02 5.85000e+01  2.67109e+06 2.67109e+06 
4.17259e-02 5.85000e+01  2.67843e+06 2.67843e+06 
4.17832e-02 5.85000e+01  2.68578e+06 2.68578e+06 
4.18404e-02 5.85000e+01  2.69315e+06 2.69315e+06 
4.18976e-02 5.85000e+01  2.70052e+06 2.70052e+06 
4.19549e-02 5.85000e+01  2.70790e+06 2.70790e+06 
4.20121e-02 5.85000e+01  2.71530e+06 2.71530e+06 
4.20693e-02 5.85000e+01  2.72270e+06 2.72270e+06 
4.21266e-02 5.85000e+01  2.73011e+06 2.73011e+06 
4.21838e-02 5.85000e+01  2.73754e+06 2.73754e+06 
4.22411e-02 5.85000e+01  2.74497e+06 2.74497e+06 
4.22983e-02 5.85000e+01  2.75242e+06 2.75242e+06 
4.23555e-02 5.85000e+01  2.75987e+06 2.75987e+06 
4.24128e-02 5.85000e+01  2.76733e+06 2.76733e+06 
4.24700e-02 5.85000e+01  2.77481e+06 2.77481e+06 
4.25272e-02 5.85000e+01  2.78229e+06 2.78229e+06 
4.25845e-02 5.85000e+01  2.78979e+06 2.78979e+06 
4.26417e-02 5.85000e+01  2.79729e+06 2.79729e+06 
4.26990e-02 5.85000e+01  2.80481e+06 2.80481e+06 
4.27562e-02 5.85000e+01  2.81233e+06 2.81233e+06 
4.28134e-02 5.85000e+01  2.81986e+06 2.81986e+06 
4.28707e-02 5.85000e+01  2.82741e+06 2.82741e+06 
4.29279e-02 5.85000e+01  2.83496e+06 2.83496e+06 
4.29851e-02 5.85000e+01  2.84253e+06 2.84253e+06 
4.30424e-02 5.85000e+01  2.85010e+06 2.85010e+06 
4.30996e-02 5.85000e+01  2.85769e+06 2.85769e+06 
4.31569e-02 5.85000e+01  2.86528e+06 2.86528e+06 
4.32141e-02 5.85000e+01  2.87289e+06 2.87289e+06 
4.32713e-02 5.85000e+01  2.88051e+06 2.88051e+06 
4.33286e-02 5.85000e+01  2.88813e+06 2.88813e+06 
4.33858e-02 5.85000e+01  2.89577e+06 2.89577e+06 
4.34430e-02 5.85000e+01  2.90341e+06 2.90341e+06 
4.35003e-02 5.85000e+01  2.91107e+06 2.91107e+06 
4.35575e-02 5.85000e+01  2.91873e+06 2.91873e+06 
4.36147e-02 5.85000e+01  2.92641e+06 2.92641e+06 
4.36720e-02 5.85000e+01  2.93409e+06 2.93409e+06 
4.37292e-02 5.85000e+01  2.94179e+06 2.94179e+06 
4.37865e-02 5.85000e+01  2.94950e+06 2.94950e+06 
4.38437e-02 5.85000e+01  2.95721e+06 2.95721e+06 
4.39009e-02 5.85000e+01  2.96494e+06 2.96494e+06 
4.39582e-02 5.85000e+01  2.97268e+06 2.97268e+06 
4.40154e-02 5.85000e+01  2.98042e+06 2.98042e+06 
4.40726e-02 5.85000e+01  2.98818e+06 2.98818e+06 
4.41299e-02 5.85000e+01  2.99594e+06 2.99594e+06 
4.41871e-02 5.85000e+01  3.00372e+06 3.00372e+06 
4.42444e-02 5.85000e+01  3.01151e+06 3.01151e+06 
4.43016e-02 5.85000e+01  3.01930e+06 3.01930e+06 
4.43588e-02 5.85000e+01  3.02711e+06 3.02711e+06 
4.44161e-02 5.85000e+01  3.03493e+06 3.03493e+06 
4.44733e-02 5.85000e+01  3.04276e+06 3.04276e+06 
4.45305e-02 5.85000e+01  3.05059e+06 3.05059e+06 
4.45878e-02 5.85000e+01  3.05844e+06 3.05844e+06 
4.46450e-02 5.85000e+01  3.06630e+06 3.06630e+06 
4.47023e-02 5.85000e+01  3.07416e+06 3.07416e+06 
4.47595e-02 5.85000e+01  3.08204e+06 3.08204e+06 
4.48167e-02 5.85000e+01  3.08993e+06 3.08993e+06 
4.48740e-02 5.85000e+01  3.09783e+06 3.09783e+06 
4.49312e-02 5.85000e+01  3.10573e+06 3.10573e+06 
4.49884e-02 5.85000e+01  3.11365e+06 3.11365e+06 
4.50457e-02 5.85000e+01  3.12158e+06 3.12158e+06 
4.51029e-02 5.85000e+01  3.12952e+06 3.12952e+06 
4.51602e-02 5.85000e+01  3.13747e+06 3.13747e+06 
4.52174e-02 5.85001e+01  3.14542e+06 3.14542e+06 
4.52746e-02 5.85001e+01  3.15339e+06 3.15339e+06 
4.53319e-02 5.85001e+01  3.16137e+06 3.16137e+06 
4.53891e-02 5.85001e+01  3.16936e+06 3.16936e+06 
4.54463e-02 5.85001e+01  3.17736e+06 3.17736e+06 
4.55036e-02 5.85001e+01  3.18536e+06 3.18536e+06 
4.55608e-02 5.85001e+01  3.19338e+06 3.19338e+06 
4.56181e-02 5.85001e+01  3.20141e+06 3.20141e+06 
4.56753e-02 5.85001e+01  3.20945e+06 3.20945e+06 
4.57325e-02 5.85001e+01  3.21750e+06 3.21750e+06 
4.57898e-02 5.85001e+01  3.22556e+06 3.22556e+06 
4.58470e-02 5.85001e+01  3.23363e+06 3.23363e+06 
4.59042e-02 5.85001e+01  3.24171e+06 3.24171e+06 
4.59615e-02 5.85001e+01  3.24980e+06 3.24980e+06 
4.60187e-02 5.85001e+01  3.25789e+06 3.25789e+06 
4.60759e-02 5.85001e+01  3.26600e+06 3.26600e+06 
4.61332e-02 5.85001e+01  3.27412e+06 3.27412e+06 
4.61904e-02 5.85001e+01  3.28225e+06 3.28225e+06 
4.62477e-02 5.85001e+01  3.29039e+06 3.29039e+06 
4.63049e-02 5.85001e+01  3.29854e+06 3.29854e+06 
4.63621e-02 5.85001e+01  3.30670e+06 3.30670e+06 
4.64194e-02 5.85001e+01  3.31487e+06 3.31487e+06 
4.64766e-02 5.85001e+01  3.32305e+06 3.32305e+06 
4.65338e-02 5.85001e+01  3.33124e+06 3.33124e+06 
4.65911e-02 5.85001e+01  3.33944e+06 3.33944e+06 
4.66483e-02 5.85001e+01  3.34765e+06 3.34765e+06 
4.67056e-02 5.85001e+01  3.35587e+06 3.35587e+06 
4.67628e-02 5.85001e+01  3.36410e+06 3.36410e+06 
4.68200e-02 5.85001e+01  3.37234e+06 3.37234e+06 
4.68773e-02 5.85001e+01  3.38059e+06 3.38059e+06 
4.69345e-02 5.85001e+01  3.38885e+06 3.38885e+06 
4.69917e-02 5.85001e+01  3.39712e+06 3.39712e+06 
4.70490e-02 5.85001e+01  3.40540e+06 3.40540e+06 
4.71062e-02 5.85001e+01  3.41369e+06 3.41369e+06 
4.71635e-02 5.85001e+01  3.42199e+06 3.42199e+06 
4.72207e-02 5.85001e+01  3.43031e+06 3.43031e+06 
4.72779e-02 5.85001e+01  3.43863e+06 3.43863e+06 
4.73352e-02 5.85001e+01  3.44696e+06 3.44696e+06 
4.73924e-02 5.85001e+01  3.45530e+06 3.45530e+06 
4.74496e-02 5.85001e+01  3.46365e+06 3.46365e+06 
4.75069e-02 5.85001e+01  3.47201e+06 3.47201e+06 
4.75641e-02 5.85001e+01  3.48038e+06 3.48038e+06 
4.76214e-02 5.85001e+01  3.48876e+06 3.48876e+06 
4.76786e-02 5.85001e+01  3.49715e+06 3.49715e+06 
4.77358e-02 5.85001e+01  3.50556e+06 3.50556e+06 
4.77931e-02 5.85001e+01  3.51397e+06 3.51397e+06 
4.78503e-02 5.85001e+01  3.52239e+06 3.52239e+06 
4.79075e-02 5.85001e+01  3.53082e+06 3.53082e+06 
4.79648e-02 5.85001e+01  3.53926e+06 3.53926e+06 
4.80220e-02 5.85001e+01  3.54772e+06 3.54772e+06 
4.80793e-02 5.85001e+01  3.55618e+06 3.55618e+06 
4.81365e-02 5.85001e+01  3.56465e+06 3.56465e+06 
4.81937e-02 5.85001e+01  3.57313e+06 3.57313e+06 
4.82510e-02 5.85001e+01  3.58162e+06 3.58162e+06 
4.83082e-02 5.85001e+01  3.59013e+06 3.59013e+06 
4.83654e-02 5.85001e+01  3.59864e+06 3.59864e+06 
4.84227e-02 5.85001e+01  3.60716e+06 3.60716e+06 
4.84799e-02 5.85001e+01  3.61569e+06 3.61569e+06 
4.85371e-02 5.85001e+01  3.62424e+06 3.62424e+06 
4.85944e-02 5.85001e+01  3.63279e+06 3.63279e+06 
4.86516e-02 5.85001e+01  3.64135e+06 3.64135e+06 
4.87089e-02 5.85001e+01  3.64992e+06 3.64992e+06 
4.87661e-02 5.85001e+01  3.65851e+06 3.65851e+06 
4.88233e-02 5.85001e+01  3.66710e+06 3.66710e+06 
4.88806e-02 5.85001e+01  3.67570e+06 3.67570e+06 
4.89378e-02 5.85001e+01  3.68432e+06 3.68432e+06 
4.89950e-02 5.85001e+01  3.69294e+06 3.69294e+06 
4.90523e-02 5.85001e+01  3.70157e+06 3.70157e+06 
4.91095e-02 5.85001e+01  3.71022e+06 3.71022e+06 
4.91668e-02 5.85001e+01  3.71887e+06 3.71887e+06 
4.92240e-02 5.85001e+01  3.72753e+06 3.72753e+06 
4.92812e-02 5.85001e+01  3.73621e+06 3.73621e+06 
4.93385e-02 5.85001e+01  3.74489e+06 3.74489e+06 
4.93957e-02 5.85001e+01  3.75359e+06 3.75359e+06 
4.94529e-02 5.85001e+01  3.76229e+06 3.76229e+06 
4.95102e-02 5.85001e+01  3.77100e+06 3.77100e+06 
4.95674e-02 5.85001e+01  3.77973e+06 3.77973e+06 
4.96247e-02 5.85001e+01  3.78846e+06 3.78846e+06 
4.96819e-02 5.85001e+01  3.79721e+06 3.79721e+06 
4.97391e-02 5.85001e+01  3.80596e+06 3.80596e+06 
4.97964e-02 5.85001e+01  3.81472e+06 3.81472e+06 
4.98536e-02 5.85001e+01  3.82350e+06 3.82350e+06 
4.99108e-02 5.85001e+01  3.83228e+06 3.83228e+06 
4.99681e-02 5.85001e+01  3.84108e+06 3.84108e+06 
5.00253e-02 5.85001e+01  3.84988e+06 3.84988e+06 
5.00826e-02 5.85001e+01  3.85870e+06 3.85870e+06 
5.01398e-02 5.85001e+01  3.86752e+06 3.86752e+06 
5.01970e-02 5.85001e+01  3.87636e+06 3.87636e+06 
5.02543e-02 5.85001e+01  3.88520e+06 3.88520e+06 
5.03115e-02 5.85001e+01  3.89406e+06 3.89406e+06 
5.03687e-02 5.85001e+01  3.90292e+06 3.90292e+06 
5.04260e-02 5.85001e+01  3.91180e+06 3.91180e+06 
5.04832e-02 5.85001e+01  3.92068e+06 3.92068e+06 
5.05405e-02 5.85001e+01  3.92958e+06 3.92958e+06 
5.05977e-02 5.85001e+01  3.93849e+06 3.93849e+06 
5.06549e-02 5.85001e+01  3.94740e+06 3.94740e+06 
5.07122e-02 5.85001e+01  3.95633e+06 3.95633e+06 
5.07694e-02 5.85001e+01  3.96526e+06 3.96526e+06 
5.08266e-02 5.85001e+01  3.97421e+06 3.97421e+06 
5.08839e-02 5.85001e+01  3.98316e+06 3.98316e+06 
5.09411e-02 5.85001e+01  3.99213e+06 3.99213e+06 
5.09983e-02 5.85001e+01  4.00111e+06 4.00111e+06 
5.10556e-02 5.85001e+01  4.01009e+06 4.01009e+06 
5.11128e-02 5.85001e+01  4.01909e+06 4.01909e+06 
5.11701e-02 5.85001e+01  4.02809e+06 4.02809e+06 
5.12273e-02 5.85001e+01  4.03711e+06 4.03711e+06 
5.12845e-02 5.85001e+01  4.04614e+06 4.04614e+06 
5.13418e-02 5.85001e+01  4.05517e+06 4.05517e+06 
5.13990e-02 5.85001e+01  4.06422e+06 4.06422e+06 
5.14562e-02 5.85001e+01  4.07328e+06 4.07328e+06 
5.15135e-02 5.85001e+01  4.08234e+06 4.08234e+06 
5.15707e-02 5.85001e+01  4.09142e+06 4.09142e+06 
5.16280e-02 5.85001e+01  4.10051e+06 4.10051e+06 
5.16852e-02 5.85001e+01  4.10961e+06 4.10961e+06 
5.17424e-02 5.85001e+01  4.11871e+06 4.11871e+06 
5.17997e-02 5.85001e+01  4.12783e+06 4.12783e+06 
5.18569e-02 5.85001e+01  4.13696e+06 4.13696e+06 
5.19141e-02 5.85001e+01  4.14609e+06 4.14609e+06 
5.19714e-02 5.85001e+01  4.15524e+06 4.15524e+06 
5.20286e-02 5.85001e+01  4.16440e+06 4.16440e+06 
5.20859e-02 5.85001e+01  4.17357e+06 4.17357e+06 
5.21431e-02 5.85001e+01  4.18274e+06 4.18274e+06 
5.22003e-02 5.85001e+01  4.19193e+06 4.19193e+06 
5.22576e-02 5.85001e+01  4.20113e+06 4.20113e+06 
5.23148e-02 5.85001e+01  4.21034e+06 4.21034e+06 
5.23720e-02 5.85001e+01  4.21956e+06 4.21956e+06 
5.24293e-02 5.85001e+01  4.22878e+06 4.22878e+06 
5.24865e-02 5.85001e+01  4.23802e+06 4.23802e+06 
5.25438e-02 5.85001e+01  4.24727e+06 4.24727e+06 
5.26010e-02 5.85001e+01  4.25653e+06 4.25653e+06 
5.26582e-02 5.85001e+01  4.26580e+06 4.26580e+06 
5.27155e-02 5.85001e+01  4.27508e+06 4.27508e+06 
5.27727e-02 5.85001e+01  4.28436e+06 4.28436e+06 
5.28299e-02 5.85001e+01  4.29366e+06 4.29366e+06 
5.28872e-02 5.85001e+01  4.30297e+06 4.30297e+06 
5.29444e-02 5.85001e+01  4.31229e+06 4.31229e+06 
5.30017e-02 5.85001e+01  4.32162e+06 4.32162e+06 
5.30589e-02 5.85001e+01  4.33096e+06 4.33096e+06 
5.31161e-02 5.85001e+01  4.34031e+06 4.34031e+06 
5.31734e-02 5.85001e+01  4.34967e+06 4.34967e+06 
5.32306e-02 5.85001e+01  4.35904e+06 4.35904e+06 
5.32878e-02 5.85001e+01  4.36841e+06 4.36841e+06 
5.33451e-02 5.85001e+01  4.37780e+06 4.37780e+06 
5.34023e-02 5.85001e+01  4.38720e+06 4.38720e+06 
5.34595e-02 5.85001e+01  4.39661e+06 4.39661e+06 
5.35168e-02 5.85001e+01  4.40603e+06 4.40603e+06 
5.35740e-02 5.85001e+01  4.41546e+06 4.41546e+06 
5.36313e-02 5.85001e+01  4.42490e+06 4.42490e+06 
5.36885e-02 5.85001e+01  4.43435e+06 4.43435e+06 
5.37457e-02 5.85001e+01  4.44381e+06 4.44381e+06 
5.38030e-02 5.85001e+01  4.45328e+06 4.45328e+06 
5.38602e-02 5.85001e+01  4.46276e+06 4.46276e+06 
5.39174e-02 5.85001e+01  4.47225e+06 4.47225e+06 
5.39747e-02 5.85001e+01  4.48175e+06 4.48175e+06 
5.40319e-02 5.85001e+01  4.49126e+06 4.49126e+06 
5.40892e-02 5.85001e+01  4.50078e+06 4.50078e+06 
5.41464e-02 5.85001e+01  4.51031e+06 4.51031e+06 
5.42036e-02 5.85001e+01  4.51985e+06 4.51985e+06 
5.42609e-02 5.85001e+01  4.52940e+06 4.52940e+06 
5.43181e-02 5.85001e+01  4.53897e+06 4.53897e+06 
5.43753e-02 5.85001e+01  4.54854e+06 4.54854e+06 
5.44326e-02 5.85001e+01  4.55812e+06 4.55812e+06 
5.44898e-02 5.85001e+01  4.56771e+06 4.56771e+06 
5.45471e-02 5.85001e+01  4.57731e+06 4.57731e+06 
5.46043e-02 5.85001e+01  4.58692e+06 4.58692e+06 
5.46615e-02 5.85001e+01  4.59654e+06 4.59654e+06 
5.47188e-02 5.85001e+01  4.60617e+06 4.60617e+06 
5.47760e-02 5.85001e+01  4.61581e+06 4.61581e+06 
5.48332e-02 5.85001e+01  4.62547e+06 4.62547e+06 
5.48905e-02 5.85001e+01  4.63513e+06 4.63513e+06 
5.49477e-02 5.85001e+01  4.64480e+06 4.64480e+06 
5.50050e-02 5.85001e+01  4.65448e+06 4.65448e+06 
5.50622e-02 5.85001e+01  4.66417e+06 4.66417e+06 
5.51194e-02 5.85001e+01  4.67387e+06 4.67387e+06 
5.51767e-02 5.85001e+01  4.68359e+06 4.68359e+06 
5.52339e-02 5.85001e+01  4.69331e+06 4.69331e+06 
5.52911e-02 5.85001e+01  4.70304e+06 4.70304e+06 
5.53484e-02 5.85001e+01  4.71278e+06 4.71278e+06 
5.54056e-02 5.85001e+01  4.72253e+06 4.72253e+06 
5.54628e-02 5.85001e+01  4.73230e+06 4.73230e+06 
5.55201e-02 5.85001e+01  4.74207e+06 4.74207e+06 
5.55773e-02 5.85001e+01  4.75185e+06 4.75185e+06 
5.56346e-02 5.85001e+01  4.76164e+06 4.76164e+06 
5.56918e-02 5.85001e+01  4.77145e+06 4.77145e+06 
5.57490e-02 5.85001e+01  4.78126e+06 4.78126e+06 
5.58063e-02 5.85001e+01  4.79108e+06 4.79108e+06 
5.58635e-02 5.85001e+01  4.80091e+06 4.80091e+06 
5.59207e-02 5.85001e+01  4.81076e+06 4.81076e+06 
5.59780e-02 5.85001e+01  4.82061e+06 4.82061e+06 
5.60352e-02 5.85001e+01  4.83047e+06 4.83047e+06 
5.60925e-02 5.85001e+01  4.84035e+06 4.84035e+06 
5.61497e-02 5.85001e+01  4.85023e+06 4.85023e+06 
5.62069e-02 5.85001e+01  4.86012e+06 4.86012e+06 
5.62642e-02 5.85001e+01  4.87003e+06 4.87003e+06 
5.63214e-02 5.85001e+01  4.87994e+06 4.87994e+06 
5.63786e-02 5.85001e+01  4.88986e+06 4.88986e+06 
5.64359e-02 5.85001e+01  4.89980e+06 4.89980e+06 
5.64931e-02 5.85001e+01  4.90974e+06 4.90974e+06 
5.65504e-02 5.85001e+01  4.91970e+06 4.91970e+06 
5.66076e-02 5.85001e+01  4.92966e+06 4.92966e+06 
5.66648e-02 5.85001e+01  4.93963e+06 4.93963e+06 
5.67221e-02 5.85001e+01  4.94962e+06 4.94962e+06 
5.67793e-02 5.85001e+01  4.95961e+06 4.95961e+06 
5.68365e-02 5.85001e+01  4.96962e+06 4.96962e+06 
5.68938e-02 5.85001e+01  4.97963e+06 4.97963e+06 
5.69510e-02 5.85001e+01  4.98965e+06 4.98965e+06 
5.70083e-02 5.85001e+01  4.99969e+06 4.99969e+06 
5.70655e-02 5.85001e+01  5.00973e+06 5.00973e+06 
5.71227e-02 5.85001e+01  5.01979e+06 5.01979e+06 
5.71800e-02 5.85001e+01  5.02985e+06 5.02985e+06 
5.72372e-02 5.85001e+01  5.03993e+06 5.03993e+06 
5.72944e-02 5.85001e+01  5.05001e+06 5.05001e+06 
5.73517e-02 5.85001e+01  5.06011e+06 5.06011e+06 
5.74089e-02 5.85001e+01  5.07021e+06 5.07021e+06 
5.74662e-02 5.85001e+01  5.08033e+06 5.08033e+06 
5.75234e-02 5.85001e+01  5.09045e+06 5.09045e+06 
5.75806e-02 5.85001e+01  5.10059e+06 5.10059e+06 
5.76379e-02 5.85001e+01  5.11073e+06 5.11073e+06 
5.76951e-02 5.85001e+01  5.12089e+06 5.12089e+06 
5.77523e-02 5.85001e+01  5.13105e+06 5.13105e+06 
5.78096e-02 5.85001e+01  5.14123e+06 5.14123e+06 
5.78668e-02 5.85001e+01  5.15142e+06 5.15142e+06 
5.79240e-02 5.85001e+01  5.16161e+06 5.16161e+06 
5.79813e-02 5.85001e+01  5.17182e+06 5.17182e+06 
5.80385e-02 5.85001e+01  5.18203e+06 5.18203e+06 
5.80958e-02 5.85001e+01  5.19226e+06 5.19226e+06 
5.81530e-02 5.85001e+01  5.20249e+06 5.20249e+06 
5.82102e-02 5.85001e+01  5.21274e+06 5.21274e+06 
5.82675e-02 5.85001e+01  5.22300e+06 5.22300e+06 
5.83247e-02 5.85001e+01  5.23326e+06 5.23326e+06 
5.83819e-02 5.85001e+01  5.24354e+06 5.24354e+06 
5.84392e-02 5.85001e+01  5.25383e+06 5.25383e+06 
5.84964e-02 5.85001e+01  5.26412e+06 5.26412e+06 
5.85537e-02 5.85001e+01  5.27443e+06 5.27443e+06 
5.86109e-02 5.85001e+01  5.28475e+06 5.28475e+06 
5.86681e-02 5.85001e+01  5.29507e+06 5.29507e+06 
5.87254e-02 5.85001e+01  5.30541e+06 5.30541e+06 
5.87826e-02 5.85001e+01  5.31576e+06 5.31576e+06 
5.88398e-02 5.85001e+01  5.32611e+06 5.32611e+06 
5.88971e-02 5.85001e+01  5.33648e+06 5.33648e+06 
5.89543e-02 5.85001e+01  5.34686e+06 5.34686e+06 
5.90116e-02 5.85001e+01  5.35724e+06 5.35724e+06 
5.90688e-02 5.85001e+01  5.36764e+06 5.36764e+06 
5.91260e-02 5.85001e+01  5.37805e+06 5.37805e+06 
5.91833e-02 5.85001e+01  5.38847e+06 5.38847e+06 
5.92405e-02 5.85001e+01  5.39889e+06 5.39889e+06 
5.92977e-02 5.85001e+01  5.40933e+06 5.40933e+06 
5.93550e-02 5.85001e+01  5.41978e+06 5.41978e+06 
5.94122e-02 5.85001e+01  5.43024e+06 5.43024e+06 
5.94695e-02 5.85001e+01  5.44071e+06 5.44071e+06 
5.95267e-02 5.85001e+01  5.45118e+06 5.45118e+06 
5.95839e-02 5.85001e+01  5.46167e+06 5.46167e+06 
5.96412e-02 5.85001e+01  5.47217e+06 5.47217e+06 
5.96984e-02 5.85001e+01  5.48268e+06 5.48268e+06 
5.97556e-02 5.85001e+01  5.49320e+06 5.49320e+06 
5.98129e-02 5.85001e+01  5.50372e+06 5.50372e+06 
5.98701e-02 5.85001e+01  5.51426e+06 5.51426e+06 
5.99274e-02 5.85001e+01  5.52481e+06 5.52481e+06 
5.99846e-02 5.85001e+01  5.53537e+06 5.53537e+06 
6.00418e-02 5.85001e+01  5.54594e+06 5.54594e+06 
6.00991e-02 5.85001e+01  5.55652e+06 5.55652e+06 
6.01563e-02 5.85001e+01  5.56711e+06 5.56711e+06 
6.02135e-02 5.85001e+01  5.57771e+06 5.57771e+06 
6.02708e-02 5.85001e+01  5.58831e+06 5.58831e+06 
6.03280e-02 5.85001e+01  5.59893e+06 5.59893e+06 
6.03852e-02 5.85001e+01  5.60956e+06 5.60956e+06 
6.04425e-02 5.85001e+01  5.62020e+06 5.62020e+06 
6.04997e-02 5.85001e+01  5.63085e+06 5.63085e+06 
6.05570e-02 5.85001e+01  5.64151e+06 5.64151e+06 
6.06142e-02 5.85001e+01  5.65218e+06 5.65218e+06 
6.06714e-02 5.85001e+01  5.66286e+06 5.66286e+06 
6.07287e-02 5.85001e+01  5.67355e+06 5.67355e+06 
6.07859e-02 5.85001e+01  5.68425e+06 5.68425e+06 
6.08431e-02 5.85001e+01  5.69496e+06 5.69496e+06 
6.09004e-02 5.85001e+01  5.70568e+06 5.70568e+06 
6.09576e-02 5.85001e+01  5.71641e+06 5.71641e+06 
6.10149e-02 5.85001e+01  5.72715e+06 5.72715e+06 
6.10721e-02 5.85001e+01  5.73790e+06 5.73790e+06 
6.11293e-02 5.85001e+01  5.74866e+06 5.74866e+06 
6.11866e-02 5.85001e+01  5.75943e+06 5.75943e+06 
6.12438e-02 5.85001e+01  5.77021e+06 5.77021e+06 
6.13010e-02 5.85001e+01  5.78100e+06 5.78100e+06 
6.13583e-02 5.85001e+01  5.79180e+06 5.79180e+06 
6.14155e-02 5.85001e+01  5.80261e+06 5.80261e+06 
6.14728e-02 5.85001e+01  5.81343e+06 5.81343e+06 
6.15300e-02 5.85001e+01  5.82426e+06 5.82426e+06 
6.15872e-02 5.85001e+01  5.83510e+06 5.83510e+06 
6.16445e-02 5.85001e+01  5.84595e+06 5.84595e+06 
6.17017e-02 5.85001e+01  5.85681e+06 5.85681e+06 
6.17589e-02 5.85001e+01  5.86769e+06 5.86769e+06 
6.18162e-02 5.85001e+01  5.87857e+06 5.87857e+06 
6.18734e-02 5.85001e+01  5.88946e+06 5.88946e+06 
6.19307e-02 5.85001e+01  5.90036e+06 5.90036e+06 
6.19879e-02 5.85001e+01  5.91127e+06 5.91127e+06 
6.20451e-02 5.85001e+01  5.92219e+06 5.92219e+06 
6.21024e-02 5.85001e+01  5.93312e+06 5.93312e+06 
6.21596e-02 5.85001e+01  5.94407e+06 5.94407e+06 
6.22168e-02 5.85001e+01  5.95502e+06 5.95502e+06 
6.22741e-02 5.85001e+01  5.96598e+06 5.96598e+06 
6.23313e-02 5.85001e+01  5.97695e+06 5.97695e+06 
6.23886e-02 5.85001e+01  5.98793e+06 5.98793e+06 
6.24458e-02 5.85001e+01  5.99892e+06 5.99892e+06 
6.25030e-02 5.85001e+01  6.00993e+06 6.00993e+06 
6.25603e-02 5.85001e+01  6.02094e+06 6.02094e+06 
6.26175e-02 5.85001e+01  6.03196e+06 6.03196e+06 
6.26747e-02 5.85001e+01  6.04299e+06 6.04299e+06 
6.27320e-02 5.85001e+01  6.05404e+06 6.05404e+06 
6.27892e-02 5.85001e+01  6.06509e+06 6.06509e+06 
6.28464e-02 5.85001e+01  6.07615e+06 6.07615e+06 
6.29037e-02 5.85001e+01  6.08722e+06 6.08722e+06 
6.29609e-02 5.85001e+01  6.09831e+06 6.09831e+06 
6.30182e-02 5.85001e+01  6.10940e+06 6.10940e+06 
6.30754e-02 5.85001e+01  6.12050e+06 6.12050e+06 
6.31326e-02 5.85001e+01  6.13162e+06 6.13162e+06 
6.31899e-02 5.85001e+01  6.14274e+06 6.14274e+06 
6.32471e-02 5.85001e+01  6.15387e+06 6.15387e+06 
6.33043e-02 5.85001e+01  6.16501e+06 6.16501e+06 
6.33616e-02 5.85001e+01  6.17617e+06 6.17617e+06 
6.34188e-02 5.85001e+01  6.18733e+06 6.18733e+06 
6.34761e-02 5.85001e+01  6.19850e+06 6.19850e+06 
6.35333e-02 5.85001e+01  6.20969e+06 6.20969e+06 
6.35905e-02 5.85001e+01  6.22088e+06 6.22088e+06 
6.36478e-02 5.85001e+01  6.23209e+06 6.23209e+06 
6.37050e-02 5.85001e+01  6.24330e+06 6.24330e+06 
6.37622e-02 5.85001e+01  6.25452e+06 6.25452e+06 
6.38195e-02 5.85001e+01  6.26576e+06 6.26576e+06 
6.38767e-02 5.85001e+01  6.27700e+06 6.27700e+06 
6.39340e-02 5.85001e+01  6.28826e+06 6.28826e+06 
6.39912e-02 5.85001e+01  6.29952e+06 6.29952e+06 
6.40484e-02 5.85001e+01  6.31079e+06 6.31079e+06 
6.41057e-02 5.85001e+01  6.32208e+06 6.32208e+06 
6.41629e-02 5.85001e+01  6.33337e+06 6.33337e+06 
6.42201e-02 5.85001e+01  6.34468e+06 6.34468e+06 
6.42774e-02 5.85001e+01  6.35599e+06 6.35599e+06 
6.43346e-02 5.85001e+01  6.36732e+06 6.36732e+06 
6.43919e-02 5.85001e+01  6.37865e+06 6.37865e+06 
6.44491e-02 5.85001e+01  6.39000e+06 6.39000e+06 
6.45063e-02 5.85001e+01  6.40135e+06 6.40135e+06 
6.45636e-02 5.85001e+01  6.41272e+06 6.41272e+06 
6.46208e-02 5.85001e+01  6.42409e+06 6.42409e+06 
6.46780e-02 5.85001e+01  6.43548e+06 6.43548e+06 
6.47353e-02 5.85001e+01  6.44687e+06 6.44687e+06 
6.47925e-02 5.85001e+01  6.45828e+06 6.45828e+06 
6.48498e-02 5.85001e+01  6.46969e+06 6.46969e+06 
6.49070e-02 5.85001e+01  6.48112e+06 6.48112e+06 
6.49642e-02 5.85001e+01  6.49255e+06 6.49255e+06 
6.50215e-02 5.85001e+01  6.50400e+06 6.50400e+06 
6.50787e-02 5.85001e+01  6.51545e+06 6.51545e+06 
6.51359e-02 5.85001e+01  6.52692e+06 6.52692e+06 
6.51932e-02 5.85001e+01  6.53840e+06 6.53840e+06 
6.52504e-02 5.85001e+01  6.54988e+06 6.54988e+06 
6.53076e-02 5.85001e+01  6.56138e+06 6.56138e+06 
6.53649e-02 5.85001e+01  6.57288e+06 6.57288e+06 
6.54221e-02 5.85001e+01  6.58440e+06 6.58440e+06 
6.54794e-02 5.85001e+01  6.59593e+06 6.59593e+06 
6.55366e-02 5.85001e+01  6.60746e+06 6.60746e+06 
6.55938e-02 5.85001e+01  6.61901e+06 6.61901e+06 
6.56511e-02 5.85001e+01  6.63057e+06 6.63057e+06 
6.57083e-02 5.85001e+01  6.64213e+06 6.64213e+06 
6.57655e-02 5.85001e+01  6.65371e+06 6.65371e+06 
6.58228e-02 5.85001e+01  6.66529e+06 6.66529e+06 
6.58800e-02 5.85001e+01  6.67689e+06 6.67689e+06 
6.59373e-02 5.85001e+01  6.68850e+06 6.68850e+06 
6.59945e-02 5.85001e+01  6.70012e+06 6.70012e+06 
6.60517e-02 5.85001e+01  6.71174e+06 6.71174e+06 
6.61090e-02 5.85001e+01  6.72338e+06 6.72338e+06 
6.61662e-02 5.85001e+01  6.73503e+06 6.73503e+06 
6.62234e-02 5.85001e+01  6.74668e+06 6.74668e+06 
6.62807e-02 5.85001e+01  6.75835e+06 6.75835e+06 
6.63379e-02 5.85001e+01  6.77003e+06 6.77003e+06 
6.63952e-02 5.85001e+01  6.78172e+06 6.78172e+06 
6.64524e-02 5.85001e+01  6.79341e+06 6.79341e+06 
6.65096e-02 5.85001e+01  6.80512e+06 6.80512e+06 
6.65669e-02 5.85001e+01  6.81684e+06 6.81684e+06 
6.66241e-02 5.85001e+01  6.82857e+06 6.82857e+06 
6.66813e-02 5.85001e+01  6.84031e+06 6.84031e+06 
6.67386e-02 5.85001e+01  6.85205e+06 6.85205e+06 
6.67958e-02 5.85001e+01  6.86381e+06 6.86381e+06 
6.68531e-02 5.85001e+01  6.87558e+06 6.87558e+06 
6.69103e-02 5.85001e+01  6.88736e+06 6.88736e+06 
6.69675e-02 5.85001e+01  6.89915e+06 6.89915e+06 
6.70248e-02 5.85001e+01  6.91094e+06 6.91094e+06 
6.70820e-02 5.85001e+01  6.92275e+06 6.92275e+06 
6.71392e-02 5.85001e+01  6.93457e+06 6.93457e+06 
6.71965e-02 5.85001e+01  6.94640e+06 6.94640e+06 
6.72537e-02 5.85001e+01  6.95824e+06 6.95824e+06 
6.73110e-02 5.85001e+01  6.97009e+06 6.97009e+06 
6.73682e-02 5.85001e+01  6.98195e+06 6.98195e+06 
6.74254e-02 5.85001e+01  6.99382e+06 6.99382e+06 
6.74827e-02 5.85001e+01  7.00569e+06 7.00569e+06 
6.75399e-02 5.85001e+01  7.01758e+06 7.01758e+06 
6.75971e-02 5.85001e+01  7.02948e+06 7.02948e+06 
6.76544e-02 5.85001e+01  7.04139e+06 7.04139e+06 
6.77116e-02 5.85001e+01  7.05331e+06 7.05331e+06 
6.77688e-02 5.85001e+01  7.06524e+06 7.06524e+06 
6.78261e-02 5.85001e+01  7.07718e+06 7.07718e+06 
6.78833e-02 5.85001e+01  7.08913e+06 7.08913e+06 
6.79406e-02 5.85001e+01  7.10109e+06 7.10109e+06 
6.79978e-02 5.85001e+01  7.11306e+06 7.11306e+06 
6.80550e-02 5.85001e+01  7.12504e+06 7.12504e+06 
6.81123e-02 5.85001e+01  7.13703e+06 7.13703e+06 
6.81695e-02 5.85001e+01  7.14903e+06 7.14903e+06 
6.82267e-02 5.85001e+01  7.16104e+06 7.16104e+06 
6.82840e-02 5.85001e+01  7.17306e+06 7.17306e+06 
6.83412e-02 5.85001e+01  7.18509e+06 7.18509e+06 
6.83985e-02 5.85001e+01  7.19713e+06 7.19713e+06 
6.84557e-02 5.85001e+01  7.20918e+06 7.20918e+06 
6.85129e-02 5.85001e+01  7.22124e+06 7.22124e+06 
6.85702e-02 5.85001e+01  7.23331e+06 7.23331e+06 
6.86274e-02 5.85001e+01  7.24539e+06 7.24539e+06 
6.86846e-02 5.85001e+01  7.25748e+06 7.25748e+06 
6.87419e-02 5.85001e+01  7.26958e+06 7.26958e+06 
6.87991e-02 5.85001e+01  7.28169e+06 7.28169e+06 
6.88564e-02 5.85001e+01  7.29381e+06 7.29381e+06 
6.89136e-02 5.85001e+01  7.30595e+06 7.30595e+06 
6.89708e-02 5.85001e+01  7.31809e+06 7.31809e+06 
6.90281e-02 5.85001e+01  7.33024e+06 7.33024e+06 
6.90853e-02 5.85001e+01  7.34240e+06 7.34240e+06 
6.91425e-02 5.85001e+01  7.35457e+06 7.35457e+06 
6.91998e-02 5.85001e+01  7.36675e+06 7.36675e+06 
6.92570e-02 5.85001e+01  7.37894e+06 7.37894e+06 
6.93143e-02 5.85001e+01  7.39114e+06 7.39114e+06 
6.93715e-02 5.85001e+01  7.40336e+06 7.40336e+06 
6.94287e-02 5.85001e+01  7.41558e+06 7.41558e+06 
6.94860e-02 5.85001e+01  7.42781e+06 7.42781e+06 
6.95432e-02 5.85001e+01  7.44005e+06 7.44005e+06 
6.96004e-02 5.85001e+01  7.45230e+06 7.45230e+06 
6.96577e-02 5.85001e+01  7.46457e+06 7.46457e+06 
6.97149e-02 5.85001e+01  7.47684e+06 7.47684e+06 
6.97722e-02 5.85001e+01  7.48912e+06 7.48912e+06 
6.98294e-02 5.85001e+01  7.50141e+06 7.50141e+06 
6.98866e-02 5.85001e+01  7.51371e+06 7.51371e+06 
6.99439e-02 5.85001e+01  7.52603e+06 7.52603e+06 
7.00011e-02 5.85001e+01  7.53835e+06 7.53835e+06 
7.00583e-02 5.85001e+01  7.55068e+06 7.55068e+06 
7.01156e-02 5.85001e+01  7.56303e+06 7.56303e+06 
7.01728e-02 5.85001e+01  7.57538e+06 7.57538e+06 
7.02300e-02 5.85001e+01  7.58774e+06 7.58774e+06 
7.02873e-02 5.85001e+01  7.60011e+06 7.60011e+06 
7.03445e-02 5.85001e+01  7.61250e+06 7.61250e+06 
7.04018e-02 5.85001e+01  7.62489e+06 7.62489e+06 
7.04590e-02 5.85001e+01  7.63729e+06 7.63729e+06 
7.05162e-02 5.85001e+01  7.64971e+06 7.64971e+06 
7.05735e-02 5.85001e+01  7.66213e+06 7.66213e+06 
7.06307e-02 5.85001e+01  7.67456e+06 7.67456e+06 
7.06879e-02 5.85001e+01  7.68701e+06 7.68701e+06 
7.07452e-02 5.85001e+01  7.69946e+06 7.69946e+06 
7.08024e-02 5.85001e+01  7.71192e+06 7.71192e+06 
7.08597e-02 5.85001e+01  7.72440e+06 7.72440e+06 
7.09169e-02 5.85001e+01  7.73688e+06 7.73688e+06 
7.09741e-02 5.85001e+01  7.74937e+06 7.74937e+06 
7.10314e-02 5.85001e+01  7.76188e+06 7.76188e+06 
7.10886e-02 5.85001e+01  7.77439e+06 7.77439e+06 
7.11458e-02 5.85001e+01  7.78692e+06 7.78692e+06 
7.12031e-02 5.85001e+01  7.79945e+06 7.79945e+06 
7.12603e-02 5.85001e+01  7.81200e+06 7.81200e+06 
7.13176e-02 5.85001e+01  7.82455e+06 7.82455e+06 
7.13748e-02 5.85001e+01  7.83711e+06 7.83711e+06 
7.14320e-02 5.85001e+01  7.84969e+06 7.84969e+06 
7.14893e-02 5.85001e+01  7.86227e+06 7.86227e+06 
7.15465e-02 5.85001e+01  7.87487e+06 7.87487e+06 
7.16037e-02 5.85001e+01  7.88747e+06 7.88747e+06 
7.16610e-02 5.85001e+01  7.90009e+06 7.90009e+06 
7.17182e-02 5.85001e+01  7.91271e+06 7.91271e+06 
7.17755e-02 5.85001e+01  7.92535e+06 7.92535e+06 
7.18327e-02 5.85001e+01  7.93799e+06 7.93799e+06 
7.18899e-02 5.85001e+01  7.95065e+06 7.95065e+06 
7.19472e-02 5.85001e+01  7.96331e+06 7.96331e+06 
7.20044e-02 5.85001e+01  7.97599e+06 7.97599e+06 
7.20616e-02 5.85001e+01  7.98867e+06 7.98867e+06 
7.21189e-02 5.85001e+01  8.00137e+06 8.00137e+06 
7.21761e-02 5.85001e+01  8.01407e+06 8.01407e+06 
7.22334e-02 5.85001e+01  8.02679e+06 8.02679e+06 
7.22906e-02 5.85001e+01  8.03952e+06 8.03952e+06 
7.23478e-02 5.85001e+01  8.05225e+06 8.05225e+06 
7.24051e-02 5.85001e+01  8.06500e+06 8.06500e+06 
7.24623e-02 5.85001e+01  8.07775e+06 8.07775e+06 
7.25195e-02 5.85001e+01  8.09052e+06 8.09052e+06 
7.25768e-02 5.85001e+01  8.10330e+06 8.10330e+06 
7.26340e-02 5.85001e+01  8.11608e+06 8.11608e+06 
7.26912e-02 5.85001e+01  8.12888e+06 8.12888e+06 
7.27485e-02 5.85001e+01  8.14168e+06 8.14168e+06 
7.28057e-02 5.85001e+01  8.15450e+06 8.15450e+06 
7.28630e-02 5.85001e+01  8.16733e+06 8.16733e+06 
7.29202e-02 5.85001e+01  8.18016e+06 8.18016e+06 
7.29774e-02 5.85001e+01  8.19301e+06 8.19301e+06 
7.30347e-02 5.85001e+01  8.20587e+06 8.20587e+06 
7.30919e-02 5.85001e+01  8.21873e+06 8.21873e+06 
7.31491e-02 5.85001e+01  8.23161e+06 8.23161e+06 
7.32064e-02 5.85001e+01  8.24450e+06 8.24450e+06 
7.32636e-02 5.85001e+01  8.25740e+06 8.25740e+06 
7.33209e-02 5.85001e+01  8.27030e+06 8.27030e+06 
7.33781e-02 5.85001e+01  8.28322e+06 8.28322e+06 
7.34353e-02 5.85001e+01  8.29615e+06 8.29615e+06 
7.34926e-02 5.85001e+01  8.30908e+06 8.30908e+06 
7.35498e-02 5.85001e+01  8.32203e+06 8.32203e+06 
7.36070e-02 5.85001e+01  8.33499e+06 8.33499e+06 
7.36643e-02 5.85001e+01  8.34796e+06 8.34796e+06 
7.37215e-02 5.85001e+01  8.36093e+06 8.36093e+06 
7.37788e-02 5.85001e+01  8.37392e+06 8.37392e+06 
7.38360e-02 5.85001e+01  8.38692e+06 8.38692e+06 
7.38932e-02 5.85001e+01  8.39993e+06 8.39993e+06 
7.39505e-02 5.85001e+01  8.41295e+06 8.41295e+06 
7.40077e-02 5.85001e+01  8.42597e+06 8.42597e+06 
7.40649e-02 5.85001e+01  8.43901e+06 8.43901e+06 
7.41222e-02 5.85001e+01  8.45206e+06 8.45206e+06 
7.41794e-02 5.85001e+01  8.46512e+06 8.46512e+06 
7.42367e-02 5.85001e+01  8.47819e+06 8.47819e+06 
7.42939e-02 5.85001e+01  8.49127e+06 8.49127e+06 
7.43511e-02 5.85001e+01  8.50435e+06 8.50435e+06 
7.44084e-02 5.85001e+01  8.51745e+06 8.51745e+06 
7.44656e-02 5.85001e+01  8.53056e+06 8.53056e+06 
7.45228e-02 5.85001e+01  8.54368e+06 8.54368e+06 
7.45801e-02 5.85001e+01  8.55681e+06 8.55681e+06 
7.46373e-02 5.85001e+01  8.56995e+06 8.56995e+06 
7.46946e-02 5.85001e+01  8.58310e+06 8.58310e+06 
7.47518e-02 5.85001e+01  8.59626e+06 8.59626e+06 
7.48090e-02 5.85001e+01  8.60943e+06 8.60943e+06 
7.48663e-02 5.85001e+01  8.62260e+06 8.62260e+06 
7.49235e-02 5.85001e+01  8.63579e+06 8.63579e+06 
7.49807e-02 5.85001e+01  8.64899e+06 8.64899e+06 
7.50380e-02 5.85001e+01  8.66220e+06 8.66220e+06 
7.50952e-02 5.85001e+01  8.67542e+06 8.67542e+06 
7.51524e-02 5.85001e+01  8.68865e+06 8.68865e+06 
7.52097e-02 5.85001e+01  8.70189e+06 8.70189e+06 
7.52669e-02 5.85001e+01  8.71514e+06 8.71514e+06 
7.53242e-02 5.85001e+01  8.72840e+06 8.72840e+06 
7.53814e-02 5.85001e+01  8.74167e+06 8.74167e+06 
7.54386e-02 5.85001e+01  8.75495e+06 8.75495e+06 
7.54959e-02 5.85001e+01  8.76824e+06 8.76824e+06 
7.55531e-02 5.85001e+01  8.78154e+06 8.78154e+06 
7.56103e-02 5.85001e+01  8.79485e+06 8.79485e+06 
7.56676e-02 5.85001e+01  8.80817e+06 8.80817e+06 
7.57248e-02 5.85001e+01  8.82150e+06 8.82150e+06 
7.57821e-02 5.85001e+01  8.83484e+06 8.83484e+06 
7.58393e-02 5.85001e+01  8.84819e+06 8.84819e+06 
7.58965e-02 5.85001e+01  8.86156e+06 8.86156e+06 
7.59538e-02 5.85001e+01  8.87493e+06 8.87493e+06 
7.60110e-02 5.85001e+01  8.88831e+06 8.88831e+06 
7.60682e-02 5.85001e+01  8.90170e+06 8.90170e+06 
7.61255e-02 5.85001e+01  8.91510e+06 8.91510e+06 
7.61827e-02 5.85001e+01  8.92851e+06 8.92851e+06 
7.62400e-02 5.85001e+01  8.94193e+06 8.94193e+06 
7.62972e-02 5.85001e+01  8.95536e+06 8.95536e+06 
7.63544e-02 5.85001e+01  8.96880e+06 8.96880e+06 
7.64117e-02 5.85001e+01  8.98226e+06 8.98226e+06 
7.64689e-02 5.85001e+01  8.99572e+06 8.99572e+06 
7.65261e-02 5.85001e+01  9.00919e+06 9.00919e+06 
7.65834e-02 5.85001e+01  9.02267e+06 9.02267e+06 
7.66406e-02 5.85001e+01  9.03616e+06 9.03616e+06 
7.66979e-02 5.85001e+01  9.04966e+06 9.04966e+06 
7.67551e-02 5.85001e+01  9.06318e+06 9.06318e+06 
7.68123e-02 5.85001e+01  9.07670e+06 9.07670e+06 
7.68696e-02 5.85001e+01  9.09023e+06 9.09023e+06 
7.69268e-02 5.85001e+01  9.10377e+06 9.10377e+06 
7.69840e-02 5.85001e+01  9.11732e+06 9.11732e+06 
7.70413e-02 5.85001e+01  9.13089e+06 9.13089e+06 
7.70985e-02 5.85001e+01  9.14446e+06 9.14446e+06 
7.71557e-02 5.85001e+01  9.15804e+06 9.15804e+06 
7.72130e-02 5.85001e+01  9.17163e+06 9.17163e+06 
7.72702e-02 5.85001e+01  9.18524e+06 9.18524e+06 
7.73275e-02 5.85001e+01  9.19885e+06 9.19885e+06 
7.73847e-02 5.85001e+01  9.21247e+06 9.21247e+06 
7.74419e-02 5.85001e+01  9.22610e+06 9.22610e+06 
7.74992e-02 5.85001e+01  9.23975e+06 9.23975e+06 
7.75564e-02 5.85001e+01  9.25340e+06 9.25340e+06 
7.76136e-02 5.85001e+01  9.26706e+06 9.26706e+06 
7.76709e-02 5.85001e+01  9.28074e+06 9.28074e+06 
7.77281e-02 5.85001e+01  9.29442e+06 9.29442e+06 
7.77854e-02 5.85001e+01  9.30811e+06 9.30811e+06 
7.78426e-02 5.85001e+01  9.32182e+06 9.32182e+06 
7.78998e-02 5.85001e+01  9.33553e+06 9.33553e+06 
7.79571e-02 5.85001e+01  9.34925e+06 9.34925e+06 
7.80143e-02 5.85001e+01  9.36299e+06 9.36299e+06 
7.80715e-02 5.85001e+01  9.37673e+06 9.37673e+06 
7.81288e-02 5.85001e+01  9.39048e+06 9.39048e+06 
7.81860e-02 5.85001e+01  9.40425e+06 9.40425e+06 
7.82433e-02 5.85001e+01  9.41802e+06 9.41802e+06 
7.83005e-02 5.85002e+01  9.43181e+06 9.43181e+06 
7.83577e-02 5.85002e+01  9.44560e+06 9.44560e+06 
7.84150e-02 5.85002e+01  9.45941e+06 9.45941e+06 
7.84722e-02 5.85002e+01  9.47322e+06 9.47322e+06 
7.85294e-02 5.85002e+01  9.48704e+06 9.48704e+06 
7.85867e-02 5.85002e+01  9.50088e+06 9.50088e+06 
7.86439e-02 5.85002e+01  9.51472e+06 9.51472e+06 
7.87012e-02 5.85002e+01  9.52858e+06 9.52858e+06 
7.87584e-02 5.85002e+01  9.54244e+06 9.54244e+06 
7.88156e-02 5.85002e+01  9.55632e+06 9.55632e+06 
7.88729e-02 5.85002e+01  9.57020e+06 9.57020e+06 
7.89301e-02 5.85002e+01  9.58410e+06 9.58410e+06 
7.89873e-02 5.85002e+01  9.59800e+06 9.59800e+06 
7.90446e-02 5.85002e+01  9.61192e+06 9.61192e+06 
7.91018e-02 5.85002e+01  9.62584e+06 9.62584e+06 
7.91591e-02 5.85002e+01  9.63978e+06 9.63978e+06 
7.92163e-02 5.85002e+01  9.65372e+06 9.65372e+06 
7.92735e-02 5.85002e+01  9.66768e+06 9.66768e+06 
7.93308e-02 5.85002e+01  9.68164e+06 9.68164e+06 
7.93880e-02 5.85002e+01  9.69562e+06 9.69562e+06 
7.94452e-02 5.85002e+01  9.70960e+06 9.70960e+06 
7.95025e-02 5.85002e+01  9.72360e+06 9.72360e+06 
7.95597e-02 5.85002e+01  9.73761e+06 9.73761e+06 
7.96169e-02 5.85002e+01  9.75162e+06 9.75162e+06 
7.96742e-02 5.85002e+01  9.76565e+06 9.76565e+06 
7.97314e-02 5.85002e+01  9.77968e+06 9.77968e+06 
7.97887e-02 5.85002e+01  9.79373e+06 9.79373e+06 
7.98459e-02 5.85002e+01  9.80779e+06 9.80779e+06 
7.99031e-02 5.85002e+01  9.82185e+06 9.82185e+06 
7.99604e-02 5.85002e+01  9.83593e+06 9.83593e+06 
8.00176e-02 5.85002e+01  9.85002e+06 9.85002e+06 
8.00748e-02 5.85002e+01  9.86411e+06 9.86411e+06 
8.01321e-02 5.85002e+01  9.87822e+06 9.87822e+06 
8.01893e-02 5.85002e+01  9.89233e+06 9.89233e+06 
8.02466e-02 5.85002e+01  9.90646e+06 9.90646e+06 
8.03038e-02 5.85002e+01  9.92060e+06 9.92060e+06 
8.03610e-02 5.85002e+01  9.93475e+06 9.93475e+06 
8.04183e-02 5.85002e+01  9.94890e+06 9.94890e+06 
8.04755e-02 5.85002e+01  9.96307e+06 9.96307e+06 
8.05327e-02 5.85002e+01  9.97725e+06 9.97725e+06 
8.05900e-02 5.85002e+01  9.99143e+06 9.99143e+06 
8.06472e-02 5.85002e+01  1.00056e+07 1.00056e+07 
8.07045e-02 5.85002e+01  1.00198e+07 1.00198e+07 
8.07617e-02 5.85002e+01  1.00341e+07 1.00341e+07 
8.08189e-02 5.85002e+01  1.00483e+07 1.00483e+07 
8.08762e-02 5.85002e+01  1.00625e+07 1.00625e+07 
8.09334e-02 5.85002e+01  1.00768e+07 1.00768e+07 
8.09906e-02 5.85002e+01  1.00910e+07 1.00910e+07 
8.10479e-02 5.85002e+01  1.01053e+07 1.01053e+07 
8.11051e-02 5.85002e+01  1.01196e+07 1.01196e+07 
8.11624e-02 5.85002e+01  1.01339e+07 1.01339e+07 
8.12196e-02 5.85002e+01  1.01482e+07 1.01482e+07 
8.12768e-02 5.85002e+01  1.01625e+07 1.01625e+07 
8.13341e-02 5.85002e+01  1.01768e+07 1.01768e+07 
8.13913e-02 5.85002e+01  1.01911e+07 1.01911e+07 
8.14485e-02 5.85002e+01  1.02055e+07 1.02055e+07 
8.15058e-02 5.85002e+01  1.02198e+07 1.02198e+07 
8.15630e-02 5.85002e+01  1.02342e+07 1.02342e+07 
8.16203e-02 5.85002e+01  1.02485e+07 1.02485e+07 
8.16775e-02 5.85002e+01  1.02629e+07 1.02629e+07 
8.17347e-02 5.85002e+01  1.02773e+07 1.02773e+07 
8.17920e-02 5.85002e+01  1.02917e+07 1.02917e+07 
8.18492e-02 5.85002e+01  1.03061e+07 1.03061e+07 
8.19064e-02 5.85002e+01  1.03205e+07 1.03205e+07 
8.19637e-02 5.85002e+01  1.03350e+07 1.03350e+07 
8.20209e-02 5.85002e+01  1.03494e+07 1.03494e+07 
8.20781e-02 5.85002e+01  1.03638e+07 1.03638e+07 
8.21354e-02 5.85002e+01  1.03783e+07 1.03783e+07 
8.21926e-02 5.85002e+01  1.03928e+07 1.03928e+07 
8.22499e-02 5.85002e+01  1.04072e+07 1.04072e+07 
8.23071e-02 5.85002e+01  1.04217e+07 1.04217e+07 
8.23643e-02 5.85002e+01  1.04362e+07 1.04362e+07 
8.24216e-02 5.85002e+01  1.04507e+07 1.04507e+07 
8.24788e-02 5.85002e+01  1.04653e+07 1.04653e+07 
8.25360e-02 5.85002e+01  1.04798e+07 1.04798e+07 
8.25933e-02 5.85002e+01  1.04943e+07 1.04943e+07 
8.26505e-02 5.85002e+01  1.05089e+07 1.05089e+07 
8.27078e-02 5.85002e+01  1.05234e+07 1.05234e+07 
8.27650e-02 5.85002e+01  1.05380e+07 1.05380e+07 
8.28222e-02 5.85002e+01  1.05526e+07 1.05526e+07 
8.28795e-02 5.85002e+01  1.05672e+07 1.05672e+07 
8.29367e-02 5.85002e+01  1.05818e+07 1.05818e+07 
8.29939e-02 5.85002e+01  1.05964e+07 1.05964e+07 
8.30512e-02 5.85002e+01  1.06110e+07 1.06110e+07 
8.31084e-02 5.85002e+01  1.06256e+07 1.06256e+07 
8.31657e-02 5.85002e+01  1.06403e+07 1.06403e+07 
8.32229e-02 5.85002e+01  1.06549e+07 1.06549e+07 
8.32801e-02 5.85002e+01  1.06696e+07 1.06696e+07 
8.33374e-02 5.85002e+01  1.06843e+07 1.06843e+07 
8.33946e-02 5.85002e+01  1.06990e+07 1.06990e+07 
8.34518e-02 5.85002e+01  1.07136e+07 1.07136e+07 
8.35091e-02 5.85002e+01  1.07283e+07 1.07283e+07 
8.35663e-02 5.85002e+01  1.07431e+07 1.07431e+07 
8.36236e-02 5.85002e+01  1.07578e+07 1.07578e+07 
8.36808e-02 5.85002e+01  1.07725e+07 1.07725e+07 
8.37380e-02 5.85002e+01  1.07873e+07 1.07873e+07 
8.37953e-02 5.85002e+01  1.08020e+07 1.08020e+07 
8.38525e-02 5.85002e+01  1.08168e+07 1.08168e+07 
8.39097e-02 5.85002e+01  1.08315e+07 1.08315e+07 
8.39670e-02 5.85002e+01  1.08463e+07 1.08463e+07 
8.40242e-02 5.85002e+01  1.08611e+07 1.08611e+07 
8.40815e-02 5.85002e+01  1.08759e+07 1.08759e+07 
8.41387e-02 5.85002e+01  1.08907e+07 1.08907e+07 
8.41959e-02 5.85002e+01  1.09055e+07 1.09055e+07 
8.42532e-02 5.85002e+01  1.09204e+07 1.09204e+07 
8.43104e-02 5.85002e+01  1.09352e+07 1.09352e+07 
8.43676e-02 5.85002e+01  1.09501e+07 1.09501e+07 
8.44249e-02 5.85002e+01  1.09649e+07 1.09649e+07 
8.44821e-02 5.85002e+01  1.09798e+07 1.09798e+07 
8.45393e-02 5.85002e+01  1.09947e+07 1.09947e+07 
8.45966e-02 5.85002e+01  1.10096e+07 1.10096e+07 
8.46538e-02 5.85002e+01  1.10245e+07 1.10245e+07 
8.47111e-02 5.85002e+01  1.10394e+07 1.10394e+07 
8.47683e-02 5.85002e+01  1.10543e+07 1.10543e+07 
8.48255e-02 5.85002e+01  1.10693e+07 1.10693e+07 
8.48828e-02 5.85002e+01  1.10842e+07 1.10842e+07 
8.49400e-02 5.85002e+01  1.10992e+07 1.10992e+07 
8.49972e-02 5.85002e+01  1.11141e+07 1.11141e+07 
8.50545e-02 5.85002e+01  1.11291e+07 1.11291e+07 
8.51117e-02 5.85002e+01  1.11441e+07 1.11441e+07 
8.51690e-02 5.85002e+01  1.11591e+07 1.11591e+07 
8.52262e-02 5.85002e+01  1.11741e+07 1.11741e+07 
8.52834e-02 5.85002e+01  1.11891e+07 1.11891e+07 
8.53407e-02 5.85002e+01  1.12041e+07 1.12041e+07 
8.53979e-02 5.85002e+01  1.12191e+07 1.12191e+07 
8.54551e-02 5.85002e+01  1.12342e+07 1.12342e+07 
8.55124e-02 5.85002e+01  1.12492e+07 1.12492e+07 
8.55696e-02 5.85002e+01  1.12643e+07 1.12643e+07 
8.56269e-02 5.85002e+01  1.12794e+07 1.12794e+07 
8.56841e-02 5.85002e+01  1.12945e+07 1.12945e+07 
8.57413e-02 5.85002e+01  1.13096e+07 1.13096e+07 
8.57986e-02 5.85002e+01  1.13247e+07 1.13247e+07 
8.58558e-02 5.85002e+01  1.13398e+07 1.13398e+07 
8.59130e-02 5.85002e+01  1.13549e+07 1.13549e+07 
8.59703e-02 5.85002e+01  1.13700e+07 1.13700e+07 
8.60275e-02 5.85002e+01  1.13852e+07 1.13852e+07 
8.60848e-02 5.85002e+01  1.14003e+07 1.14003e+07 
8.61420e-02 5.85002e+01  1.14155e+07 1.14155e+07 
8.61992e-02 5.85002e+01  1.14307e+07 1.14307e+07 
8.62565e-02 5.85002e+01  1.14459e+07 1.14459e+07 
8.63137e-02 5.85002e+01  1.14611e+07 1.14611e+07 
8.63709e-02 5.85002e+01  1.14763e+07 1.14763e+07 
8.64282e-02 5.85002e+01  1.14915e+07 1.14915e+07 
8.64854e-02 5.85002e+01  1.15067e+07 1.15067e+07 
8.65427e-02 5.85002e+01  1.15219e+07 1.15219e+07 
8.65999e-02 5.85002e+01  1.15372e+07 1.15372e+07 
8.66571e-02 5.85002e+01  1.15524e+07 1.15524e+07 
8.67144e-02 5.85002e+01  1.15677e+07 1.15677e+07 
8.67716e-02 5.85002e+01  1.15830e+07 1.15830e+07 
8.68288e-02 5.85002e+01  1.15983e+07 1.15983e+07 
8.68861e-02 5.85002e+01  1.16136e+07 1.16136e+07 
8.69433e-02 5.85002e+01  1.16289e+07 1.16289e+07 
8.70005e-02 5.85002e+01  1.16442e+07 1.16442e+07 
8.70578e-02 5.85002e+01  1.16595e+07 1.16595e+07 
8.71150e-02 5.85002e+01  1.16748e+07 1.16748e+07 
8.71723e-02 5.85002e+01  1.16902e+07 1.16902e+07 
8.72295e-02 5.85002e+01  1.17055e+07 1.17055e+07 
8.72867e-02 5.85002e+01  1.17209e+07 1.17209e+07 
8.73440e-02 5.85002e+01  1.17363e+07 1.17363e+07 
8.74012e-02 5.85002e+01  1.17517e+07 1.17517e+07 
8.74584e-02 5.85002e+01  1.17671e+07 1.17671e+07 
8.75157e-02 5.85002e+01  1.17825e+07 1.17825e+07 
8.75729e-02 5.85002e+01  1.17979e+07 1.17979e+07 
8.76302e-02 5.85002e+01  1.18133e+07 1.18133e+07 
8.76874e-02 5.85002e+01  1.18288e+07 1.18288e+07 
8.77446e-02 5.85002e+01  1.18442e+07 1.18442e+07 
8.78019e-02 5.85002e+01  1.18597e+07 1.18597e+07 
8.78591e-02 5.85002e+01  1.18751e+07 1.18751e+07 
8.79163e-02 5.85002e+01  1.18906e+07 1.18906e+07 
8.79736e-02 5.85002e+01  1.19061e+07 1.19061e+07 
8.80308e-02 5.85002e+01  1.19216e+07 1.19216e+07 
8.80881e-02 5.85002e+01  1.19371e+07 1.19371e+07 
8.81453e-02 5.85002e+01  1.19526e+07 1.19526e+07 
8.82025e-02 5.85002e+01  1.19682e+07 1.19682e+07 
8.82598e-02 5.85002e+01  1.19837e+07 1.19837e+07 
8.83170e-02 5.85002e+01  1.19992e+07 1.19992e+07 
8.83742e-02 5.85002e+01  1.20148e+07 1.20148e+07 
8.84315e-02 5.85002e+01  1.20304e+07 1.20304e+07 
8.84887e-02 5.85002e+01  1.20459e+07 1.20459e+07 
8.85460e-02 5.85002e+01  1.20615e+07 1.20615e+07 
8.86032e-02 5.85002e+01  1.20771e+07 1.20771e+07 
8.86604e-02 5.85002e+01  1.20927e+07 1.20927e+07 
8.87177e-02 5.85002e+01  1.21084e+07 1.21084e+07 
8.87749e-02 5.85002e+01  1.21240e+07 1.21240e+07 
8.88321e-02 5.85002e+01  1.21396e+07 1.21396e+07 
8.88894e-02 5.85002e+01  1.21553e+07 1.21553e+07 
8.89466e-02 5.85002e+01  1.21709e+07 1.21709e+07 
8.90039e-02 5.85002e+01  1.21866e+07 1.21866e+07 
8.90611e-02 5.85002e+01  1.22023e+07 1.22023e+07 
8.91183e-02 5.85002e+01  1.22180e+07 1.22180e+07 
8.91756e-02 5.85002e+01  1.22337e+07 1.22337e+07 
8.92328e-02 5.85002e+01  1.22494e+07 1.22494e+07 
8.92900e-02 5.85002e+01  1.22651e+07 1.22651e+07 
8.93473e-02 5.85002e+01  1.22808e+07 1.22808e+07 
8.94045e-02 5.85002e+01  1.22966e+07 1.22966e+07 
8.94617e-02 5.85002e+01  1.23123e+07 1.23123e+07 
8.95190e-02 5.85002e+01  1.23281e+07 1.23281e+07 
8.95762e-02 5.85002e+01  1.23438e+07 1.23438e+07 
8.96335e-02 5.85002e+01  1.23596e+07 1.23596e+07 
8.96907e-02 5.85002e+01  1.23754e+07 1.23754e+07 
8.97479e-02 5.85002e+01  1.23912e+07 1.23912e+07 
8.98052e-02 5.85002e+01  1.24070e+07 1.24070e+07 
8.98624e-02 5.85002e+01  1.24228e+07 1.24228e+07 
8.99196e-02 5.85002e+01  1.24387e+07 1.24387e+07 
8.99769e-02 5.85002e+01  1.24545e+07 1.24545e+07 
9.00341e-02 5.85002e+01  1.24704e+07 1.24704e+07 
9.00914e-02 5.85002e+01  1.24862e+07 1.24862e+07 
9.01486e-02 5.85002e+01  1.25021e+07 1.25021e+07 
9.02058e-02 5.85002e+01  1.25180e+07 1.25180e+07 
9.02631e-02 5.85002e+01  1.25339e+07 1.25339e+07 
9.03203e-02 5.85002e+01  1.25498e+07 1.25498e+07 
9.03775e-02 5.85002e+01  1.25657e+07 1.25657e+07 
9.04348e-02 5.85002e+01  1.25816e+07 1.25816e+07 
9.04920e-02 5.85002e+01  1.25975e+07 1.25975e+07 
9.05493e-02 5.85002e+01  1.26135e+07 1.26135e+07 
9.06065e-02 5.85002e+01  1.26294e+07 1.26294e+07 
9.06637e-02 5.85002e+01  1.26454e+07 1.26454e+07 
9.07210e-02 5.85002e+01  1.26614e+07 1.26614e+07 
9.07782e-02 5.85002e+01  1.26773e+07 1.26773e+07 
9.08354e-02 5.85002e+01  1.26933e+07 1.26933e+07 
9.08927e-02 5.85002e+01  1.27093e+07 1.27093e+07 
9.09499e-02 5.85002e+01  1.27253e+07 1.27253e+07 
9.10072e-02 5.85002e+01  1.27414e+07 1.27414e+07 
9.10644e-02 5.85002e+01  1.27574e+07 1.27574e+07 
9.11216e-02 5.85002e+01  1.27734e+07 1.27734e+07 
9.11789e-02 5.85002e+01  1.27895e+07 1.27895e+07 
9.12361e-02 5.85002e+01  1.28055e+07 1.28055e+07 
9.12933e-02 5.85002e+01  1.28216e+07 1.28216e+07 
9.13506e-02 5.85002e+01  1.28377e+07 1.28377e+07 
9.14078e-02 5.85002e+01  1.28538e+07 1.28538e+07 
9.14651e-02 5.85002e+01  1.28699e+07 1.28699e+07 
9.15223e-02 5.85002e+01  1.28860e+07 1.28860e+07 
9.15795e-02 5.85002e+01  1.29021e+07 1.29021e+07 
9.16368e-02 5.85002e+01  1.29183e+07 1.29183e+07 
9.16940e-02 5.85002e+01  1.29344e+07 1.29344e+07 
9.17512e-02 5.85002e+01  1.29506e+07 1.29506e+07 
9.18085e-02 5.85002e+01  1.29667e+07 1.29667e+07 
9.18657e-02 5.85002e+01  1.29829e+07 1.29829e+07 
9.19229e-02 5.85002e+01  1.29991e+07 1.29991e+07 
9.19802e-02 5.85002e+01  1.30153e+07 1.30153e+07 
9.20374e-02 5.85002e+01  1.30315e+07 1.30315e+07 
9.20947e-02 5.85002e+01  1.30477e+07 1.30477e+07 
9.21519e-02 5.85002e+01  1.30639e+07 1.30639e+07 
9.22091e-02 5.85002e+01  1.30801e+07 1.30801e+07 
9.22664e-02 5.85002e+01  1.30964e+07 1.30964e+07 
9.23236e-02 5.85002e+01  1.31126e+07 1.31126e+07 
9.23808e-02 5.85002e+01  1.31289e+07 1.31289e+07 
9.24381e-02 5.85002e+01  1.31452e+07 1.31452e+07 
9.24953e-02 5.85002e+01  1.31615e+07 1.31615e+07 
9.25526e-02 5.85002e+01  1.31778e+07 1.31778e+07 
9.26098e-02 5.85002e+01  1.31941e+07 1.31941e+07 
9.26670e-02 5.85002e+01  1.32104e+07 1.32104e+07 
9.27243e-02 5.85002e+01  1.32267e+07 1.32267e+07 
9.27815e-02 5.85002e+01  1.32430e+07 1.32430e+07 
9.28387e-02 5.85002e+01  1.32594e+07 1.32594e+07 
9.28960e-02 5.85002e+01  1.32757e+07 1.32757e+07 
9.29532e-02 5.85002e+01  1.32921e+07 1.32921e+07 
9.30105e-02 5.85002e+01  1.33085e+07 1.33085e+07 
9.30677e-02 5.85002e+01  1.33249e+07 1.33249e+07 
9.31249e-02 5.85002e+01  1.33412e+07 1.33412e+07 
9.31822e-02 5.85002e+01  1.33577e+07 1.33577e+07 
9.32394e-02 5.85002e+01  1.33741e+07 1.33741e+07 
9.32966e-02 5.85002e+01  1.33905e+07 1.33905e+07 
9.33539e-02 5.85002e+01  1.34069e+07 1.34069e+07 
9.34111e-02 5.85002e+01  1.34234e+07 1.34234e+07 
9.34684e-02 5.85002e+01  1.34398e+07 1.34398e+07 
9.35256e-02 5.85002e+01  1.34563e+07 1.34563e+07 
9.35828e-02 5.85002e+01  1.34728e+07 1.34728e+07 
9.36401e-02 5.85002e+01  1.34893e+07 1.34893e+07 
9.36973e-02 5.85002e+01  1.35057e+07 1.35057e+07 
9.37545e-02 5.85002e+01  1.35223e+07 1.35223e+07 
9.38118e-02 5.85002e+01  1.35388e+07 1.35388e+07 
9.38690e-02 5.85002e+01  1.35553e+07 1.35553e+07 
9.39263e-02 5.85002e+01  1.35718e+07 1.35718e+07 
9.39835e-02 5.85002e+01  1.35884e+07 1.35884e+07 
9.40407e-02 5.85002e+01  1.36049e+07 1.36049e+07 
9.40980e-02 5.85002e+01  1.36215e+07 1.36215e+07 
9.41552e-02 5.85002e+01  1.36381e+07 1.36381e+07 
9.42124e-02 5.85002e+01  1.36547e+07 1.36547e+07 
9.42697e-02 5.85002e+01  1.36713e+07 1.36713e+07 
9.43269e-02 5.85002e+01  1.36879e+07 1.36879e+07 
9.43841e-02 5.85002e+01  1.37045e+07 1.37045e+07 
9.44414e-02 5.85002e+01  1.37211e+07 1.37211e+07 
9.44986e-02 5.85002e+01  1.37377e+07 1.37377e+07 
9.45559e-02 5.85002e+01  1.37544e+07 1.37544e+07 
9.46131e-02 5.85002e+01  1.37710e+07 1.37710e+07 
9.46703e-02 5.85002e+01  1.37877e+07 1.37877e+07 
9.47276e-02 5.85002e+01  1.38044e+07 1.38044e+07 
9.47848e-02 5.85002e+01  1.38211e+07 1.38211e+07 
9.48420e-02 5.85002e+01  1.38378e+07 1.38378e+07 
9.48993e-02 5.85002e+01  1.38545e+07 1.38545e+07 
9.49565e-02 5.85002e+01  1.38712e+07 1.38712e+07 
9.50138e-02 5.85002e+01  1.38879e+07 1.38879e+07 
9.50710e-02 5.85002e+01  1.39047e+07 1.39047e+07 
9.51282e-02 5.85002e+01  1.39214e+07 1.39214e+07 
9.51855e-02 5.85002e+01  1.39382e+07 1.39382e+07 
9.52427e-02 5.85002e+01  1.39549e+07 1.39549e+07 
9.52999e-02 5.85002e+01  1.39717e+07 1.39717e+07 
9.53572e-02 5.85002e+01  1.39885e+07 1.39885e+07 
9.54144e-02 5.85002e+01  1.40053e+07 1.40053e+07 
9.54717e-02 5.85002e+01  1.40221e+07 1.40221e+07 
9.55289e-02 5.85002e+01  1.40389e+07 1.40389e+07 
9.55861e-02 5.85002e+01  1.40557e+07 1.40557e+07 
9.56434e-02 5.85002e+01  1.40726e+07 1.40726e+07 
9.57006e-02 5.85002e+01  1.40894e+07 1.40894e+07 
9.57578e-02 5.85002e+01  1.41063e+07 1.41063e+07 
9.58151e-02 5.85002e+01  1.41232e+07 1.41232e+07 
9.58723e-02 5.85002e+01  1.41400e+07 1.41400e+07 
9.59296e-02 5.85002e+01  1.41569e+07 1.41569e+07 
9.59868e-02 5.85002e+01  1.41738e+07 1.41738e+07 
9.60440e-02 5.85002e+01  1.41907e+07 1.41907e+07 
9.61013e-02 5.85002e+01  1.42077e+07 1.42077e+07 
9.61585e-02 5.85002e+01  1.42246e+07 1.42246e+07 
9.62157e-02 5.85002e+01  1.42415e+07 1.42415e+07 
9.62730e-02 5.85002e+01  1.42585e+07 1.42585e+07 
9.63302e-02 5.85002e+01  1.42754e+07 1.42754e+07 
9.63875e-02 5.85002e+01  1.42924e+07 1.42924e+07 
9.64447e-02 5.85002e+01  1.43094e+07 1.43094e+07 
9.65019e-02 5.85002e+01  1.43264e+07 1.43264e+07 
9.65592e-02 5.85002e+01  1.43434e+07 1.43434e+07 
9.66164e-02 5.85002e+01  1.43604e+07 1.43604e+07 
9.66736e-02 5.85002e+01  1.43774e+07 1.43774e+07 
9.67309e-02 5.85002e+01  1.43944e+07 1.43944e+07 
9.67881e-02 5.85002e+01  1.44115e+07 1.44115e+07 
9.68453e-02 5.85002e+01  1.44285e+07 1.44285e+07 
9.69026e-02 5.85002e+01  1.44456e+07 1.44456e+07 
9.69598e-02 5.85002e+01  1.44626e+07 1.44626e+07 
9.70171e-02 5.85002e+01  1.44797e+07 1.44797e+07 
9.70743e-02 5.85002e+01  1.44968e+07 1.44968e+07 
9.71315e-02 5.85002e+01  1.45139e+07 1.45139e+07 
9.71888e-02 5.85002e+01  1.45310e+07 1.45310e+07 
9.72460e-02 5.85002e+01  1.45481e+07 1.45481e+07 
9.73032e-02 5.85002e+01  1.45653e+07 1.45653e+07 
9.73605e-02 5.85002e+01  1.45824e+07 1.45824e+07 
9.74177e-02 5.85002e+01  1.45996e+07 1.45996e+07 
9.74750e-02 5.85002e+01  1.46167e+07 1.46167e+07 
9.75322e-02 5.85002e+01  1.46339e+07 1.46339e+07 
9.75894e-02 5.85002e+01  1.46511e+07 1.46511e+07 
9.76467e-02 5.85002e+01  1.46683e+07 1.46683e+07 
9.77039e-02 5.85002e+01  1.46855e+07 1.46855e+07 
9.77611e-02 5.85002e+01  1.47027e+07 1.47027e+07 
9.78184e-02 5.85002e+01  1.47199e+07 1.47199e+07 
9.78756e-02 5.85002e+01  1.47371e+07 1.47371e+07 
9.79329e-02 5.85002e+01  1.47544e+07 1.47544e+07 
9.79901e-02 5.85002e+01  1.47716e+07 1.47716e+07 
9.80473e-02 5.85002e+01  1.47889e+07 1.47889e+07 
9.81046e-02 5.85002e+01  1.48062e+07 1.48062e+07 
9.81618e-02 5.85002e+01  1.48234e+07 1.48234e+07 
9.82190e-02 5.85002e+01  1.48407e+07 1.48407e+07 
9.82763e-02 5.85002e+01  1.48580e+07 1.48580e+07 
9.83335e-02 5.85002e+01  1.48753e+07 1.48753e+07 
9.83908e-02 5.85002e+01  1.48927e+07 1.48927e+07 
9.84480e-02 5.85002e+01  1.49100e+07 1.49100e+07 
9.85052e-02 5.85002e+01  1.49273e+07 1.49273e+07 
9.85625e-02 5.85002e+01  1.49447e+07 1.49447e+07 
9.86197e-02 5.85002e+01  1.49621e+07 1.49621e+07 
9.86769e-02 5.85002e+01  1.49794e+07 1.49794e+07 
9.87342e-02 5.85002e+01  1.49968e+07 1.49968e+07 
9.87914e-02 5.85002e+01  1.50142e+07 1.50142e+07 
9.88486e-02 5.85002e+01  1.50316e+07 1.50316e+07 
9.89059e-02 5.85002e+01  1.50490e+07 1.50490e+07 
9.89631e-02 5.85002e+01  1.50664e+07 1.50664e+07 
9.90204e-02 5.85002e+01  1.50839e+07 1.50839e+07 
9.90776e-02 5.85002e+01  1.51013e+07 1.51013e+07 
9.91348e-02 5.85002e+01  1.51188e+07 1.51188e+07 
9.91921e-02 5.85002e+01  1.51362e+07 1.51362e+07 
9.92493e-02 5.85002e+01  1.51537e+07 1.51537e+07 
9.93065e-02 5.85002e+01  1.51712e+07 1.51712e+07 
9.93638e-02 5.85002e+01  1.51887e+07 1.51887e+07 
9.94210e-02 5.85002e+01  1.52062e+07 1.52062e+07 
9.94783e-02 5.85002e+01  1.52237e+07 1.52237e+07 
9.95355e-02 5.85002e+01  1.52412e+07 1.52412e+07 
9.95927e-02 5.85002e+01  1.52588e+07 1.52588e+07 
9.96500e-02 5.85002e+01  1.52763e+07 1.52763e+07 
9.97072e-02 5.85002e+01  1.52939e+07 1.52939e+07 
9.97644e-02 5.85002e+01  1.53114e+07 1.53114e+07 
9.98217e-02 5.85002e+01  1.53290e+07 1.53290e+07 
9.98789e-02 5.85002e+01  1.53466e+07 1.53466e+07 
9.99362e-02 5.85002e+01  1.53642e+07 1.53642e+07 
9.99934e-02 5.85002e+01  1.53818e+07 1.53818e+07 
1.00000e-01 5.85002e+01  1.53838e+07 1.53838e+07 
