Acc
 0.0000E+00  0.0000E+00  0.0000E+00 
 0.0000E+00  0.0000E+00  0.0000E+00 
 0.0000E+00  0.0000E+00  0.0000E+00 
 0.0000E+00  0.0000E+00  0.0000E+00 
 0.0000E+00  0.0000E+00  0.0000E+00 
 0.0000E+00  0.0000E+00  0.0000E+00 
 0.0000E+00  0.0000E+00  0.0000E+00 
 0.0000E+00  0.0000E+00  0.0000E+00 
Acc n
-1.7441E+04  0.0000E+00 -1.7441E+04 
-1.7441E+04  0.0000E+00 -1.7441E+04 
-1.7441E+04  0.0000E+00  0.0000E+00 
-1.7441E+04  0.0000E+00  0.0000E+00 
 0.0000E+00  0.0000E+00 -1.7441E+04 
 0.0000E+00  0.0000E+00 -1.7441E+04 
 0.0000E+00  0.0000E+00  0.0000E+00 
 0.0000E+00  0.0000E+00  0.0000E+00 
Vel
 0.0000E+00  4.0000E+00  0.0000E+00 
 0.0000E+00  0.0000E+00  0.0000E+00 
 0.0000E+00  4.0000E+00  0.0000E+00 
 0.0000E+00  0.0000E+00  0.0000E+00 
 0.0000E+00  4.0000E+00  0.0000E+00 
 0.0000E+00  0.0000E+00  0.0000E+00 
 0.0000E+00  4.0000E+00  0.0000E+00 
 0.0000E+00  0.0000E+00  0.0000E+00 
Acc
-1.2924E+03  0.0000E+00 -1.2924E+03 
-1.2924E+03  0.0000E+00 -1.2924E+03 
-1.2924E+03  0.0000E+00  0.0000E+00 
-1.2924E+03  0.0000E+00  0.0000E+00 
 0.0000E+00  0.0000E+00 -1.2924E+03 
 0.0000E+00  0.0000E+00 -1.2924E+03 
 0.0000E+00  0.0000E+00  0.0000E+00 
 0.0000E+00  0.0000E+00  0.0000E+00 
Acc n
 1.4972E+04  0.0000E+00  1.4972E+04 
 1.4972E+04  0.0000E+00  1.4972E+04 
 1.4972E+04  0.0000E+00  0.0000E+00 
 1.4972E+04  0.0000E+00  0.0000E+00 
 0.0000E+00  0.0000E+00  1.4972E+04 
 0.0000E+00  0.0000E+00  1.4972E+04 
 0.0000E+00  0.0000E+00  0.0000E+00 
 0.0000E+00  0.0000E+00  0.0000E+00 
Vel
-2.3616E+00  4.0000E+00 -2.3616E+00 
-2.3616E+00  0.0000E+00 -2.3616E+00 
-2.3616E+00  4.0000E+00  0.0000E+00 
-2.3616E+00  0.0000E+00  0.0000E+00 
 0.0000E+00  4.0000E+00 -2.3616E+00 
 0.0000E+00  0.0000E+00 -2.3616E+00 
 0.0000E+00  4.0000E+00  0.0000E+00 
 0.0000E+00  0.0000E+00  0.0000E+00 
Acc
 3.9369E+03  0.0000E+00  3.9369E+03 
 3.9369E+03  0.0000E+00  3.9369E+03 
 3.9369E+03  0.0000E+00  0.0000E+00 
 3.9369E+03  0.0000E+00  0.0000E+00 
 0.0000E+00  0.0000E+00  3.9369E+03 
 0.0000E+00  0.0000E+00  3.9369E+03 
 0.0000E+00  0.0000E+00  0.0000E+00 
 0.0000E+00  0.0000E+00  0.0000E+00 
Acc n
-1.2323E+04  0.0000E+00 -1.2323E+04 
-1.2323E+04  0.0000E+00 -1.2323E+04 
-1.2323E+04  0.0000E+00  0.0000E+00 
-1.2323E+04  0.0000E+00  0.0000E+00 
 0.0000E+00  0.0000E+00 -1.2323E+04 
 0.0000E+00  0.0000E+00 -1.2323E+04 
 0.0000E+00  0.0000E+00  0.0000E+00 
 0.0000E+00  0.0000E+00  0.0000E+00 
Vel
-2.3512E-01  4.0000E+00 -2.3512E-01 
-2.3512E-01  0.0000E+00 -2.3512E-01 
-2.3512E-01  4.0000E+00  0.0000E+00 
-2.3512E-01  0.0000E+00  0.0000E+00 
 0.0000E+00  4.0000E+00 -2.3512E-01 
 0.0000E+00  0.0000E+00 -2.3512E-01 
 0.0000E+00  4.0000E+00  0.0000E+00 
 0.0000E+00  0.0000E+00  0.0000E+00 
Acc
-5.6939E+03  0.0000E+00 -5.6939E+03 
-5.6939E+03  0.0000E+00 -5.6939E+03 
-5.6939E+03  0.0000E+00  0.0000E+00 
-5.6939E+03  0.0000E+00  0.0000E+00 
 0.0000E+00  0.0000E+00 -5.6939E+03 
 0.0000E+00  0.0000E+00 -5.6939E+03 
 0.0000E+00  0.0000E+00  0.0000E+00 
 0.0000E+00  0.0000E+00  0.0000E+00 
Acc n
 9.7104E+03  0.0000E+00  9.7104E+03 
 9.7104E+03  0.0000E+00  9.7104E+03 
 9.7104E+03  0.0000E+00  0.0000E+00 
 9.7104E+03  0.0000E+00  0.0000E+00 
 0.0000E+00  0.0000E+00  9.7104E+03 
 0.0000E+00  0.0000E+00  9.7104E+03 
 0.0000E+00  0.0000E+00  0.0000E+00 
 0.0000E+00  0.0000E+00  0.0000E+00 
Vel
-1.9576E+00  4.0000E+00 -1.9576E+00 
-1.9576E+00  0.0000E+00 -1.9576E+00 
-1.9576E+00  4.0000E+00  0.0000E+00 
-1.9576E+00  0.0000E+00  0.0000E+00 
 0.0000E+00  4.0000E+00 -1.9576E+00 
 0.0000E+00  0.0000E+00 -1.9576E+00 
 0.0000E+00  4.0000E+00  0.0000E+00 
 0.0000E+00  0.0000E+00  0.0000E+00 
Acc
 6.7449E+03  0.0000E+00  6.7449E+03 
 6.7449E+03  0.0000E+00  6.7449E+03 
 6.7449E+03  0.0000E+00  0.0000E+00 
 6.7449E+03  0.0000E+00  0.0000E+00 
 0.0000E+00  0.0000E+00  6.7449E+03 
 0.0000E+00  0.0000E+00  6.7449E+03 
 0.0000E+00  0.0000E+00  0.0000E+00 
 0.0000E+00  0.0000E+00  0.0000E+00 
Acc n
-7.2346E+03  0.0000E+00 -7.2346E+03 
-7.2346E+03  0.0000E+00 -7.2346E+03 
-7.2346E+03  0.0000E+00  0.0000E+00 
-7.2346E+03  0.0000E+00  0.0000E+00 
 0.0000E+00  0.0000E+00 -7.2346E+03 
 0.0000E+00  0.0000E+00 -7.2346E+03 
 0.0000E+00  0.0000E+00  0.0000E+00 
 0.0000E+00  0.0000E+00  0.0000E+00 
Vel
-6.2265E-01  4.0000E+00 -6.2265E-01 
-6.2265E-01  0.0000E+00 -6.2265E-01 
-6.2265E-01  4.0000E+00  0.0000E+00 
-6.2265E-01  0.0000E+00  0.0000E+00 
 0.0000E+00  4.0000E+00 -6.2265E-01 
 0.0000E+00  0.0000E+00 -6.2265E-01 
 0.0000E+00  4.0000E+00  0.0000E+00 
 0.0000E+00  0.0000E+00  0.0000E+00 
Acc
-7.1763E+03  0.0000E+00 -7.1763E+03 
-7.1763E+03  0.0000E+00 -7.1763E+03 
-7.1763E+03  0.0000E+00  0.0000E+00 
-7.1763E+03  0.0000E+00  0.0000E+00 
 0.0000E+00  0.0000E+00 -7.1763E+03 
 0.0000E+00  0.0000E+00 -7.1763E+03 
 0.0000E+00  0.0000E+00  0.0000E+00 
 0.0000E+00  0.0000E+00  0.0000E+00 
Acc n
 5.0332E+03  0.0000E+00  5.0332E+03 
 5.0332E+03  0.0000E+00  5.0332E+03 
 5.0332E+03  0.0000E+00  0.0000E+00 
 5.0332E+03  0.0000E+00  0.0000E+00 
 0.0000E+00  0.0000E+00  5.0332E+03 
 0.0000E+00  0.0000E+00  5.0332E+03 
 0.0000E+00  0.0000E+00  0.0000E+00 
 0.0000E+00  0.0000E+00  0.0000E+00 
Vel
-1.5941E+00  4.0000E+00 -1.5941E+00 
-1.5941E+00  0.0000E+00 -1.5941E+00 
-1.5941E+00  4.0000E+00  0.0000E+00 
-1.5941E+00  0.0000E+00  0.0000E+00 
 0.0000E+00  4.0000E+00 -1.5941E+00 
 0.0000E+00  0.0000E+00 -1.5941E+00 
 0.0000E+00  4.0000E+00  0.0000E+00 
 0.0000E+00  0.0000E+00  0.0000E+00 
Acc
 7.1595E+03  0.0000E+00  7.1595E+03 
 7.1595E+03  0.0000E+00  7.1595E+03 
 7.1595E+03  0.0000E+00  0.0000E+00 
 7.1595E+03  0.0000E+00  0.0000E+00 
 0.0000E+00  0.0000E+00  7.1595E+03 
 0.0000E+00  0.0000E+00  7.1595E+03 
 0.0000E+00  0.0000E+00  0.0000E+00 
 0.0000E+00  0.0000E+00  0.0000E+00 
Acc n
-3.1094E+03  0.0000E+00 -3.1094E+03 
-3.1094E+03  0.0000E+00 -3.1094E+03 
-3.1094E+03  0.0000E+00  0.0000E+00 
-3.1094E+03  0.0000E+00  0.0000E+00 
 0.0000E+00  0.0000E+00 -3.1094E+03 
 0.0000E+00  0.0000E+00 -3.1094E+03 
 0.0000E+00  0.0000E+00  0.0000E+00 
 0.0000E+00  0.0000E+00  0.0000E+00 
Vel
-9.3922E-01  4.0000E+00 -9.3922E-01 
-9.3922E-01  0.0000E+00 -9.3922E-01 
-9.3922E-01  4.0000E+00  0.0000E+00 
-9.3922E-01  0.0000E+00  0.0000E+00 
 0.0000E+00  4.0000E+00 -9.3922E-01 
 0.0000E+00  0.0000E+00 -9.3922E-01 
 0.0000E+00  4.0000E+00  0.0000E+00 
 0.0000E+00  0.0000E+00  0.0000E+00 
Acc
-6.7806E+03  0.0000E+00 -6.7806E+03 
-6.7806E+03  0.0000E+00 -6.7806E+03 
-6.7806E+03  0.0000E+00  0.0000E+00 
-6.7806E+03  0.0000E+00  0.0000E+00 
 0.0000E+00  0.0000E+00 -6.7806E+03 
 0.0000E+00  0.0000E+00 -6.7806E+03 
 0.0000E+00  0.0000E+00  0.0000E+00 
 0.0000E+00  0.0000E+00  0.0000E+00 
Acc n
 1.5358E+03  0.0000E+00  1.5358E+03 
 1.5358E+03  0.0000E+00  1.5358E+03 
 1.5358E+03  0.0000E+00  0.0000E+00 
 1.5358E+03  0.0000E+00  0.0000E+00 
 0.0000E+00  0.0000E+00  1.5358E+03 
 0.0000E+00  0.0000E+00  1.5358E+03 
 0.0000E+00  0.0000E+00  0.0000E+00 
 0.0000E+00  0.0000E+00  0.0000E+00 
Vel
-1.3197E+00  4.0000E+00 -1.3197E+00 
-1.3197E+00  0.0000E+00 -1.3197E+00 
-1.3197E+00  4.0000E+00  0.0000E+00 
-1.3197E+00  0.0000E+00  0.0000E+00 
 0.0000E+00  4.0000E+00 -1.3197E+00 
 0.0000E+00  0.0000E+00 -1.3197E+00 
 0.0000E+00  4.0000E+00  0.0000E+00 
 0.0000E+00  0.0000E+00  0.0000E+00 
Acc
 6.1840E+03  0.0000E+00  6.1840E+03 
 6.1840E+03  0.0000E+00  6.1840E+03 
 6.1840E+03  0.0000E+00  0.0000E+00 
 6.1840E+03  0.0000E+00  0.0000E+00 
 0.0000E+00  0.0000E+00  6.1840E+03 
 0.0000E+00  0.0000E+00  6.1840E+03 
 0.0000E+00  0.0000E+00  0.0000E+00 
 0.0000E+00  0.0000E+00  0.0000E+00 
Acc n
-2.5995E+02  0.0000E+00 -2.5995E+02 
-2.5995E+02  0.0000E+00 -2.5995E+02 
-2.5995E+02  0.0000E+00  0.0000E+00 
-2.5995E+02  0.0000E+00  0.0000E+00 
 0.0000E+00  0.0000E+00 -2.5995E+02 
 0.0000E+00  0.0000E+00 -2.5995E+02 
 0.0000E+00  0.0000E+00  0.0000E+00 
 0.0000E+00  0.0000E+00  0.0000E+00 
Vel
-1.1586E+00  4.0000E+00 -1.1586E+00 
-1.1586E+00  0.0000E+00 -1.1586E+00 
-1.1586E+00  4.0000E+00  0.0000E+00 
-1.1586E+00  0.0000E+00  0.0000E+00 
 0.0000E+00  4.0000E+00 -1.1586E+00 
 0.0000E+00  0.0000E+00 -1.1586E+00 
 0.0000E+00  4.0000E+00  0.0000E+00 
 0.0000E+00  0.0000E+00  0.0000E+00 
Acc
-5.4259E+03  0.0000E+00 -5.4259E+03 
-5.4259E+03  0.0000E+00 -5.4259E+03 
-5.4259E+03  0.0000E+00  0.0000E+00 
-5.4259E+03  0.0000E+00  0.0000E+00 
 0.0000E+00  0.0000E+00 -5.4259E+03 
 0.0000E+00  0.0000E+00 -5.4259E+03 
 0.0000E+00  0.0000E+00  0.0000E+00 
 0.0000E+00  0.0000E+00  0.0000E+00 
Acc n
-6.8890E+02  0.0000E+00 -6.8890E+02 
-6.8890E+02  0.0000E+00 -6.8890E+02 
-6.8890E+02  0.0000E+00  0.0000E+00 
-6.8890E+02  0.0000E+00  0.0000E+00 
 0.0000E+00  0.0000E+00 -6.8890E+02 
 0.0000E+00  0.0000E+00 -6.8890E+02 
 0.0000E+00  0.0000E+00  0.0000E+00 
 0.0000E+00  0.0000E+00  0.0000E+00 
Vel
-1.1430E+00  4.0000E+00 -1.1430E+00 
-1.1430E+00  0.0000E+00 -1.1430E+00 
-1.1430E+00  4.0000E+00  0.0000E+00 
-1.1430E+00  0.0000E+00  0.0000E+00 
 0.0000E+00  4.0000E+00 -1.1430E+00 
 0.0000E+00  0.0000E+00 -1.1430E+00 
 0.0000E+00  4.0000E+00  0.0000E+00 
 0.0000E+00  0.0000E+00  0.0000E+00 
Acc
 4.6194E+03  0.0000E+00  4.6194E+03 
 4.6194E+03  0.0000E+00  4.6194E+03 
 4.6194E+03  0.0000E+00  0.0000E+00 
 4.6194E+03  0.0000E+00  0.0000E+00 
 0.0000E+00  0.0000E+00  4.6194E+03 
 0.0000E+00  0.0000E+00  4.6194E+03 
 0.0000E+00  0.0000E+00  0.0000E+00 
 0.0000E+00  0.0000E+00  0.0000E+00 
Acc n
 1.3879E+03  0.0000E+00  1.3879E+03 
 1.3879E+03  0.0000E+00  1.3879E+03 
 1.3879E+03  0.0000E+00  0.0000E+00 
 1.3879E+03  0.0000E+00  0.0000E+00 
 0.0000E+00  0.0000E+00  1.3879E+03 
 0.0000E+00  0.0000E+00  1.3879E+03 
 0.0000E+00  0.0000E+00  0.0000E+00 
 0.0000E+00  0.0000E+00  0.0000E+00 
Vel
-1.2853E+00  4.0000E+00 -1.2853E+00 
-1.2853E+00  0.0000E+00 -1.2853E+00 
-1.2853E+00  4.0000E+00  0.0000E+00 
-1.2853E+00  0.0000E+00  0.0000E+00 
 0.0000E+00  4.0000E+00 -1.2853E+00 
 0.0000E+00  0.0000E+00 -1.2853E+00 
 0.0000E+00  4.0000E+00  0.0000E+00 
 0.0000E+00  0.0000E+00  0.0000E+00 
Acc
-3.7836E+03  0.0000E+00 -3.7836E+03 
-3.7836E+03  0.0000E+00 -3.7836E+03 
-3.7836E+03  0.0000E+00  0.0000E+00 
-3.7836E+03  0.0000E+00  0.0000E+00 
 0.0000E+00  0.0000E+00 -3.7836E+03 
 0.0000E+00  0.0000E+00 -3.7836E+03 
 0.0000E+00  0.0000E+00  0.0000E+00 
 0.0000E+00  0.0000E+00  0.0000E+00 
Acc n
-1.8291E+03  0.0000E+00 -1.8291E+03 
-1.8291E+03  0.0000E+00 -1.8291E+03 
-1.8291E+03  0.0000E+00  0.0000E+00 
-1.8291E+03  0.0000E+00  0.0000E+00 
 0.0000E+00  0.0000E+00 -1.8291E+03 
 0.0000E+00  0.0000E+00 -1.8291E+03 
 0.0000E+00  0.0000E+00  0.0000E+00 
 0.0000E+00  0.0000E+00  0.0000E+00 
Vel
-1.0502E+00  4.0000E+00 -1.0502E+00 
-1.0502E+00  0.0000E+00 -1.0502E+00 
-1.0502E+00  4.0000E+00  0.0000E+00 
-1.0502E+00  0.0000E+00  0.0000E+00 
 0.0000E+00  4.0000E+00 -1.0502E+00 
 0.0000E+00  0.0000E+00 -1.0502E+00 
 0.0000E+00  4.0000E+00  0.0000E+00 
 0.0000E+00  0.0000E+00  0.0000E+00 
Acc
 3.0027E+03  0.0000E+00  3.0027E+03 
 3.0027E+03  0.0000E+00  3.0027E+03 
 3.0027E+03  0.0000E+00  0.0000E+00 
 3.0027E+03  0.0000E+00  0.0000E+00 
 0.0000E+00  0.0000E+00  3.0027E+03 
 0.0000E+00  0.0000E+00  3.0027E+03 
 0.0000E+00  0.0000E+00  0.0000E+00 
 0.0000E+00  0.0000E+00  0.0000E+00 
Acc n
 2.0953E+03  0.0000E+00  2.0953E+03 
 2.0953E+03  0.0000E+00  2.0953E+03 
 2.0953E+03  0.0000E+00  0.0000E+00 
 2.0953E+03  0.0000E+00  0.0000E+00 
 0.0000E+00  0.0000E+00  2.0953E+03 
 0.0000E+00  0.0000E+00  2.0953E+03 
 0.0000E+00  0.0000E+00  0.0000E+00 
 0.0000E+00  0.0000E+00  0.0000E+00 
Vel
-1.3391E+00  4.0000E+00 -1.3391E+00 
-1.3391E+00  0.0000E+00 -1.3391E+00 
-1.3391E+00  4.0000E+00  0.0000E+00 
-1.3391E+00  0.0000E+00  0.0000E+00 
 0.0000E+00  4.0000E+00 -1.3391E+00 
 0.0000E+00  0.0000E+00 -1.3391E+00 
 0.0000E+00  4.0000E+00  0.0000E+00 
 0.0000E+00  0.0000E+00  0.0000E+00 
Acc
-2.2646E+03  0.0000E+00 -2.2646E+03 
-2.2646E+03  0.0000E+00 -2.2646E+03 
-2.2646E+03  0.0000E+00  0.0000E+00 
-2.2646E+03  0.0000E+00  0.0000E+00 
 0.0000E+00  0.0000E+00 -2.2646E+03 
 0.0000E+00  0.0000E+00 -2.2646E+03 
 0.0000E+00  0.0000E+00  0.0000E+00 
 0.0000E+00  0.0000E+00  0.0000E+00 
Acc n
-2.1831E+03  0.0000E+00 -2.1831E+03 
-2.1831E+03  0.0000E+00 -2.1831E+03 
-2.1831E+03  0.0000E+00  0.0000E+00 
-2.1831E+03  0.0000E+00  0.0000E+00 
 0.0000E+00  0.0000E+00 -2.1831E+03 
 0.0000E+00  0.0000E+00 -2.1831E+03 
 0.0000E+00  0.0000E+00  0.0000E+00 
 0.0000E+00  0.0000E+00  0.0000E+00 
Vel
-1.0185E+00  4.0000E+00 -1.0185E+00 
-1.0185E+00  0.0000E+00 -1.0185E+00 
-1.0185E+00  4.0000E+00  0.0000E+00 
-1.0185E+00  0.0000E+00  0.0000E+00 
 0.0000E+00  4.0000E+00 -1.0185E+00 
 0.0000E+00  0.0000E+00 -1.0185E+00 
 0.0000E+00  4.0000E+00  0.0000E+00 
 0.0000E+00  0.0000E+00  0.0000E+00 
Acc
 1.6300E+03  0.0000E+00  1.6300E+03 
 1.6300E+03  0.0000E+00  1.6300E+03 
 1.6300E+03  0.0000E+00  0.0000E+00 
 1.6300E+03  0.0000E+00  0.0000E+00 
 0.0000E+00  0.0000E+00  1.6300E+03 
 0.0000E+00  0.0000E+00  1.6300E+03 
 0.0000E+00  0.0000E+00  0.0000E+00 
 0.0000E+00  0.0000E+00  0.0000E+00 
Acc n
 2.1706E+03  0.0000E+00  2.1706E+03 
 2.1706E+03  0.0000E+00  2.1706E+03 
 2.1706E+03  0.0000E+00  0.0000E+00 
 2.1706E+03  0.0000E+00  0.0000E+00 
 0.0000E+00  0.0000E+00  2.1706E+03 
 0.0000E+00  0.0000E+00  2.1706E+03 
 0.0000E+00  0.0000E+00  0.0000E+00 
 0.0000E+00  0.0000E+00  0.0000E+00 
Vel
-1.3436E+00  4.0000E+00 -1.3436E+00 
-1.3436E+00  0.0000E+00 -1.3436E+00 
-1.3436E+00  4.0000E+00  0.0000E+00 
-1.3436E+00  0.0000E+00  0.0000E+00 
 0.0000E+00  4.0000E+00 -1.3436E+00 
 0.0000E+00  0.0000E+00 -1.3436E+00 
 0.0000E+00  4.0000E+00  0.0000E+00 
 0.0000E+00  0.0000E+00  0.0000E+00 
Acc
-1.0653E+03  0.0000E+00 -1.0653E+03 
-1.0653E+03  0.0000E+00 -1.0653E+03 
-1.0653E+03  0.0000E+00  0.0000E+00 
-1.0653E+03  0.0000E+00  0.0000E+00 
 0.0000E+00  0.0000E+00 -1.0653E+03 
 0.0000E+00  0.0000E+00 -1.0653E+03 
 0.0000E+00  0.0000E+00  0.0000E+00 
 0.0000E+00  0.0000E+00  0.0000E+00 
Acc n
-2.0494E+03  0.0000E+00 -2.0494E+03 
-2.0494E+03  0.0000E+00 -2.0494E+03 
-2.0494E+03  0.0000E+00  0.0000E+00 
-2.0494E+03  0.0000E+00  0.0000E+00 
 0.0000E+00  0.0000E+00 -2.0494E+03 
 0.0000E+00  0.0000E+00 -2.0494E+03 
 0.0000E+00  0.0000E+00  0.0000E+00 
 0.0000E+00  0.0000E+00  0.0000E+00 
Vel
-1.0248E+00  4.0000E+00 -1.0248E+00 
-1.0248E+00  0.0000E+00 -1.0248E+00 
-1.0248E+00  4.0000E+00  0.0000E+00 
-1.0248E+00  0.0000E+00  0.0000E+00 
 0.0000E+00  4.0000E+00 -1.0248E+00 
 0.0000E+00  0.0000E+00 -1.0248E+00 
 0.0000E+00  4.0000E+00  0.0000E+00 
 0.0000E+00  0.0000E+00  0.0000E+00 
Acc
 6.1553E+02  0.0000E+00  6.1553E+02 
 6.1553E+02  0.0000E+00  6.1553E+02 
 6.1553E+02  0.0000E+00  0.0000E+00 
 6.1553E+02  0.0000E+00  0.0000E+00 
 0.0000E+00  0.0000E+00  6.1553E+02 
 0.0000E+00  0.0000E+00  6.1553E+02 
 0.0000E+00  0.0000E+00  0.0000E+00 
 0.0000E+00  0.0000E+00  0.0000E+00 
Acc n
 1.8889E+03  0.0000E+00  1.8889E+03 
 1.8889E+03  0.0000E+00  1.8889E+03 
 1.8889E+03  0.0000E+00  0.0000E+00 
 1.8889E+03  0.0000E+00  0.0000E+00 
 0.0000E+00  0.0000E+00  1.8889E+03 
 0.0000E+00  0.0000E+00  1.8889E+03 
 0.0000E+00  0.0000E+00  0.0000E+00 
 0.0000E+00  0.0000E+00  0.0000E+00 
Vel
-1.3203E+00  4.0000E+00 -1.3203E+00 
-1.3203E+00  0.0000E+00 -1.3203E+00 
-1.3203E+00  4.0000E+00  0.0000E+00 
-1.3203E+00  0.0000E+00  0.0000E+00 
 0.0000E+00  4.0000E+00 -1.3203E+00 
 0.0000E+00  0.0000E+00 -1.3203E+00 
 0.0000E+00  4.0000E+00  0.0000E+00 
 0.0000E+00  0.0000E+00  0.0000E+00 
Acc
-2.3467E+02  0.0000E+00 -2.3467E+02 
-2.3467E+02  0.0000E+00 -2.3467E+02 
-2.3467E+02  0.0000E+00  0.0000E+00 
-2.3467E+02  0.0000E+00  0.0000E+00 
 0.0000E+00  0.0000E+00 -2.3467E+02 
 0.0000E+00  0.0000E+00 -2.3467E+02 
 0.0000E+00  0.0000E+00  0.0000E+00 
 0.0000E+00  0.0000E+00  0.0000E+00 
Acc n
-1.6715E+03  0.0000E+00 -1.6715E+03 
-1.6715E+03  0.0000E+00 -1.6715E+03 
-1.6715E+03  0.0000E+00  0.0000E+00 
-1.6715E+03  0.0000E+00  0.0000E+00 
 0.0000E+00  0.0000E+00 -1.6715E+03 
 0.0000E+00  0.0000E+00 -1.6715E+03 
 0.0000E+00  0.0000E+00  0.0000E+00 
 0.0000E+00  0.0000E+00  0.0000E+00 
Vel
-1.0502E+00  4.0000E+00 -1.0502E+00 
-1.0502E+00  0.0000E+00 -1.0502E+00 
-1.0502E+00  4.0000E+00  0.0000E+00 
-1.0502E+00  0.0000E+00  0.0000E+00 
 0.0000E+00  4.0000E+00 -1.0502E+00 
 0.0000E+00  0.0000E+00 -1.0502E+00 
 0.0000E+00  4.0000E+00  0.0000E+00 
 0.0000E+00  0.0000E+00  0.0000E+00 
Acc
-4.1530E+01  0.0000E+00 -4.1530E+01 
-4.1530E+01  0.0000E+00 -4.1530E+01 
-4.1530E+01  0.0000E+00  0.0000E+00 
-4.1530E+01  0.0000E+00  0.0000E+00 
 0.0000E+00  0.0000E+00 -4.1530E+01 
 0.0000E+00  0.0000E+00 -4.1530E+01 
 0.0000E+00  0.0000E+00  0.0000E+00 
 0.0000E+00  0.0000E+00  0.0000E+00 
Acc n
 1.4576E+03  0.0000E+00  1.4576E+03 
 1.4576E+03  0.0000E+00  1.4576E+03 
 1.4576E+03  0.0000E+00  0.0000E+00 
 1.4576E+03  0.0000E+00  0.0000E+00 
 0.0000E+00  0.0000E+00  1.4576E+03 
 0.0000E+00  0.0000E+00  1.4576E+03 
 0.0000E+00  0.0000E+00  0.0000E+00 
 0.0000E+00  0.0000E+00  0.0000E+00 
Vel
-1.2852E+00  4.0000E+00 -1.2852E+00 
-1.2852E+00  0.0000E+00 -1.2852E+00 
-1.2852E+00  4.0000E+00  0.0000E+00 
-1.2852E+00  0.0000E+00  0.0000E+00 
 0.0000E+00  4.0000E+00 -1.2852E+00 
 0.0000E+00  0.0000E+00 -1.2852E+00 
 0.0000E+00  4.0000E+00  0.0000E+00 
 0.0000E+00  0.0000E+00  0.0000E+00 
Acc
 2.6439E+02  0.0000E+00  2.6439E+02 
 2.6439E+02  0.0000E+00  2.6439E+02 
 2.6439E+02  0.0000E+00  0.0000E+00 
 2.6439E+02  0.0000E+00  0.0000E+00 
 0.0000E+00  0.0000E+00  2.6439E+02 
 0.0000E+00  0.0000E+00  2.6439E+02 
 0.0000E+00  0.0000E+00  0.0000E+00 
 0.0000E+00  0.0000E+00  0.0000E+00 
Acc n
-1.2201E+03  0.0000E+00 -1.2201E+03 
-1.2201E+03  0.0000E+00 -1.2201E+03 
-1.2201E+03  0.0000E+00  0.0000E+00 
-1.2201E+03  0.0000E+00  0.0000E+00 
 0.0000E+00  0.0000E+00 -1.2201E+03 
 0.0000E+00  0.0000E+00 -1.2201E+03 
 0.0000E+00  0.0000E+00  0.0000E+00 
 0.0000E+00  0.0000E+00  0.0000E+00 
Vel
-1.0815E+00  4.0000E+00 -1.0815E+00 
-1.0815E+00  0.0000E+00 -1.0815E+00 
-1.0815E+00  4.0000E+00  0.0000E+00 
-1.0815E+00  0.0000E+00  0.0000E+00 
 0.0000E+00  4.0000E+00 -1.0815E+00 
 0.0000E+00  0.0000E+00 -1.0815E+00 
 0.0000E+00  4.0000E+00  0.0000E+00 
 0.0000E+00  0.0000E+00  0.0000E+00 
Acc
-4.0195E+02  0.0000E+00 -4.0195E+02 
-4.0195E+02  0.0000E+00 -4.0195E+02 
-4.0195E+02  0.0000E+00  0.0000E+00 
-4.0195E+02  0.0000E+00  0.0000E+00 
 0.0000E+00  0.0000E+00 -4.0195E+02 
 0.0000E+00  0.0000E+00 -4.0195E+02 
 0.0000E+00  0.0000E+00  0.0000E+00 
 0.0000E+00  0.0000E+00  0.0000E+00 
Acc n
 1.0116E+03  0.0000E+00  1.0116E+03 
 1.0116E+03  0.0000E+00  1.0116E+03 
 1.0116E+03  0.0000E+00  0.0000E+00 
 1.0116E+03  0.0000E+00  0.0000E+00 
 0.0000E+00  0.0000E+00  1.0116E+03 
 0.0000E+00  0.0000E+00  1.0116E+03 
 0.0000E+00  0.0000E+00  0.0000E+00 
 0.0000E+00  0.0000E+00  0.0000E+00 
Vel
-1.2488E+00  4.0000E+00 -1.2488E+00 
-1.2488E+00  0.0000E+00 -1.2488E+00 
-1.2488E+00  4.0000E+00  0.0000E+00 
-1.2488E+00  0.0000E+00  0.0000E+00 
 0.0000E+00  4.0000E+00 -1.2488E+00 
 0.0000E+00  0.0000E+00 -1.2488E+00 
 0.0000E+00  4.0000E+00  0.0000E+00 
 0.0000E+00  0.0000E+00  0.0000E+00 
Acc
 5.0660E+02  0.0000E+00  5.0660E+02 
 5.0660E+02  0.0000E+00  5.0660E+02 
 5.0660E+02  0.0000E+00  0.0000E+00 
 5.0660E+02  0.0000E+00  0.0000E+00 
 0.0000E+00  0.0000E+00  5.0660E+02 
 0.0000E+00  0.0000E+00  5.0660E+02 
 0.0000E+00  0.0000E+00  0.0000E+00 
 0.0000E+00  0.0000E+00  0.0000E+00 
Acc n
-7.9768E+02  0.0000E+00 -7.9768E+02 
-7.9768E+02  0.0000E+00 -7.9768E+02 
-7.9768E+02  0.0000E+00  0.0000E+00 
-7.9768E+02  0.0000E+00  0.0000E+00 
 0.0000E+00  0.0000E+00 -7.9768E+02 
 0.0000E+00  0.0000E+00 -7.9768E+02 
 0.0000E+00  0.0000E+00  0.0000E+00 
 0.0000E+00  0.0000E+00  0.0000E+00 
Vel
-1.1108E+00  4.0000E+00 -1.1108E+00 
-1.1108E+00  0.0000E+00 -1.1108E+00 
-1.1108E+00  4.0000E+00  0.0000E+00 
-1.1108E+00  0.0000E+00  0.0000E+00 
 0.0000E+00  4.0000E+00 -1.1108E+00 
 0.0000E+00  0.0000E+00 -1.1108E+00 
 0.0000E+00  4.0000E+00  0.0000E+00 
 0.0000E+00  0.0000E+00  0.0000E+00 
Acc
-5.4664E+02  0.0000E+00 -5.4664E+02 
-5.4664E+02  0.0000E+00 -5.4664E+02 
-5.4664E+02  0.0000E+00  0.0000E+00 
-5.4664E+02  0.0000E+00  0.0000E+00 
 0.0000E+00  0.0000E+00 -5.4664E+02 
 0.0000E+00  0.0000E+00 -5.4664E+02 
 0.0000E+00  0.0000E+00  0.0000E+00 
 0.0000E+00  0.0000E+00  0.0000E+00 
Acc n
 6.2483E+02  0.0000E+00  6.2483E+02 
 6.2483E+02  0.0000E+00  6.2483E+02 
 6.2483E+02  0.0000E+00  0.0000E+00 
 6.2483E+02  0.0000E+00  0.0000E+00 
 0.0000E+00  0.0000E+00  6.2483E+02 
 0.0000E+00  0.0000E+00  6.2483E+02 
 0.0000E+00  0.0000E+00  0.0000E+00 
 0.0000E+00  0.0000E+00  0.0000E+00 
Vel
-1.2168E+00  4.0000E+00 -1.2168E+00 
-1.2168E+00  0.0000E+00 -1.2168E+00 
-1.2168E+00  4.0000E+00  0.0000E+00 
-1.2168E+00  0.0000E+00  0.0000E+00 
 0.0000E+00  4.0000E+00 -1.2168E+00 
 0.0000E+00  0.0000E+00 -1.2168E+00 
 0.0000E+00  4.0000E+00  0.0000E+00 
 0.0000E+00  0.0000E+00  0.0000E+00 
Acc
 5.7320E+02  0.0000E+00  5.7320E+02 
 5.7320E+02  0.0000E+00  5.7320E+02 
 5.7320E+02  0.0000E+00  0.0000E+00 
 5.7320E+02  0.0000E+00  0.0000E+00 
 0.0000E+00  0.0000E+00  5.7320E+02 
 0.0000E+00  0.0000E+00  5.7320E+02 
 0.0000E+00  0.0000E+00  0.0000E+00 
 0.0000E+00  0.0000E+00  0.0000E+00 
Acc n
-4.5379E+02  0.0000E+00 -4.5379E+02 
-4.5379E+02  0.0000E+00 -4.5379E+02 
-4.5379E+02  0.0000E+00  0.0000E+00 
-4.5379E+02  0.0000E+00  0.0000E+00 
 0.0000E+00  0.0000E+00 -4.5379E+02 
 0.0000E+00  0.0000E+00 -4.5379E+02 
 0.0000E+00  0.0000E+00  0.0000E+00 
 0.0000E+00  0.0000E+00  0.0000E+00 
Vel
-1.1341E+00  4.0000E+00 -1.1341E+00 
-1.1341E+00  0.0000E+00 -1.1341E+00 
-1.1341E+00  4.0000E+00  0.0000E+00 
-1.1341E+00  0.0000E+00  0.0000E+00 
 0.0000E+00  4.0000E+00 -1.1341E+00 
 0.0000E+00  0.0000E+00 -1.1341E+00 
 0.0000E+00  4.0000E+00  0.0000E+00 
 0.0000E+00  0.0000E+00  0.0000E+00 
Acc
-5.5303E+02  0.0000E+00 -5.5303E+02 
-5.5303E+02  0.0000E+00 -5.5303E+02 
-5.5303E+02  0.0000E+00  0.0000E+00 
-5.5303E+02  0.0000E+00  0.0000E+00 
 0.0000E+00  0.0000E+00 -5.5303E+02 
 0.0000E+00  0.0000E+00 -5.5303E+02 
 0.0000E+00  0.0000E+00  0.0000E+00 
 0.0000E+00  0.0000E+00  0.0000E+00 
Acc n
 3.2699E+02  0.0000E+00  3.2699E+02 
 3.2699E+02  0.0000E+00  3.2699E+02 
 3.2699E+02  0.0000E+00  0.0000E+00 
 3.2699E+02  0.0000E+00  0.0000E+00 
 0.0000E+00  0.0000E+00  3.2699E+02 
 0.0000E+00  0.0000E+00  3.2699E+02 
 0.0000E+00  0.0000E+00  0.0000E+00 
 0.0000E+00  0.0000E+00  0.0000E+00 
Vel
-1.1916E+00  4.0000E+00 -1.1916E+00 
-1.1916E+00  0.0000E+00 -1.1916E+00 
-1.1916E+00  4.0000E+00  0.0000E+00 
-1.1916E+00  0.0000E+00  0.0000E+00 
 0.0000E+00  4.0000E+00 -1.1916E+00 
 0.0000E+00  0.0000E+00 -1.1916E+00 
 0.0000E+00  4.0000E+00  0.0000E+00 
 0.0000E+00  0.0000E+00  0.0000E+00 
Acc
 5.3499E+02  0.0000E+00  5.3499E+02 
 5.3499E+02  0.0000E+00  5.3499E+02 
 5.3499E+02  0.0000E+00  0.0000E+00 
 5.3499E+02  0.0000E+00  0.0000E+00 
 0.0000E+00  0.0000E+00  5.3499E+02 
 0.0000E+00  0.0000E+00  5.3499E+02 
 0.0000E+00  0.0000E+00  0.0000E+00 
 0.0000E+00  0.0000E+00  0.0000E+00 
Acc n
-2.0227E+02  0.0000E+00 -2.0227E+02 
-2.0227E+02  0.0000E+00 -2.0227E+02 
-2.0227E+02  0.0000E+00  0.0000E+00 
-2.0227E+02  0.0000E+00  0.0000E+00 
 0.0000E+00  0.0000E+00 -2.0227E+02 
 0.0000E+00  0.0000E+00 -2.0227E+02 
 0.0000E+00  0.0000E+00  0.0000E+00 
 0.0000E+00  0.0000E+00  0.0000E+00 
Vel
-1.1504E+00  4.0000E+00 -1.1504E+00 
-1.1504E+00  0.0000E+00 -1.1504E+00 
-1.1504E+00  4.0000E+00  0.0000E+00 
-1.1504E+00  0.0000E+00  0.0000E+00 
 0.0000E+00  4.0000E+00 -1.1504E+00 
 0.0000E+00  0.0000E+00 -1.1504E+00 
 0.0000E+00  4.0000E+00  0.0000E+00 
 0.0000E+00  0.0000E+00  0.0000E+00 
Acc
-4.8366E+02  0.0000E+00 -4.8366E+02 
-4.8366E+02  0.0000E+00 -4.8366E+02 
-4.8366E+02  0.0000E+00  0.0000E+00 
-4.8366E+02  0.0000E+00  0.0000E+00 
 0.0000E+00  0.0000E+00 -4.8366E+02 
 0.0000E+00  0.0000E+00 -4.8366E+02 
 0.0000E+00  0.0000E+00  0.0000E+00 
 0.0000E+00  0.0000E+00  0.0000E+00 
Acc n
 1.1985E+02  0.0000E+00  1.1985E+02 
 1.1985E+02  0.0000E+00  1.1985E+02 
 1.1985E+02  0.0000E+00  0.0000E+00 
 1.1985E+02  0.0000E+00  0.0000E+00 
 0.0000E+00  0.0000E+00  1.1985E+02 
 0.0000E+00  0.0000E+00  1.1985E+02 
 0.0000E+00  0.0000E+00  0.0000E+00 
 0.0000E+00  0.0000E+00  0.0000E+00 
Vel
-1.1733E+00  4.0000E+00 -1.1733E+00 
-1.1733E+00  0.0000E+00 -1.1733E+00 
-1.1733E+00  4.0000E+00  0.0000E+00 
-1.1733E+00  0.0000E+00  0.0000E+00 
 0.0000E+00  4.0000E+00 -1.1733E+00 
 0.0000E+00  0.0000E+00 -1.1733E+00 
 0.0000E+00  4.0000E+00  0.0000E+00 
 0.0000E+00  0.0000E+00  0.0000E+00 
Acc
 4.4553E+02  0.0000E+00  4.4553E+02 
 4.4553E+02  0.0000E+00  4.4553E+02 
 4.4553E+02  0.0000E+00  0.0000E+00 
 4.4553E+02  0.0000E+00  0.0000E+00 
 0.0000E+00  0.0000E+00  4.4553E+02 
 0.0000E+00  0.0000E+00  4.4553E+02 
 0.0000E+00  0.0000E+00  0.0000E+00 
 0.0000E+00  0.0000E+00  0.0000E+00 
Acc n
-3.6209E+01  0.0000E+00 -3.6209E+01 
-3.6209E+01  0.0000E+00 -3.6209E+01 
-3.6209E+01  0.0000E+00  0.0000E+00 
-3.6209E+01  0.0000E+00  0.0000E+00 
 0.0000E+00  0.0000E+00 -3.6209E+01 
 0.0000E+00  0.0000E+00 -3.6209E+01 
 0.0000E+00  0.0000E+00  0.0000E+00 
 0.0000E+00  0.0000E+00  0.0000E+00 
Vel
-1.1602E+00  4.0000E+00 -1.1602E+00 
-1.1602E+00  0.0000E+00 -1.1602E+00 
-1.1602E+00  4.0000E+00  0.0000E+00 
-1.1602E+00  0.0000E+00  0.0000E+00 
 0.0000E+00  4.0000E+00 -1.1602E+00 
 0.0000E+00  0.0000E+00 -1.1602E+00 
 0.0000E+00  4.0000E+00  0.0000E+00 
 0.0000E+00  0.0000E+00  0.0000E+00 
Acc
-3.8310E+02  0.0000E+00 -3.8310E+02 
-3.8310E+02  0.0000E+00 -3.8310E+02 
-3.8310E+02  0.0000E+00  0.0000E+00 
-3.8310E+02  0.0000E+00  0.0000E+00 
 0.0000E+00  0.0000E+00 -3.8310E+02 
 0.0000E+00  0.0000E+00 -3.8310E+02 
 0.0000E+00  0.0000E+00  0.0000E+00 
 0.0000E+00  0.0000E+00  0.0000E+00 
Acc n
-9.4179E+00  0.0000E+00 -9.4179E+00 
-9.4179E+00  0.0000E+00 -9.4179E+00 
-9.4179E+00  0.0000E+00  0.0000E+00 
-9.4179E+00  0.0000E+00  0.0000E+00 
 0.0000E+00  0.0000E+00 -9.4179E+00 
 0.0000E+00  0.0000E+00 -9.4179E+00 
 0.0000E+00  0.0000E+00  0.0000E+00 
 0.0000E+00  0.0000E+00  0.0000E+00 
Vel
-1.1609E+00  4.0000E+00 -1.1609E+00 
-1.1609E+00  0.0000E+00 -1.1609E+00 
-1.1609E+00  4.0000E+00  0.0000E+00 
-1.1609E+00  0.0000E+00  0.0000E+00 
 0.0000E+00  4.0000E+00 -1.1609E+00 
 0.0000E+00  0.0000E+00 -1.1609E+00 
 0.0000E+00  4.0000E+00  0.0000E+00 
 0.0000E+00  0.0000E+00  0.0000E+00 
Acc
 3.4081E+02  0.0000E+00  3.4081E+02 
 3.4081E+02  0.0000E+00  3.4081E+02 
 3.4081E+02  0.0000E+00  0.0000E+00 
 3.4081E+02  0.0000E+00  0.0000E+00 
 0.0000E+00  0.0000E+00  3.4081E+02 
 0.0000E+00  0.0000E+00  3.4081E+02 
 0.0000E+00  0.0000E+00  0.0000E+00 
 0.0000E+00  0.0000E+00  0.0000E+00 
Acc n
 6.0875E+01  0.0000E+00  6.0875E+01 
 6.0875E+01  0.0000E+00  6.0875E+01 
 6.0875E+01  0.0000E+00  0.0000E+00 
 6.0875E+01  0.0000E+00  0.0000E+00 
 0.0000E+00  0.0000E+00  6.0875E+01 
 0.0000E+00  0.0000E+00  6.0875E+01 
 0.0000E+00  0.0000E+00  0.0000E+00 
 0.0000E+00  0.0000E+00  0.0000E+00 
Vel
-1.1648E+00  4.0000E+00 -1.1648E+00 
-1.1648E+00  0.0000E+00 -1.1648E+00 
-1.1648E+00  4.0000E+00  0.0000E+00 
-1.1648E+00  0.0000E+00  0.0000E+00 
 0.0000E+00  4.0000E+00 -1.1648E+00 
 0.0000E+00  0.0000E+00 -1.1648E+00 
 0.0000E+00  4.0000E+00  0.0000E+00 
 0.0000E+00  0.0000E+00  0.0000E+00 
Acc
-2.7948E+02  0.0000E+00 -2.7948E+02 
-2.7948E+02  0.0000E+00 -2.7948E+02 
-2.7948E+02  0.0000E+00  0.0000E+00 
-2.7948E+02  0.0000E+00  0.0000E+00 
 0.0000E+00  0.0000E+00 -2.7948E+02 
 0.0000E+00  0.0000E+00 -2.7948E+02 
 0.0000E+00  0.0000E+00  0.0000E+00 
 0.0000E+00  0.0000E+00  0.0000E+00 
Acc n
-7.9127E+01  0.0000E+00 -7.9127E+01 
-7.9127E+01  0.0000E+00 -7.9127E+01 
-7.9127E+01  0.0000E+00  0.0000E+00 
-7.9127E+01  0.0000E+00  0.0000E+00 
 0.0000E+00  0.0000E+00 -7.9127E+01 
 0.0000E+00  0.0000E+00 -7.9127E+01 
 0.0000E+00  0.0000E+00  0.0000E+00 
 0.0000E+00  0.0000E+00  0.0000E+00 
Vel
-1.1530E+00  4.0000E+00 -1.1530E+00 
-1.1530E+00  0.0000E+00 -1.1530E+00 
-1.1530E+00  4.0000E+00  0.0000E+00 
-1.1530E+00  0.0000E+00  0.0000E+00 
 0.0000E+00  4.0000E+00 -1.1530E+00 
 0.0000E+00  0.0000E+00 -1.1530E+00 
 0.0000E+00  4.0000E+00  0.0000E+00 
 0.0000E+00  0.0000E+00  0.0000E+00 
Acc
 2.4201E+02  0.0000E+00  2.4201E+02 
 2.4201E+02  0.0000E+00  2.4201E+02 
 2.4201E+02  0.0000E+00  0.0000E+00 
 2.4201E+02  0.0000E+00  0.0000E+00 
 0.0000E+00  0.0000E+00  2.4201E+02 
 0.0000E+00  0.0000E+00  2.4201E+02 
 0.0000E+00  0.0000E+00  0.0000E+00 
 0.0000E+00  0.0000E+00  0.0000E+00 
Acc n
 1.0777E+02  0.0000E+00  1.0777E+02 
 1.0777E+02  0.0000E+00  1.0777E+02 
 1.0777E+02  0.0000E+00  0.0000E+00 
 1.0777E+02  0.0000E+00  0.0000E+00 
 0.0000E+00  0.0000E+00  1.0777E+02 
 0.0000E+00  0.0000E+00  1.0777E+02 
 0.0000E+00  0.0000E+00  0.0000E+00 
 0.0000E+00  0.0000E+00  0.0000E+00 
Vel
-1.1656E+00  4.0000E+00 -1.1656E+00 
-1.1656E+00  0.0000E+00 -1.1656E+00 
-1.1656E+00  4.0000E+00  0.0000E+00 
-1.1656E+00  0.0000E+00  0.0000E+00 
 0.0000E+00  4.0000E+00 -1.1656E+00 
 0.0000E+00  0.0000E+00 -1.1656E+00 
 0.0000E+00  4.0000E+00  0.0000E+00 
 0.0000E+00  0.0000E+00  0.0000E+00 
Acc
-1.8804E+02  0.0000E+00 -1.8804E+02 
-1.8804E+02  0.0000E+00 -1.8804E+02 
-1.8804E+02  0.0000E+00  0.0000E+00 
-1.8804E+02  0.0000E+00  0.0000E+00 
 0.0000E+00  0.0000E+00 -1.8804E+02 
 0.0000E+00  0.0000E+00 -1.8804E+02 
 0.0000E+00  0.0000E+00  0.0000E+00 
 0.0000E+00  0.0000E+00  0.0000E+00 
Acc n
-1.0754E+02  0.0000E+00 -1.0754E+02 
-1.0754E+02  0.0000E+00 -1.0754E+02 
-1.0754E+02  0.0000E+00  0.0000E+00 
-1.0754E+02  0.0000E+00  0.0000E+00 
 0.0000E+00  0.0000E+00 -1.0754E+02 
 0.0000E+00  0.0000E+00 -1.0754E+02 
 0.0000E+00  0.0000E+00  0.0000E+00 
 0.0000E+00  0.0000E+00  0.0000E+00 
Vel
-1.1482E+00  4.0000E+00 -1.1482E+00 
-1.1482E+00  0.0000E+00 -1.1482E+00 
-1.1482E+00  4.0000E+00  0.0000E+00 
-1.1482E+00  0.0000E+00  0.0000E+00 
 0.0000E+00  4.0000E+00 -1.1482E+00 
 0.0000E+00  0.0000E+00 -1.1482E+00 
 0.0000E+00  4.0000E+00  0.0000E+00 
 0.0000E+00  0.0000E+00  0.0000E+00 
Acc
 1.5941E+02  0.0000E+00  1.5941E+02 
 1.5941E+02  0.0000E+00  1.5941E+02 
 1.5941E+02  0.0000E+00  0.0000E+00 
 1.5941E+02  0.0000E+00  0.0000E+00 
 0.0000E+00  0.0000E+00  1.5941E+02 
 0.0000E+00  0.0000E+00  1.5941E+02 
 0.0000E+00  0.0000E+00  0.0000E+00 
 0.0000E+00  0.0000E+00  0.0000E+00 
Acc n
 1.2153E+02  0.0000E+00  1.2153E+02 
 1.2153E+02  0.0000E+00  1.2153E+02 
 1.2153E+02  0.0000E+00  0.0000E+00 
 1.2153E+02  0.0000E+00  0.0000E+00 
 0.0000E+00  0.0000E+00  1.2153E+02 
 0.0000E+00  0.0000E+00  1.2153E+02 
 0.0000E+00  0.0000E+00  0.0000E+00 
 0.0000E+00  0.0000E+00  0.0000E+00 
Vel
-1.1640E+00  4.0000E+00 -1.1640E+00 
-1.1640E+00  0.0000E+00 -1.1640E+00 
-1.1640E+00  4.0000E+00  0.0000E+00 
-1.1640E+00  0.0000E+00  0.0000E+00 
 0.0000E+00  4.0000E+00 -1.1640E+00 
 0.0000E+00  0.0000E+00 -1.1640E+00 
 0.0000E+00  4.0000E+00  0.0000E+00 
 0.0000E+00  0.0000E+00  0.0000E+00 
Acc
-1.1505E+02  0.0000E+00 -1.1505E+02 
-1.1505E+02  0.0000E+00 -1.1505E+02 
-1.1505E+02  0.0000E+00  0.0000E+00 
-1.1505E+02  0.0000E+00  0.0000E+00 
 0.0000E+00  0.0000E+00 -1.1505E+02 
 0.0000E+00  0.0000E+00 -1.1505E+02 
 0.0000E+00  0.0000E+00  0.0000E+00 
 0.0000E+00  0.0000E+00  0.0000E+00 
Acc n
-1.1009E+02  0.0000E+00 -1.1009E+02 
-1.1009E+02  0.0000E+00 -1.1009E+02 
-1.1009E+02  0.0000E+00  0.0000E+00 
-1.1009E+02  0.0000E+00  0.0000E+00 
 0.0000E+00  0.0000E+00 -1.1009E+02 
 0.0000E+00  0.0000E+00 -1.1009E+02 
 0.0000E+00  0.0000E+00  0.0000E+00 
 0.0000E+00  0.0000E+00  0.0000E+00 
Vel
-1.1454E+00  4.0000E+00 -1.1454E+00 
-1.1454E+00  0.0000E+00 -1.1454E+00 
-1.1454E+00  4.0000E+00  0.0000E+00 
-1.1454E+00  0.0000E+00  0.0000E+00 
 0.0000E+00  4.0000E+00 -1.1454E+00 
 0.0000E+00  0.0000E+00 -1.1454E+00 
 0.0000E+00  4.0000E+00  0.0000E+00 
 0.0000E+00  0.0000E+00  0.0000E+00 
Acc
 9.6117E+01  0.0000E+00  9.6117E+01 
 9.6117E+01  0.0000E+00  9.6117E+01 
 9.6117E+01  0.0000E+00  0.0000E+00 
 9.6117E+01  0.0000E+00  0.0000E+00 
 0.0000E+00  0.0000E+00  9.6117E+01 
 0.0000E+00  0.0000E+00  9.6117E+01 
 0.0000E+00  0.0000E+00  0.0000E+00 
 0.0000E+00  0.0000E+00  0.0000E+00 
Acc n
 1.1574E+02  0.0000E+00  1.1574E+02 
 1.1574E+02  0.0000E+00  1.1574E+02 
 1.1574E+02  0.0000E+00  0.0000E+00 
 1.1574E+02  0.0000E+00  0.0000E+00 
 0.0000E+00  0.0000E+00  1.1574E+02 
 0.0000E+00  0.0000E+00  1.1574E+02 
 0.0000E+00  0.0000E+00  0.0000E+00 
 0.0000E+00  0.0000E+00  0.0000E+00 
Vel
-1.1608E+00  4.0000E+00 -1.1608E+00 
-1.1608E+00  0.0000E+00 -1.1608E+00 
-1.1608E+00  4.0000E+00  0.0000E+00 
-1.1608E+00  0.0000E+00  0.0000E+00 
 0.0000E+00  4.0000E+00 -1.1608E+00 
 0.0000E+00  0.0000E+00 -1.1608E+00 
 0.0000E+00  4.0000E+00  0.0000E+00 
 0.0000E+00  0.0000E+00  0.0000E+00 
Acc
-6.1222E+01  0.0000E+00 -6.1222E+01 
-6.1222E+01  0.0000E+00 -6.1222E+01 
-6.1222E+01  0.0000E+00  0.0000E+00 
-6.1222E+01  0.0000E+00  0.0000E+00 
 0.0000E+00  0.0000E+00 -6.1222E+01 
 0.0000E+00  0.0000E+00 -6.1222E+01 
 0.0000E+00  0.0000E+00  0.0000E+00 
 0.0000E+00  0.0000E+00  0.0000E+00 
Acc n
-9.8448E+01  0.0000E+00 -9.8448E+01 
-9.8448E+01  0.0000E+00 -9.8448E+01 
-9.8448E+01  0.0000E+00  0.0000E+00 
-9.8448E+01  0.0000E+00  0.0000E+00 
 0.0000E+00  0.0000E+00 -9.8448E+01 
 0.0000E+00  0.0000E+00 -9.8448E+01 
 0.0000E+00  0.0000E+00  0.0000E+00 
 0.0000E+00  0.0000E+00  0.0000E+00 
Vel
-1.1436E+00  4.0000E+00 -1.1436E+00 
-1.1436E+00  0.0000E+00 -1.1436E+00 
-1.1436E+00  4.0000E+00  0.0000E+00 
-1.1436E+00  0.0000E+00  0.0000E+00 
 0.0000E+00  4.0000E+00 -1.1436E+00 
 0.0000E+00  0.0000E+00 -1.1436E+00 
 0.0000E+00  4.0000E+00  0.0000E+00 
 0.0000E+00  0.0000E+00  0.0000E+00 
Acc
 5.1119E+01  0.0000E+00  5.1119E+01 
 5.1119E+01  0.0000E+00  5.1119E+01 
 5.1119E+01  0.0000E+00  0.0000E+00 
 5.1119E+01  0.0000E+00  0.0000E+00 
 0.0000E+00  0.0000E+00  5.1119E+01 
 0.0000E+00  0.0000E+00  5.1119E+01 
 0.0000E+00  0.0000E+00  0.0000E+00 
 0.0000E+00  0.0000E+00  0.0000E+00 
Acc n
 1.0019E+02  0.0000E+00  1.0019E+02 
 1.0019E+02  0.0000E+00  1.0019E+02 
 1.0019E+02  0.0000E+00  0.0000E+00 
 1.0019E+02  0.0000E+00  0.0000E+00 
 0.0000E+00  0.0000E+00  1.0019E+02 
 0.0000E+00  0.0000E+00  1.0019E+02 
 0.0000E+00  0.0000E+00  0.0000E+00 
 0.0000E+00  0.0000E+00  0.0000E+00 
Vel
-1.1570E+00  4.0000E+00 -1.1570E+00 
-1.1570E+00  0.0000E+00 -1.1570E+00 
-1.1570E+00  4.0000E+00  0.0000E+00 
-1.1570E+00  0.0000E+00  0.0000E+00 
 0.0000E+00  4.0000E+00 -1.1570E+00 
 0.0000E+00  0.0000E+00 -1.1570E+00 
 0.0000E+00  4.0000E+00  0.0000E+00 
 0.0000E+00  0.0000E+00  0.0000E+00 
Acc
-2.4327E+01  0.0000E+00 -2.4327E+01 
-2.4327E+01  0.0000E+00 -2.4327E+01 
-2.4327E+01  0.0000E+00  0.0000E+00 
-2.4327E+01  0.0000E+00  0.0000E+00 
 0.0000E+00  0.0000E+00 -2.4327E+01 
 0.0000E+00  0.0000E+00 -2.4327E+01 
 0.0000E+00  0.0000E+00  0.0000E+00 
 0.0000E+00  0.0000E+00  0.0000E+00 
Acc n
-8.0637E+01  0.0000E+00 -8.0637E+01 
-8.0637E+01  0.0000E+00 -8.0637E+01 
-8.0637E+01  0.0000E+00  0.0000E+00 
-8.0637E+01  0.0000E+00  0.0000E+00 
 0.0000E+00  0.0000E+00 -8.0637E+01 
 0.0000E+00  0.0000E+00 -8.0637E+01 
 0.0000E+00  0.0000E+00  0.0000E+00 
 0.0000E+00  0.0000E+00  0.0000E+00 
Vel
-1.1423E+00  4.0000E+00 -1.1423E+00 
-1.1423E+00  0.0000E+00 -1.1423E+00 
-1.1423E+00  4.0000E+00  0.0000E+00 
-1.1423E+00  0.0000E+00  0.0000E+00 
 0.0000E+00  4.0000E+00 -1.1423E+00 
 0.0000E+00  0.0000E+00 -1.1423E+00 
 0.0000E+00  4.0000E+00  0.0000E+00 
 0.0000E+00  0.0000E+00  0.0000E+00 
Acc n
-8.0637E+01  0.0000E+00 -8.0637E+01 
-8.0637E+01  0.0000E+00 -8.0637E+01 
-8.0637E+01  0.0000E+00  0.0000E+00 
-8.0637E+01  0.0000E+00  0.0000E+00 
 0.0000E+00  0.0000E+00 -8.0637E+01 
 0.0000E+00  0.0000E+00 -8.0637E+01 
 0.0000E+00  0.0000E+00  0.0000E+00 
 0.0000E+00  0.0000E+00  0.0000E+00 
Vel
-1.1423E+00  4.0000E+00 -1.1423E+00 
-1.1423E+00  0.0000E+00 -1.1423E+00 
-1.1423E+00  4.0000E+00  0.0000E+00 
-1.1423E+00  0.0000E+00  0.0000E+00 
 0.0000E+00  4.0000E+00 -1.1423E+00 
 0.0000E+00  0.0000E+00 -1.1423E+00 
 0.0000E+00  4.0000E+00  0.0000E+00 
 0.0000E+00  0.0000E+00  0.0000E+00 
Displacment
-1.1741E-02  3.9985E-02 -1.1741E-02 
-1.1741E-02  0.0000E+00 -1.1741E-02 
-1.1741E-02  3.9985E-02  0.0000E+00 
-1.1741E-02  0.0000E+00  0.0000E+00 
 0.0000E+00  3.9985E-02 -1.1741E-02 
 0.0000E+00  0.0000E+00 -1.1741E-02 
 0.0000E+00  3.9985E-02  0.0000E+00 
 0.0000E+00  0.0000E+00  0.0000E+00 
