8.00000e-06 1.54220e-17  8.49245e-14 8.49245e-14 
1.60000e-05 1.53600e-16  2.72403e-13 2.72645e-13 
2.40000e-05 4.88223e-16  4.95265e-13 4.96080e-13 
3.20000e-05 1.09210e-15  7.53349e-13 7.55168e-13 
4.00000e-05 2.04809e-15  1.04648e-12 1.04985e-12 
4.80000e-05 3.44902e-15  1.37446e-12 1.38004e-12 
5.60000e-05 5.39750e-15  1.73708e-12 1.74569e-12 
6.71459e-04 2.24082e-11  1.22146e-10 1.30320e-10 
1.28688e-03 1.28437e-10  2.39704e-10 3.74669e-10 
1.90201e-03 1.67340e-10  4.61570e-10 6.20710e-10 
2.51688e-03 9.76447e-11  7.82844e-10 8.80470e-10 
3.13188e-03 4.16250e-11  1.20692e-09 1.24087e-09 
3.74658e-03 3.76512e-11  1.69460e-09 1.73517e-09 
4.36123e-03 3.90708e-11  2.26489e-09 2.32757e-09 
4.97600e-03 4.41332e-11  2.95929e-09 2.99742e-09 
5.59039e-03 7.97263e-11  3.69045e-09 3.76865e-09 
6.20475e-03 1.02494e-10  4.55514e-09 4.64965e-09 
6.81922e-03 1.15039e-10  5.48630e-09 5.59847e-09 
7.43352e-03 8.79699e-11  6.49536e-09 6.58313e-09 
8.04770e-03 3.75431e-11  7.60803e-09 7.64066e-09 
8.66181e-03 2.83903e-11  8.80780e-09 8.83253e-09 
9.27581e-03 7.32899e-11  1.00889e-08 1.01584e-08 
9.88960e-03 1.10118e-10  1.14366e-08 1.15558e-08 
1.05034e-02 7.64580e-11  1.29093e-08 1.29876e-08 
1.11171e-02 4.13578e-11  1.44498e-08 1.44880e-08 
1.17306e-02 4.77371e-11  1.60644e-08 1.61096e-08 
1.23441e-02 7.54247e-11  1.77752e-08 1.78528e-08 
1.29575e-02 9.19471e-11  1.95787e-08 1.96729e-08 
1.35709e-02 8.18750e-11  2.14668e-08 2.15445e-08 
1.41840e-02 6.36998e-11  2.34208e-08 2.34868e-08 
1.47971e-02 4.46690e-11  2.54754e-08 2.55267e-08 
1.54101e-02 3.88225e-11  2.76222e-08 2.76666e-08 
1.60229e-02 4.88327e-11  2.98455e-08 2.98962e-08 
1.66356e-02 7.05867e-11  3.21413e-08 3.22164e-08 
1.72484e-02 9.18807e-11  3.45384e-08 3.46298e-08 
1.78610e-02 9.87631e-11  3.70234e-08 3.71187e-08 
1.84733e-02 7.90250e-11  3.95758e-08 3.96623e-08 
1.90858e-02 3.91935e-11  4.22263e-08 4.22700e-08 
1.96981e-02 2.13861e-11  4.49551e-08 4.49774e-08 
2.03103e-02 3.63066e-11  4.77646e-08 4.78073e-08 
2.09225e-02 6.96473e-11  5.06702e-08 5.07433e-08 
2.15345e-02 1.00222e-10  5.36526e-08 5.37493e-08 
2.21464e-02 1.04112e-10  5.67037e-08 5.68098e-08 
2.27583e-02 7.74897e-11  5.98583e-08 5.99386e-08 
2.33701e-02 4.56529e-11  6.31087e-08 6.31510e-08 
2.39816e-02 3.82884e-11  6.64056e-08 6.64516e-08 
2.45931e-02 3.93492e-11  6.97932e-08 6.98448e-08 
2.52048e-02 4.11851e-11  7.32965e-08 7.33372e-08 
2.58161e-02 6.94518e-11  7.68579e-08 7.69259e-08 
2.64273e-02 1.05704e-10  8.04845e-08 8.05950e-08 
2.70386e-02 1.01617e-10  8.42244e-08 8.43247e-08 
2.76497e-02 6.72978e-11  8.80470e-08 8.81113e-08 
2.82607e-02 4.26090e-11  9.19268e-08 9.19758e-08 
2.88717e-02 3.11976e-11  9.59024e-08 9.59406e-08 
2.94825e-02 3.68520e-11  9.99659e-08 1.00008e-07 
3.00932e-02 6.12675e-11  1.04098e-07 1.04167e-07 
3.07038e-02 8.31057e-11  1.08321e-07 1.08406e-07 
3.13143e-02 9.16730e-11  1.12628e-07 1.12716e-07 
3.19248e-02 8.61565e-11  1.17003e-07 1.17092e-07 
3.25351e-02 6.24906e-11  1.21467e-07 1.21536e-07 
3.31454e-02 3.55145e-11  1.26025e-07 1.26061e-07 
3.37556e-02 3.53346e-11  1.30645e-07 1.30684e-07 
3.43657e-02 5.89477e-11  1.35341e-07 1.35409e-07 
3.49759e-02 7.69681e-11  1.40142e-07 1.40220e-07 
3.55858e-02 7.96521e-11  1.45018e-07 1.45096e-07 
3.61955e-02 7.48216e-11  1.49955e-07 1.50034e-07 
3.68054e-02 6.56467e-11  1.54982e-07 1.55050e-07 
3.74151e-02 5.46794e-11  1.60104e-07 1.60157e-07 
3.80247e-02 5.61800e-11  1.65295e-07 1.65353e-07 
3.86342e-02 7.11532e-11  1.70555e-07 1.70630e-07 
3.92437e-02 7.34938e-11  1.75906e-07 1.75980e-07 
3.98530e-02 5.58288e-11  1.81345e-07 1.81402e-07 
4.04623e-02 4.74605e-11  1.86853e-07 1.86904e-07 
4.10715e-02 5.96477e-11  1.92434e-07 1.92495e-07 
4.16805e-02 7.27468e-11  1.98105e-07 1.98176e-07 
4.22895e-02 8.35672e-11  2.03857e-07 2.03939e-07 
4.28985e-02 9.07288e-11  2.09682e-07 2.09771e-07 
4.35073e-02 7.39527e-11  2.15586e-07 2.15660e-07 
4.41159e-02 4.01361e-11  2.21570e-07 2.21614e-07 
4.47245e-02 2.32580e-11  2.27630e-07 2.27659e-07 
4.53331e-02 3.59780e-11  2.33775e-07 2.33812e-07 
4.59415e-02 7.20529e-11  2.39997e-07 2.40066e-07 
4.65499e-02 1.12576e-10  2.46285e-07 2.46397e-07 
4.71582e-02 1.16083e-10  2.52661e-07 2.52777e-07 
4.77664e-02 7.25635e-11  2.59129e-07 2.59200e-07 
4.83744e-02 2.94337e-11  2.65656e-07 2.65688e-07 
4.89824e-02 1.56811e-11  2.72250e-07 2.72275e-07 
4.95904e-02 2.37288e-11  2.78949e-07 2.78977e-07 
5.01982e-02 6.02630e-11  2.85725e-07 2.85782e-07 
5.08059e-02 1.13097e-10  2.92550e-07 2.92662e-07 
5.14136e-02 1.25147e-10  2.99465e-07 2.99590e-07 
5.20212e-02 8.29163e-11  3.06479e-07 3.06559e-07 
5.26286e-02 3.75380e-11  3.13550e-07 3.13588e-07 
5.32360e-02 1.78675e-11  3.20688e-07 3.20711e-07 
5.38433e-02 2.34555e-11  3.27921e-07 3.27948e-07 
5.44506e-02 5.78727e-11  3.35230e-07 3.35288e-07 
5.50577e-02 9.79423e-11  3.42605e-07 3.42702e-07 
5.56647e-02 1.05500e-10  3.50062e-07 3.50166e-07 
5.62717e-02 8.40559e-11  3.57598e-07 3.57680e-07 
5.68786e-02 5.69957e-11  3.65203e-07 3.65260e-07 
5.74854e-02 3.47191e-11  3.72892e-07 3.72928e-07 
5.80921e-02 3.46745e-11  3.80658e-07 3.80694e-07 
5.86987e-02 6.10970e-11  3.88486e-07 3.88549e-07 
5.93052e-02 8.01579e-11  3.96396e-07 3.96479e-07 
5.99116e-02 7.43599e-11  4.04396e-07 4.04470e-07 
6.05180e-02 6.68120e-11  4.12459e-07 4.12524e-07 
6.11242e-02 6.57511e-11  4.20586e-07 4.20652e-07 
6.17303e-02 5.91608e-11  4.28803e-07 4.28864e-07 
6.23365e-02 5.63512e-11  4.37104e-07 4.37160e-07 
6.29424e-02 6.68389e-11  4.45462e-07 4.45529e-07 
6.35482e-02 7.01882e-11  4.53890e-07 4.53965e-07 
6.41540e-02 5.43248e-11  4.62410e-07 4.62468e-07 
6.47598e-02 4.20131e-11  4.71006e-07 4.71049e-07 
6.53653e-02 5.13335e-11  4.79661e-07 4.79713e-07 
6.59707e-02 6.99296e-11  4.88389e-07 4.88462e-07 
6.65762e-02 8.11033e-11  4.97207e-07 4.97288e-07 
6.71815e-02 8.15153e-11  5.06096e-07 5.06176e-07 
6.77867e-02 7.01362e-11  5.15048e-07 5.15121e-07 
6.83918e-02 4.84400e-11  5.24077e-07 5.24131e-07 
6.89968e-02 3.07953e-11  5.33187e-07 5.33222e-07 
6.96018e-02 3.29262e-11  5.42367e-07 5.42403e-07 
7.02066e-02 5.50283e-11  5.51618e-07 5.51676e-07 
7.08114e-02 8.41312e-11  5.60945e-07 5.61028e-07 
7.14161e-02 1.00372e-10  5.70341e-07 5.70440e-07 
7.20207e-02 8.78541e-11  5.79815e-07 5.79904e-07 
7.26252e-02 5.58463e-11  5.89368e-07 5.89424e-07 
7.32295e-02 3.16102e-11  5.98981e-07 5.99016e-07 
7.38338e-02 2.58838e-11  6.08663e-07 6.08697e-07 
7.44382e-02 3.50128e-11  6.18437e-07 6.18476e-07 
7.50423e-02 6.26163e-11  6.28280e-07 6.28341e-07 
7.56463e-02 9.84713e-11  6.38176e-07 6.38275e-07 
7.62503e-02 1.07572e-10  6.48153e-07 6.48262e-07 
7.68543e-02 7.90053e-11  6.58222e-07 6.58300e-07 
7.74580e-02 4.41861e-11  6.68349e-07 6.68393e-07 
7.80617e-02 2.66737e-11  6.78532e-07 6.78566e-07 
7.86654e-02 2.47549e-11  6.88805e-07 6.88835e-07 
7.92689e-02 4.12093e-11  6.99156e-07 6.99199e-07 
7.98723e-02 7.62098e-11  7.09565e-07 7.09642e-07 
8.04757e-02 1.03888e-10  7.20043e-07 7.20147e-07 
8.10790e-02 9.86505e-11  7.30603e-07 7.30700e-07 
8.16822e-02 6.81281e-11  7.41234e-07 7.41303e-07 
8.22852e-02 3.78511e-11  7.51931e-07 7.51972e-07 
8.28882e-02 2.47184e-11  7.62698e-07 7.62727e-07 
8.34912e-02 3.37472e-11  7.73538e-07 7.73576e-07 
8.40940e-02 5.88664e-11  7.84450e-07 7.84513e-07 
8.46968e-02 8.30594e-11  7.95437e-07 7.95519e-07 
8.52994e-02 9.13662e-11  8.06489e-07 8.06579e-07 
8.59020e-02 8.16860e-11  8.17608e-07 8.17691e-07 
8.65046e-02 6.02901e-11  8.28804e-07 8.28866e-07 
8.71070e-02 3.98922e-11  8.40075e-07 8.40115e-07 
8.77093e-02 3.79215e-11  8.51409e-07 8.51449e-07 
8.83116e-02 5.56117e-11  8.62807e-07 8.62866e-07 
8.89138e-02 6.99497e-11  8.74285e-07 8.74357e-07 
8.95159e-02 6.83580e-11  8.85839e-07 8.85907e-07 
9.01179e-02 6.58041e-11  8.97453e-07 8.97519e-07 
9.07199e-02 6.86826e-11  9.09128e-07 9.09198e-07 
9.13218e-02 6.44505e-11  9.20887e-07 9.20952e-07 
9.19236e-02 5.78372e-11  9.32723e-07 9.32779e-07 
9.25252e-02 6.34696e-11  9.44612e-07 9.44676e-07 
9.31269e-02 6.77045e-11  9.56566e-07 9.56637e-07 
9.37284e-02 5.37847e-11  9.68605e-07 9.68661e-07 
9.43299e-02 4.06539e-11  9.80715e-07 9.80757e-07 
9.49312e-02 4.92216e-11  9.92879e-07 9.92929e-07 
9.55325e-02 6.82592e-11  1.00511e-06 1.00518e-06 
9.61337e-02 8.17679e-11  1.01743e-06 1.01751e-06 
9.67348e-02 8.61253e-11  1.02981e-06 1.02989e-06 
9.73358e-02 7.55793e-11  1.04225e-06 1.04233e-06 
9.79367e-02 5.06927e-11  1.05476e-06 1.05482e-06 
9.85375e-02 2.92803e-11  1.06734e-06 1.06738e-06 
9.91383e-02 2.68949e-11  1.08000e-06 1.08003e-06 
9.97390e-02 4.58512e-11  1.09272e-06 1.09277e-06 
1.00339e-01 7.94330e-11  1.10550e-06 1.10558e-06 
1.00940e-01 1.05149e-10  1.11835e-06 1.11846e-06 
1.01540e-01 9.74313e-11  1.13128e-06 1.13138e-06 
1.02141e-01 6.27391e-11  1.14427e-06 1.14434e-06 
1.02741e-01 3.19617e-11  1.15733e-06 1.15736e-06 
1.03341e-01 2.03273e-11  1.17044e-06 1.17047e-06 
1.03941e-01 2.70174e-11  1.18364e-06 1.18367e-06 
1.04541e-01 5.42949e-11  1.19691e-06 1.19696e-06 
1.05141e-01 9.23392e-11  1.21023e-06 1.21032e-06 
1.05741e-01 1.09813e-10  1.22362e-06 1.22373e-06 
1.06340e-01 8.94483e-11  1.23709e-06 1.23717e-06 
1.06940e-01 5.20135e-11  1.25062e-06 1.25067e-06 
1.07540e-01 2.73404e-11  1.26421e-06 1.26424e-06 
1.08139e-01 2.36119e-11  1.27786e-06 1.27789e-06 
1.08739e-01 3.62656e-11  1.29160e-06 1.29164e-06 
1.09338e-01 6.21003e-11  1.30540e-06 1.30546e-06 
1.09937e-01 9.01091e-11  1.31925e-06 1.31934e-06 
1.10536e-01 9.92274e-11  1.33318e-06 1.33327e-06 
1.11135e-01 8.11382e-11  1.34717e-06 1.34726e-06 
1.11734e-01 5.19819e-11  1.36124e-06 1.36129e-06 
1.12333e-01 3.29056e-11  1.37536e-06 1.37540e-06 
1.12932e-01 3.14952e-11  1.38955e-06 1.38958e-06 
1.13530e-01 4.39590e-11  1.40381e-06 1.40385e-06 
1.14129e-01 6.23218e-11  1.41813e-06 1.41819e-06 
1.14728e-01 7.81231e-11  1.43252e-06 1.43260e-06 
1.15326e-01 8.48385e-11  1.44697e-06 1.44706e-06 
1.15924e-01 7.78716e-11  1.46149e-06 1.46157e-06 
1.16523e-01 5.88070e-11  1.47607e-06 1.47614e-06 
1.17121e-01 4.16410e-11  1.49073e-06 1.49077e-06 
1.17719e-01 4.04945e-11  1.50544e-06 1.50548e-06 
1.18317e-01 5.03892e-11  1.52021e-06 1.52027e-06 
1.18915e-01 5.76007e-11  1.53506e-06 1.53512e-06 
1.19513e-01 6.25781e-11  1.54998e-06 1.55004e-06 
1.20110e-01 7.12741e-11  1.56495e-06 1.56502e-06 
1.20708e-01 7.58030e-11  1.57998e-06 1.58006e-06 
1.21306e-01 6.74880e-11  1.59509e-06 1.59516e-06 
1.21903e-01 5.59410e-11  1.61026e-06 1.61032e-06 
1.22500e-01 5.33287e-11  1.62549e-06 1.62555e-06 
1.23098e-01 5.38232e-11  1.64078e-06 1.64084e-06 
1.23695e-01 4.85325e-11  1.65615e-06 1.65620e-06 
1.24292e-01 4.60145e-11  1.67158e-06 1.67163e-06 
1.24889e-01 5.74566e-11  1.68706e-06 1.68712e-06 
1.25486e-01 7.44589e-11  1.70261e-06 1.70269e-06 
1.26083e-01 8.10480e-11  1.71823e-06 1.71831e-06 
1.26680e-01 7.56581e-11  1.73392e-06 1.73399e-06 
1.27277e-01 6.48595e-11  1.74966e-06 1.74973e-06 
1.27874e-01 4.99857e-11  1.76546e-06 1.76552e-06 
1.28470e-01 3.47087e-11  1.78134e-06 1.78137e-06 
1.29067e-01 3.14282e-11  1.79728e-06 1.79731e-06 
1.29664e-01 4.79989e-11  1.81328e-06 1.81332e-06 
1.30260e-01 7.61662e-11  1.82933e-06 1.82941e-06 
1.30856e-01 9.65530e-11  1.84545e-06 1.84555e-06 
1.31452e-01 9.30101e-11  1.86165e-06 1.86174e-06 
1.32049e-01 6.75229e-11  1.87790e-06 1.87797e-06 
1.32645e-01 3.92894e-11  1.89421e-06 1.89425e-06 
1.33241e-01 2.40683e-11  1.91058e-06 1.91061e-06 
1.33836e-01 2.51942e-11  1.92702e-06 1.92705e-06 
1.34432e-01 4.49130e-11  1.94353e-06 1.94358e-06 
1.35028e-01 7.98960e-11  1.96009e-06 1.96017e-06 
1.35624e-01 1.05989e-10  1.97671e-06 1.97681e-06 
1.36219e-01 9.81514e-11  1.99340e-06 1.99350e-06 
1.36815e-01 6.44669e-11  2.01016e-06 2.01022e-06 
1.37410e-01 3.42743e-11  2.02696e-06 2.02700e-06 
1.38005e-01 2.22148e-11  2.04383e-06 2.04386e-06 
1.38601e-01 2.67989e-11  2.06077e-06 2.06080e-06 
1.39196e-01 4.74740e-11  2.07777e-06 2.07782e-06 
1.39791e-01 7.88486e-11  2.09483e-06 2.09491e-06 
1.40386e-01 1.00786e-10  2.11195e-06 2.11205e-06 
1.40981e-01 9.48864e-11  2.12913e-06 2.12922e-06 
1.41575e-01 6.64053e-11  2.14638e-06 2.14645e-06 
1.42170e-01 3.84191e-11  2.16369e-06 2.16373e-06 
1.42765e-01 2.73465e-11  2.18105e-06 2.18108e-06 
1.43359e-01 3.28020e-11  2.19847e-06 2.19851e-06 
1.43954e-01 4.83054e-11  2.21597e-06 2.21602e-06 
1.44548e-01 6.91692e-11  2.23352e-06 2.23359e-06 
1.45143e-01 8.70800e-11  2.25113e-06 2.25121e-06 
1.45737e-01 8.95293e-11  2.26879e-06 2.26888e-06 
1.46331e-01 7.28125e-11  2.28653e-06 2.28660e-06 
1.46925e-01 4.93649e-11  2.30433e-06 2.30438e-06 
1.47519e-01 3.59518e-11  2.32218e-06 2.32221e-06 
1.48113e-01 3.74007e-11  2.34008e-06 2.34012e-06 
1.48707e-01 4.65164e-11  2.35806e-06 2.35811e-06 
1.49301e-01 5.76056e-11  2.37610e-06 2.37616e-06 
1.49894e-01 7.09712e-11  2.39419e-06 2.39426e-06 
1.50488e-01 8.19885e-11  2.41234e-06 2.41242e-06 
1.51081e-01 7.93220e-11  2.43055e-06 2.43063e-06 
1.51675e-01 6.23575e-11  2.44883e-06 2.44890e-06 
1.52268e-01 4.67868e-11  2.46717e-06 2.46722e-06 
1.52861e-01 4.33587e-11  2.48555e-06 2.48560e-06 
1.53454e-01 4.57369e-11  2.50400e-06 2.50405e-06 
1.54048e-01 4.77270e-11  2.52252e-06 2.52257e-06 
1.54641e-01 5.52279e-11  2.54110e-06 2.54116e-06 
1.55233e-01 7.06249e-11  2.55972e-06 2.55980e-06 
1.55826e-01 8.13653e-11  2.57841e-06 2.57849e-06 
1.56419e-01 7.65094e-11  2.59717e-06 2.59725e-06 
1.57012e-01 6.27658e-11  2.61598e-06 2.61605e-06 
1.57604e-01 5.22868e-11  2.63485e-06 2.63490e-06 
1.58197e-01 4.54326e-11  2.65377e-06 2.65382e-06 
1.58789e-01 3.88317e-11  2.67276e-06 2.67280e-06 
1.59382e-01 3.99397e-11  2.69181e-06 2.69186e-06 
1.59974e-01 5.67099e-11  2.71092e-06 2.71098e-06 
1.60566e-01 7.96384e-11  2.73008e-06 2.73016e-06 
1.61159e-01 8.99548e-11  2.74930e-06 2.74939e-06 
1.61751e-01 8.13144e-11  2.76859e-06 2.76867e-06 
1.62343e-01 6.22573e-11  2.78793e-06 2.78799e-06 
1.62935e-01 4.30455e-11  2.80732e-06 2.80737e-06 
1.63526e-01 2.99408e-11  2.82677e-06 2.82681e-06 
1.64118e-01 2.88177e-11  2.84629e-06 2.84633e-06 
1.64710e-01 4.49953e-11  2.86587e-06 2.86592e-06 
1.65301e-01 7.44795e-11  2.88550e-06 2.88557e-06 
1.65893e-01 9.83432e-11  2.90518e-06 2.90528e-06 
1.66484e-01 9.64909e-11  2.92493e-06 2.92503e-06 
1.67076e-01 7.04560e-11  2.94474e-06 2.94481e-06 
1.67667e-01 4.16417e-11  2.96460e-06 2.96464e-06 
1.68258e-01 2.58074e-11  2.98451e-06 2.98454e-06 
1.68849e-01 2.42587e-11  3.00449e-06 3.00452e-06 
1.69440e-01 3.78094e-11  3.02453e-06 3.02457e-06 
1.70031e-01 6.69323e-11  3.04462e-06 3.04469e-06 
1.70622e-01 9.64361e-11  3.06476e-06 3.06486e-06 
1.71213e-01 1.02223e-10  3.08497e-06 3.08507e-06 
1.71804e-01 7.92061e-11  3.10524e-06 3.10532e-06 
1.72394e-01 4.75610e-11  3.12556e-06 3.12561e-06 
1.72985e-01 2.81628e-11  3.14593e-06 3.14596e-06 
1.73575e-01 2.50962e-11  3.16636e-06 3.16639e-06 
1.74166e-01 3.47895e-11  3.18686e-06 3.18690e-06 
1.74756e-01 5.65425e-11  3.20742e-06 3.20747e-06 
1.75346e-01 8.41216e-11  3.22802e-06 3.22810e-06 
1.75937e-01 9.91799e-11  3.24867e-06 3.24877e-06 
1.76527e-01 8.81032e-11  3.26939e-06 3.26948e-06 
1.77117e-01 6.01156e-11  3.29018e-06 3.29023e-06 
1.77707e-01 3.67334e-11  3.31100e-06 3.31104e-06 
1.78297e-01 2.86078e-11  3.33188e-06 3.33192e-06 
1.78886e-01 3.29943e-11  3.35283e-06 3.35286e-06 
1.79476e-01 4.67273e-11  3.37383e-06 3.37388e-06 
1.80066e-01 6.81383e-11  3.39489e-06 3.39496e-06 
1.80655e-01 8.81355e-11  3.41599e-06 3.41608e-06 
1.81245e-01 9.19137e-11  3.43716e-06 3.43725e-06 
1.81834e-01 7.46703e-11  3.45838e-06 3.45846e-06 
1.82423e-01 4.96884e-11  3.47967e-06 3.47972e-06 
1.83012e-01 3.47087e-11  3.50100e-06 3.50104e-06 
1.83602e-01 3.41347e-11  3.52238e-06 3.52242e-06 
1.84191e-01 4.15035e-11  3.54383e-06 3.54387e-06 
1.84780e-01 5.38447e-11  3.56534e-06 3.56539e-06 
1.85368e-01 7.14611e-11  3.58689e-06 3.58696e-06 
1.85957e-01 8.61695e-11  3.60849e-06 3.60858e-06 
1.86546e-01 8.46280e-11  3.63016e-06 3.63025e-06 
1.87135e-01 6.64769e-11  3.65189e-06 3.65196e-06 
1.87723e-01 4.74860e-11  3.67367e-06 3.67372e-06 
1.88312e-01 3.99650e-11  3.69549e-06 3.69554e-06 
1.88900e-01 4.04966e-11  3.71738e-06 3.71742e-06 
1.89489e-01 4.31126e-11  3.73933e-06 3.73937e-06 
1.90077e-01 5.23166e-11  3.76133e-06 3.76138e-06 
1.90665e-01 7.10478e-11  3.78338e-06 3.78345e-06 
1.91253e-01 8.64254e-11  3.80548e-06 3.80556e-06 
1.91841e-01 8.36211e-11  3.82764e-06 3.82772e-06 
1.92429e-01 6.67193e-11  3.84987e-06 3.84993e-06 
1.93017e-01 5.07758e-11  3.87213e-06 3.87218e-06 
1.93605e-01 4.09846e-11  3.89445e-06 3.89449e-06 
1.94193e-01 3.47314e-11  3.91683e-06 3.91687e-06 
1.94781e-01 3.63068e-11  3.93927e-06 3.93931e-06 
1.95368e-01 5.28774e-11  3.96176e-06 3.96181e-06 
1.95956e-01 7.82658e-11  3.98429e-06 3.98437e-06 
1.96543e-01 9.37305e-11  4.00688e-06 4.00698e-06 
1.97131e-01 8.72538e-11  4.02954e-06 4.02962e-06 
1.97718e-01 6.54708e-11  4.05225e-06 4.05231e-06 
1.98305e-01 4.37977e-11  4.07500e-06 4.07504e-06 
1.98892e-01 3.06632e-11  4.09780e-06 4.09783e-06 
1.99479e-01 2.74658e-11  4.12066e-06 4.12070e-06 
2.00066e-01 3.77352e-11  4.14359e-06 4.14363e-06 
2.00653e-01 6.31477e-11  4.16656e-06 4.16662e-06 
2.01240e-01 9.10141e-11  4.18957e-06 4.18966e-06 
2.01827e-01 9.99359e-11  4.21265e-06 4.21275e-06 
2.02414e-01 8.27409e-11  4.23579e-06 4.23587e-06 
2.03000e-01 5.43247e-11  4.25897e-06 4.25903e-06 
2.03587e-01 3.32672e-11  4.28220e-06 4.28224e-06 
2.04173e-01 2.52565e-11  4.30549e-06 4.30552e-06 
2.04759e-01 2.89757e-11  4.32883e-06 4.32887e-06 
2.05346e-01 4.65158e-11  4.35224e-06 4.35228e-06 
2.05932e-01 7.57980e-11  4.37568e-06 4.37576e-06 
2.06518e-01 9.95209e-11  4.39918e-06 4.39927e-06 
2.07104e-01 9.78591e-11  4.42273e-06 4.42283e-06 
2.07690e-01 7.22933e-11  4.44635e-06 4.44642e-06 
2.08276e-01 4.37912e-11  4.47001e-06 4.47005e-06 
2.08862e-01 2.78756e-11  4.49371e-06 4.49374e-06 
2.09448e-01 2.49899e-11  4.51747e-06 4.51750e-06 
2.10034e-01 3.38833e-11  4.54130e-06 4.54133e-06 
2.10619e-01 5.67601e-11  4.56517e-06 4.56523e-06 
2.11205e-01 8.62225e-11  4.58909e-06 4.58917e-06 
2.11790e-01 1.01907e-10  4.61305e-06 4.61315e-06 
2.12376e-01 9.03172e-11  4.63708e-06 4.63717e-06 
2.12961e-01 6.11618e-11  4.66117e-06 4.66123e-06 
2.13546e-01 3.59474e-11  4.68529e-06 4.68533e-06 
2.14131e-01 2.57598e-11  4.70946e-06 4.70949e-06 
2.14716e-01 2.86164e-11  4.73370e-06 4.73373e-06 
2.15301e-01 4.24004e-11  4.75799e-06 4.75803e-06 
2.15886e-01 6.64085e-11  4.78233e-06 4.78239e-06 
2.16471e-01 9.05889e-11  4.80671e-06 4.80680e-06 
2.17056e-01 9.74422e-11  4.83114e-06 4.83124e-06 
2.17641e-01 8.04618e-11  4.85564e-06 4.85572e-06 
2.18225e-01 5.30309e-11  4.88019e-06 4.88024e-06 
2.18810e-01 3.40545e-11  4.90478e-06 4.90481e-06 
2.19394e-01 2.99780e-11  4.92941e-06 4.92945e-06 
2.19979e-01 3.57416e-11  4.95411e-06 4.95415e-06 
2.20563e-01 4.81873e-11  4.97887e-06 4.97892e-06 
2.21147e-01 6.80423e-11  5.00367e-06 5.00373e-06 
2.21732e-01 8.80956e-11  5.02851e-06 5.02860e-06 
2.22316e-01 9.25551e-11  5.05341e-06 5.05350e-06 
2.22900e-01 7.58334e-11  5.07837e-06 5.07844e-06 
2.23484e-01 5.20518e-11  5.10337e-06 5.10342e-06 
2.24068e-01 3.76428e-11  5.12842e-06 5.12846e-06 
2.24651e-01 3.41009e-11  5.15352e-06 5.15355e-06 
2.25235e-01 3.61833e-11  5.17867e-06 5.17871e-06 
2.25819e-01 4.60935e-11  5.20389e-06 5.20393e-06 
2.26403e-01 6.68697e-11  5.22914e-06 5.22921e-06 
2.26986e-01 8.81713e-11  5.25444e-06 5.25452e-06 
2.27569e-01 9.25330e-11  5.27979e-06 5.27988e-06 
2.28153e-01 7.61044e-11  5.30520e-06 5.30528e-06 
2.28736e-01 5.31612e-11  5.33066e-06 5.33072e-06 
2.29319e-01 3.80059e-11  5.35616e-06 5.35620e-06 
2.29902e-01 3.21005e-11  5.38171e-06 5.38175e-06 
2.30486e-01 3.30684e-11  5.40732e-06 5.40736e-06 
2.31069e-01 4.48726e-11  5.43299e-06 5.43303e-06 
2.31651e-01 6.87101e-11  5.45869e-06 5.45875e-06 
2.32234e-01 9.12053e-11  5.48443e-06 5.48452e-06 
2.32817e-01 9.44366e-11  5.51024e-06 5.51033e-06 
2.33400e-01 7.64496e-11  5.53610e-06 5.53618e-06 
2.33982e-01 5.24583e-11  5.56201e-06 5.56206e-06 
2.34565e-01 3.61997e-11  5.58796e-06 5.58799e-06 
2.35147e-01 2.93936e-11  5.61396e-06 5.61399e-06 
2.35730e-01 3.09496e-11  5.64002e-06 5.64005e-06 
2.36312e-01 4.51234e-11  5.66612e-06 5.66617e-06 
2.36894e-01 7.16964e-11  5.69227e-06 5.69234e-06 
2.37477e-01 9.53337e-11  5.71847e-06 5.71856e-06 
2.38059e-01 9.73332e-11  5.74472e-06 5.74482e-06 
2.38641e-01 7.68349e-11  5.77103e-06 5.77111e-06 
2.39223e-01 5.05196e-11  5.79738e-06 5.79743e-06 
2.39805e-01 3.25595e-11  5.82377e-06 5.82380e-06 
2.40387e-01 2.52430e-11  5.85021e-06 5.85024e-06 
2.40968e-01 2.87968e-11  5.87672e-06 5.87675e-06 
2.41550e-01 4.71504e-11  5.90327e-06 5.90331e-06 
2.42132e-01 7.71389e-11  5.92986e-06 5.92993e-06 
2.42713e-01 1.00734e-10  5.95649e-06 5.95659e-06 
2.43295e-01 9.92261e-11  5.98318e-06 5.98328e-06 
2.43876e-01 7.40666e-11  6.00993e-06 6.01000e-06 
2.44457e-01 4.49068e-11  6.03672e-06 6.03676e-06 
2.45039e-01 2.74409e-11  6.06354e-06 6.06358e-06 
2.45620e-01 2.31458e-11  6.09043e-06 6.09045e-06 
2.46201e-01 3.05933e-11  6.11737e-06 6.11740e-06 
2.46782e-01 5.21404e-11  6.14435e-06 6.14441e-06 
2.47363e-01 8.25354e-11  6.17138e-06 6.17146e-06 
2.47944e-01 1.02733e-10  6.19845e-06 6.19855e-06 
2.48525e-01 9.65051e-11  6.22558e-06 6.22567e-06 
2.49105e-01 6.90906e-11  6.25276e-06 6.25283e-06 
2.49686e-01 4.10776e-11  6.27998e-06 6.28002e-06 
2.50267e-01 2.64986e-11  6.30724e-06 6.30727e-06 
2.50847e-01 2.50807e-11  6.33456e-06 6.33458e-06 
2.51428e-01 3.40780e-11  6.36193e-06 6.36197e-06 
2.52008e-01 5.50582e-11  6.38935e-06 6.38940e-06 
2.52588e-01 8.32651e-11  6.41680e-06 6.41689e-06 
2.53169e-01 1.01117e-10  6.44431e-06 6.44441e-06 
2.53749e-01 9.37929e-11  6.47187e-06 6.47196e-06 
2.54329e-01 6.71388e-11  6.49948e-06 6.49954e-06 
2.54909e-01 4.09555e-11  6.52713e-06 6.52717e-06 
2.55489e-01 2.77289e-11  6.55482e-06 6.55485e-06 
2.56069e-01 2.66183e-11  6.58256e-06 6.58259e-06 
2.56649e-01 3.52633e-11  6.61036e-06 6.61040e-06 
2.57228e-01 5.52400e-11  6.63821e-06 6.63826e-06 
2.57808e-01 8.19897e-11  6.66609e-06 6.66617e-06 
2.58387e-01 9.91438e-11  6.69401e-06 6.69411e-06 
2.58967e-01 9.25158e-11  6.72199e-06 6.72209e-06 
2.59546e-01 6.70482e-11  6.75003e-06 6.75010e-06 
2.60126e-01 4.17720e-11  6.77811e-06 6.77815e-06 
2.60705e-01 2.92995e-11  6.80622e-06 6.80625e-06 
2.61284e-01 2.84977e-11  6.83438e-06 6.83441e-06 
2.61863e-01 3.60843e-11  6.86261e-06 6.86264e-06 
2.62443e-01 5.37359e-11  6.89087e-06 6.89093e-06 
2.63022e-01 7.87086e-11  6.91917e-06 6.91925e-06 
2.63600e-01 9.64288e-11  6.94752e-06 6.94762e-06 
2.64179e-01 9.23579e-11  6.97593e-06 6.97602e-06 
2.64758e-01 6.94077e-11  7.00438e-06 7.00445e-06 
2.65337e-01 4.53185e-11  7.03288e-06 7.03292e-06 
2.65916e-01 3.26283e-11  7.06141e-06 7.06145e-06 
2.66494e-01 2.99102e-11  7.08999e-06 7.09003e-06 
2.67073e-01 3.40608e-11  7.11864e-06 7.11867e-06 
2.67651e-01 4.89982e-11  7.14732e-06 7.14737e-06 
2.68230e-01 7.43815e-11  7.17604e-06 7.17612e-06 
2.68808e-01 9.53608e-11  7.20481e-06 7.20490e-06 
2.69386e-01 9.51647e-11  7.23363e-06 7.23372e-06 
2.69964e-01 7.45040e-11  7.26250e-06 7.26257e-06 
2.70542e-01 4.96978e-11  7.29141e-06 7.29146e-06 
2.71120e-01 3.36942e-11  7.32036e-06 7.32039e-06 
2.71698e-01 2.75253e-11  7.34935e-06 7.34938e-06 
2.72276e-01 3.00027e-11  7.37841e-06 7.37844e-06 
2.72854e-01 4.49178e-11  7.40751e-06 7.40755e-06 
2.73432e-01 7.17273e-11  7.43664e-06 7.43671e-06 
2.74009e-01 9.58383e-11  7.46581e-06 7.46591e-06 
2.74587e-01 9.89667e-11  7.49504e-06 7.49514e-06 
2.75165e-01 7.90713e-11  7.52433e-06 7.52440e-06 
2.75742e-01 5.20224e-11  7.55365e-06 7.55370e-06 
2.76319e-01 3.31892e-11  7.58300e-06 7.58304e-06 
2.76897e-01 2.56155e-11  7.61241e-06 7.61244e-06 
2.77474e-01 2.76814e-11  7.64187e-06 7.64190e-06 
2.78051e-01 4.20818e-11  7.67138e-06 7.67142e-06 
2.78628e-01 6.89819e-11  7.70092e-06 7.70099e-06 
2.79205e-01 9.53064e-11  7.73050e-06 7.73060e-06 
2.79782e-01 1.01890e-10  7.76014e-06 7.76024e-06 
2.80359e-01 8.36201e-11  7.78983e-06 7.78991e-06 
2.80936e-01 5.51459e-11  7.81956e-06 7.81961e-06 
2.81513e-01 3.38083e-11  7.84932e-06 7.84936e-06 
2.82089e-01 2.44939e-11  7.87913e-06 7.87916e-06 
2.82666e-01 2.53463e-11  7.90900e-06 7.90903e-06 
2.83243e-01 3.86878e-11  7.93891e-06 7.93895e-06 
2.83819e-01 6.56999e-11  7.96886e-06 7.96893e-06 
2.84396e-01 9.43470e-11  7.99885e-06 7.99894e-06 
2.84972e-01 1.04470e-10  8.02888e-06 8.02899e-06 
2.85548e-01 8.81043e-11  8.05897e-06 8.05906e-06 
2.86124e-01 5.82384e-11  8.08911e-06 8.08916e-06 
2.86701e-01 3.40293e-11  8.11927e-06 8.11931e-06 
2.87277e-01 2.32236e-11  8.14948e-06 8.14950e-06 
2.87853e-01 2.39650e-11  8.17974e-06 8.17977e-06 
2.88429e-01 3.66578e-11  8.21005e-06 8.21009e-06 
2.89004e-01 6.25478e-11  8.24040e-06 8.24047e-06 
2.89580e-01 9.16722e-11  8.27079e-06 8.27088e-06 
2.90156e-01 1.04454e-10  8.30122e-06 8.30132e-06 
2.90732e-01 9.08259e-11  8.33171e-06 8.33180e-06 
2.91307e-01 6.16058e-11  8.36224e-06 8.36230e-06 
2.91883e-01 3.63210e-11  8.39280e-06 8.39284e-06 
2.92458e-01 2.46322e-11  8.42341e-06 8.42344e-06 
2.93033e-01 2.47344e-11  8.45406e-06 8.45409e-06 
2.93609e-01 3.50912e-11  8.48477e-06 8.48481e-06 
2.94184e-01 5.73352e-11  8.51552e-06 8.51558e-06 
2.94759e-01 8.54750e-11  8.54630e-06 8.54639e-06 
2.95334e-01 1.02160e-10  8.57713e-06 8.57723e-06 
2.95909e-01 9.41437e-11  8.60801e-06 8.60810e-06 
2.96484e-01 6.76605e-11  8.63893e-06 8.63900e-06 
2.97059e-01 4.14533e-11  8.66989e-06 8.66994e-06 
2.97634e-01 2.73830e-11  8.70089e-06 8.70092e-06 
2.98209e-01 2.49302e-11  8.73193e-06 8.73196e-06 
2.98783e-01 3.20518e-11  8.76303e-06 8.76307e-06 
2.99358e-01 5.07819e-11  8.79417e-06 8.79422e-06 
2.99933e-01 7.80754e-11  8.82535e-06 8.82542e-06 
3.00507e-01 9.89303e-11  8.85656e-06 8.85666e-06 
3.01081e-01 9.75863e-11  8.88782e-06 8.88792e-06 
3.01656e-01 7.48290e-11  8.91914e-06 8.91921e-06 
3.02230e-01 4.75073e-11  8.95049e-06 8.95054e-06 
3.02804e-01 3.04636e-11  8.98187e-06 8.98190e-06 
3.03378e-01 2.56196e-11  9.01330e-06 9.01333e-06 
3.03953e-01 2.98546e-11  9.04479e-06 9.04482e-06 
3.04527e-01 4.43994e-11  9.07631e-06 9.07636e-06 
3.05100e-01 6.92856e-11  9.10788e-06 9.10794e-06 
3.05674e-01 9.33613e-11  9.13947e-06 9.13957e-06 
3.06248e-01 9.96485e-11  9.17112e-06 9.17122e-06 
3.06822e-01 8.29134e-11  9.20282e-06 9.20290e-06 
3.07396e-01 5.60670e-11  9.23456e-06 9.23462e-06 
3.07969e-01 3.58432e-11  9.26633e-06 9.26637e-06 
3.08543e-01 2.73672e-11  9.29814e-06 9.29817e-06 
3.09116e-01 2.75010e-11  9.33001e-06 9.33004e-06 
3.09690e-01 3.70086e-11  9.36192e-06 9.36196e-06 
3.10263e-01 5.89791e-11  9.39387e-06 9.39393e-06 
3.10836e-01 8.61976e-11  9.42585e-06 9.42593e-06 
3.11409e-01 1.00890e-10  9.45787e-06 9.45798e-06 
3.11983e-01 9.18564e-11  9.48995e-06 9.49005e-06 
3.12556e-01 6.65582e-11  9.52208e-06 9.52214e-06 
3.13129e-01 4.20839e-11  9.55423e-06 9.55427e-06 
3.13701e-01 2.82262e-11  9.58642e-06 9.58645e-06 
3.14274e-01 2.45566e-11  9.61866e-06 9.61868e-06 
3.14847e-01 3.06658e-11  9.65095e-06 9.65098e-06 
3.15420e-01 4.96308e-11  9.68328e-06 9.68333e-06 
3.15992e-01 7.79153e-11  9.71563e-06 9.71571e-06 
3.16565e-01 9.95927e-11  9.74803e-06 9.74813e-06 
3.17138e-01 9.88660e-11  9.78049e-06 9.78059e-06 
3.17710e-01 7.67179e-11  9.81299e-06 9.81306e-06 
3.18282e-01 4.92854e-11  9.84552e-06 9.84557e-06 
3.18855e-01 3.07513e-11  9.87808e-06 9.87812e-06 
3.19427e-01 2.37513e-11  9.91069e-06 9.91072e-06 
3.19999e-01 2.65282e-11  9.94336e-06 9.94339e-06 
3.20571e-01 4.11085e-11  9.97606e-06 9.97610e-06 
3.21143e-01 6.76182e-11  1.00088e-05 1.00089e-05 
3.21715e-01 9.43409e-11  1.00416e-05 1.00417e-05 
3.22287e-01 1.03081e-10  1.00744e-05 1.00745e-05 
3.22859e-01 8.72887e-11  1.01073e-05 1.01074e-05 
3.23431e-01 5.91222e-11  1.01402e-05 1.01402e-05 
3.24003e-01 3.57494e-11  1.01731e-05 1.01732e-05 
3.24574e-01 2.41815e-11  1.02061e-05 1.02061e-05 
3.25146e-01 2.31744e-11  1.02391e-05 1.02392e-05 
3.25717e-01 3.34449e-11  1.02722e-05 1.02722e-05 
3.26289e-01 5.69387e-11  1.03053e-05 1.03054e-05 
3.26860e-01 8.62798e-11  1.03385e-05 1.03385e-05 
3.27432e-01 1.03665e-10  1.03716e-05 1.03718e-05 
3.28003e-01 9.62332e-11  1.04049e-05 1.04050e-05 
3.28574e-01 6.97688e-11  1.04382e-05 1.04382e-05 
3.29145e-01 4.22787e-11  1.04715e-05 1.04715e-05 
3.29716e-01 2.61296e-11  1.05048e-05 1.05049e-05 
3.30287e-01 2.20644e-11  1.05382e-05 1.05382e-05 
3.30858e-01 2.85097e-11  1.05717e-05 1.05717e-05 
3.31429e-01 4.71609e-11  1.06051e-05 1.06052e-05 
3.32000e-01 7.52045e-11  1.06387e-05 1.06387e-05 
3.32570e-01 9.86038e-11  1.06722e-05 1.06723e-05 
3.33141e-01 1.01209e-10  1.07058e-05 1.07059e-05 
3.33712e-01 8.09902e-11  1.07394e-05 1.07395e-05 
3.34282e-01 5.24629e-11  1.07731e-05 1.07732e-05 
3.34853e-01 3.17193e-11  1.08068e-05 1.08069e-05 
3.35423e-01 2.35472e-11  1.08406e-05 1.08406e-05 
3.35994e-01 2.54590e-11  1.08744e-05 1.08744e-05 
3.36564e-01 3.78016e-11  1.09082e-05 1.09083e-05 
3.37134e-01 6.17087e-11  1.09421e-05 1.09422e-05 
3.37704e-01 8.88064e-11  1.09760e-05 1.09761e-05 
3.38274e-01 1.02188e-10  1.10100e-05 1.10101e-05 
3.38844e-01 9.18974e-11  1.10440e-05 1.10441e-05 
3.39414e-01 6.55737e-11  1.10780e-05 1.10781e-05 
3.39984e-01 4.02570e-11  1.11121e-05 1.11122e-05 
3.40554e-01 2.63718e-11  1.11462e-05 1.11463e-05 
3.41124e-01 2.37523e-11  1.11804e-05 1.11804e-05 
3.41693e-01 3.07319e-11  1.12146e-05 1.12146e-05 
3.42263e-01 4.89418e-11  1.12488e-05 1.12489e-05 
3.42832e-01 7.55958e-11  1.12831e-05 1.12832e-05 
3.43402e-01 9.72380e-11  1.13174e-05 1.13175e-05 
3.43971e-01 9.88743e-11  1.13518e-05 1.13519e-05 
3.44541e-01 7.92384e-11  1.13862e-05 1.13862e-05 
3.45110e-01 5.22403e-11  1.14206e-05 1.14207e-05 
3.45679e-01 3.27348e-11  1.14551e-05 1.14551e-05 
3.46248e-01 2.50291e-11  1.14896e-05 1.14896e-05 
3.46817e-01 2.66554e-11  1.15241e-05 1.15242e-05 
3.47387e-01 3.77748e-11  1.15587e-05 1.15588e-05 
3.47955e-01 5.98932e-11  1.15934e-05 1.15934e-05 
3.48524e-01 8.60160e-11  1.16280e-05 1.16281e-05 
3.49093e-01 1.00229e-10  1.16627e-05 1.16628e-05 
3.49662e-01 9.20702e-11  1.16975e-05 1.16976e-05 
3.50231e-01 6.78022e-11  1.17323e-05 1.17324e-05 
3.50799e-01 4.33128e-11  1.17671e-05 1.17672e-05 
3.51368e-01 2.86897e-11  1.18020e-05 1.18020e-05 
3.51936e-01 2.42347e-11  1.18369e-05 1.18369e-05 
3.52505e-01 2.89533e-11  1.18718e-05 1.18719e-05 
3.53073e-01 4.51517e-11  1.19068e-05 1.19069e-05 
3.53642e-01 7.12155e-11  1.19418e-05 1.19419e-05 
3.54210e-01 9.47664e-11  1.19769e-05 1.19770e-05 
3.54778e-01 1.00082e-10  1.20120e-05 1.20121e-05 
3.55346e-01 8.34297e-11  1.20471e-05 1.20472e-05 
3.55914e-01 5.68470e-11  1.20823e-05 1.20824e-05 
3.56482e-01 3.54233e-11  1.21175e-05 1.21176e-05 
3.57050e-01 2.50153e-11  1.21528e-05 1.21528e-05 
3.57618e-01 2.43789e-11  1.21881e-05 1.21881e-05 
3.58186e-01 3.38599e-11  1.22234e-05 1.22234e-05 
3.58754e-01 5.50678e-11  1.22588e-05 1.22588e-05 
3.59321e-01 8.21160e-11  1.22942e-05 1.22942e-05 
3.59889e-01 9.98489e-11  1.23296e-05 1.23297e-05 
3.60456e-01 9.59498e-11  1.23651e-05 1.23652e-05 
3.61024e-01 7.34507e-11  1.24006e-05 1.24007e-05 
3.61591e-01 4.73753e-11  1.24362e-05 1.24362e-05 
3.62159e-01 2.98886e-11  1.24718e-05 1.24718e-05 
3.62726e-01 2.31348e-11  1.25074e-05 1.25074e-05 
3.63293e-01 2.59580e-11  1.25431e-05 1.25431e-05 
3.63860e-01 4.02308e-11  1.25788e-05 1.25788e-05 
3.64428e-01 6.55784e-11  1.26146e-05 1.26146e-05 
3.64995e-01 9.15165e-11  1.26503e-05 1.26504e-05 
3.65562e-01 1.01873e-10  1.26862e-05 1.26863e-05 
3.66128e-01 8.93832e-11  1.27220e-05 1.27221e-05 
3.66695e-01 6.30040e-11  1.27579e-05 1.27580e-05 
3.67262e-01 3.86292e-11  1.27939e-05 1.27939e-05 
3.67829e-01 2.51315e-11  1.28298e-05 1.28299e-05 
3.68395e-01 2.24559e-11  1.28659e-05 1.28659e-05 
3.68962e-01 2.99617e-11  1.29019e-05 1.29020e-05 
3.69529e-01 4.91591e-11  1.29380e-05 1.29381e-05 
3.70095e-01 7.61981e-11  1.29741e-05 1.29742e-05 
3.70661e-01 9.75630e-11  1.30103e-05 1.30104e-05 
3.71228e-01 9.92296e-11  1.30465e-05 1.30466e-05 
3.71794e-01 8.00939e-11  1.30827e-05 1.30828e-05 
3.72360e-01 5.31017e-11  1.31190e-05 1.31191e-05 
3.72926e-01 3.25946e-11  1.31553e-05 1.31554e-05 
3.73493e-01 2.35768e-11  1.31917e-05 1.31917e-05 
3.74059e-01 2.44832e-11  1.32281e-05 1.32281e-05 
3.74625e-01 3.54521e-11  1.32645e-05 1.32646e-05 
3.75191e-01 5.74548e-11  1.33010e-05 1.33010e-05 
3.75756e-01 8.38642e-11  1.33375e-05 1.33376e-05 
3.76322e-01 9.98445e-11  1.33740e-05 1.33741e-05 
3.76888e-01 9.44840e-11  1.34106e-05 1.34107e-05 
3.77454e-01 7.16172e-11  1.34472e-05 1.34473e-05 
3.78019e-01 4.58064e-11  1.34839e-05 1.34839e-05 
3.78585e-01 2.88333e-11  1.35205e-05 1.35206e-05 
3.79150e-01 2.30469e-11  1.35573e-05 1.35573e-05 
3.79716e-01 2.69116e-11  1.35940e-05 1.35941e-05 
3.80281e-01 4.11705e-11  1.36308e-05 1.36309e-05 
3.80846e-01 6.50816e-11  1.36677e-05 1.36677e-05 
3.81411e-01 8.93500e-11  1.37045e-05 1.37046e-05 
3.81976e-01 9.94345e-11  1.37414e-05 1.37415e-05 
3.82542e-01 8.84038e-11  1.37784e-05 1.37785e-05 
3.83107e-01 6.39036e-11  1.38154e-05 1.38154e-05 
3.83672e-01 4.05253e-11  1.38524e-05 1.38524e-05 
3.84236e-01 2.72241e-11  1.38894e-05 1.38895e-05 
3.84801e-01 2.42509e-11  1.39265e-05 1.39266e-05 
3.85366e-01 3.01508e-11  1.39637e-05 1.39637e-05 
3.85931e-01 4.60917e-11  1.40008e-05 1.40009e-05 
3.86495e-01 7.03156e-11  1.40380e-05 1.40381e-05 
3.87060e-01 9.21582e-11  1.40753e-05 1.40754e-05 
3.87625e-01 9.78374e-11  1.41125e-05 1.41126e-05 
3.88189e-01 8.34229e-11  1.41499e-05 1.41499e-05 
3.88754e-01 5.87755e-11  1.41872e-05 1.41873e-05 
3.89318e-01 3.75711e-11  1.42246e-05 1.42246e-05 
3.89882e-01 2.63246e-11  1.42620e-05 1.42620e-05 
3.90446e-01 2.45728e-11  1.42995e-05 1.42995e-05 
3.91011e-01 3.20369e-11  1.43370e-05 1.43370e-05 
3.91575e-01 5.00875e-11  1.43745e-05 1.43745e-05 
3.92139e-01 7.50272e-11  1.44120e-05 1.44121e-05 
3.92703e-01 9.45942e-11  1.44496e-05 1.44497e-05 
3.93267e-01 9.62320e-11  1.44873e-05 1.44874e-05 
3.93830e-01 7.89752e-11  1.45249e-05 1.45250e-05 
3.94394e-01 5.42513e-11  1.45627e-05 1.45627e-05 
3.94958e-01 3.47635e-11  1.46004e-05 1.46004e-05 
3.95521e-01 2.53716e-11  1.46382e-05 1.46382e-05 
3.96085e-01 2.52041e-11  1.46760e-05 1.46760e-05 
3.96649e-01 3.43927e-11  1.47138e-05 1.47139e-05 
3.97212e-01 5.39088e-11  1.47517e-05 1.47518e-05 
3.97776e-01 7.87138e-11  1.47896e-05 1.47897e-05 
3.98339e-01 9.59706e-11  1.48276e-05 1.48277e-05 
3.98902e-01 9.44903e-11  1.48656e-05 1.48657e-05 
3.99466e-01 7.54662e-11  1.49036e-05 1.49037e-05 
4.00029e-01 5.10616e-11  1.49417e-05 1.49418e-05 
4.00592e-01 3.28277e-11  1.49798e-05 1.49798e-05 
4.01155e-01 2.44203e-11  1.50179e-05 1.50180e-05 
4.01718e-01 2.52215e-11  1.50561e-05 1.50561e-05 
4.02281e-01 3.60961e-11  1.50943e-05 1.50944e-05 
4.02844e-01 5.73833e-11  1.51326e-05 1.51326e-05 
4.03406e-01 8.23269e-11  1.51708e-05 1.51709e-05 
4.03969e-01 9.74374e-11  1.52091e-05 1.52092e-05 
4.04532e-01 9.29220e-11  1.52475e-05 1.52476e-05 
4.05095e-01 7.19807e-11  1.52859e-05 1.52859e-05 
4.05657e-01 4.75200e-11  1.53243e-05 1.53243e-05 
4.06220e-01 3.04363e-11  1.53627e-05 1.53628e-05 
4.06782e-01 2.35845e-11  1.54012e-05 1.54013e-05 
4.07344e-01 2.61151e-11  1.54398e-05 1.54398e-05 
4.07907e-01 3.86533e-11  1.54783e-05 1.54784e-05 
4.08469e-01 6.06900e-11  1.55169e-05 1.55170e-05 
4.09031e-01 8.46509e-11  1.55555e-05 1.55556e-05 
4.09593e-01 9.74066e-11  1.55942e-05 1.55943e-05 
4.10156e-01 9.06842e-11  1.56329e-05 1.56330e-05 
4.10718e-01 6.90070e-11  1.56716e-05 1.56717e-05 
4.11280e-01 4.52935e-11  1.57104e-05 1.57104e-05 
4.11841e-01 2.94676e-11  1.57492e-05 1.57492e-05 
4.12403e-01 2.36287e-11  1.57880e-05 1.57881e-05 
4.12965e-01 2.69755e-11  1.58269e-05 1.58269e-05 
4.13527e-01 4.03338e-11  1.58658e-05 1.58659e-05 
4.14088e-01 6.27588e-11  1.59048e-05 1.59048e-05 
4.14650e-01 8.60057e-11  1.59437e-05 1.59438e-05 
4.15212e-01 9.71182e-11  1.59827e-05 1.59828e-05 
4.15773e-01 8.89126e-11  1.60218e-05 1.60219e-05 
4.16335e-01 6.68025e-11  1.60609e-05 1.60609e-05 
4.16896e-01 4.36326e-11  1.61000e-05 1.61000e-05 
4.17457e-01 2.87429e-11  1.61391e-05 1.61392e-05 
4.18018e-01 2.38897e-11  1.61783e-05 1.61783e-05 
4.18580e-01 2.81390e-11  1.62175e-05 1.62176e-05 
4.19141e-01 4.19423e-11  1.62568e-05 1.62568e-05 
4.19702e-01 6.38793e-11  1.62961e-05 1.62961e-05 
4.20263e-01 8.58268e-11  1.63354e-05 1.63355e-05 
4.20824e-01 9.57072e-11  1.63747e-05 1.63748e-05 
4.21385e-01 8.71885e-11  1.64141e-05 1.64142e-05 
4.21945e-01 6.57447e-11  1.64536e-05 1.64536e-05 
4.22506e-01 4.36183e-11  1.64930e-05 1.64931e-05 
4.23067e-01 2.95035e-11  1.65325e-05 1.65325e-05 
4.23628e-01 2.48288e-11  1.65720e-05 1.65721e-05 
4.24188e-01 2.87022e-11  1.66116e-05 1.66116e-05 
4.24749e-01 4.18721e-11  1.66512e-05 1.66512e-05 
4.25309e-01 6.32350e-11  1.66908e-05 1.66909e-05 
4.25870e-01 8.48754e-11  1.67305e-05 1.67306e-05 
4.26430e-01 9.48655e-11  1.67702e-05 1.67703e-05 
4.26990e-01 8.68748e-11  1.68099e-05 1.68100e-05 
4.27550e-01 6.60544e-11  1.68497e-05 1.68497e-05 
4.28111e-01 4.42191e-11  1.68895e-05 1.68895e-05 
4.28671e-01 2.99957e-11  1.69293e-05 1.69293e-05 
4.29231e-01 2.50902e-11  1.69691e-05 1.69692e-05 
4.29791e-01 2.87248e-11  1.70091e-05 1.70091e-05 
4.30351e-01 4.14517e-11  1.70490e-05 1.70490e-05 
4.30911e-01 6.21522e-11  1.70889e-05 1.70890e-05 
4.31470e-01 8.34057e-11  1.71289e-05 1.71290e-05 
4.32030e-01 9.38205e-11  1.71690e-05 1.71691e-05 
4.32590e-01 8.69417e-11  1.72090e-05 1.72091e-05 
4.33149e-01 6.71812e-11  1.72491e-05 1.72492e-05 
4.33709e-01 4.57494e-11  1.72893e-05 1.72893e-05 
4.34269e-01 3.12384e-11  1.73294e-05 1.73295e-05 
4.34828e-01 2.55833e-11  1.73696e-05 1.73697e-05 
4.35387e-01 2.81829e-11  1.74099e-05 1.74099e-05 
4.35947e-01 3.98659e-11  1.74501e-05 1.74502e-05 
4.36506e-01 6.00268e-11  1.74904e-05 1.74905e-05 
4.37065e-01 8.17038e-11  1.75308e-05 1.75309e-05 
4.37624e-01 9.34661e-11  1.75711e-05 1.75712e-05 
4.38184e-01 8.81611e-11  1.76115e-05 1.76116e-05 
4.38743e-01 6.92301e-11  1.76520e-05 1.76520e-05 
4.39302e-01 4.74421e-11  1.76924e-05 1.76925e-05 
4.39861e-01 3.18826e-11  1.77329e-05 1.77330e-05 
4.40419e-01 2.53025e-11  1.77735e-05 1.77735e-05 
4.40978e-01 2.73203e-11  1.78140e-05 1.78141e-05 
4.41537e-01 3.84321e-11  1.78546e-05 1.78547e-05 
4.42096e-01 5.80206e-11  1.78953e-05 1.78953e-05 
4.42654e-01 7.97455e-11  1.79359e-05 1.79360e-05 
4.43213e-01 9.26420e-11  1.79766e-05 1.79767e-05 
4.43771e-01 8.90617e-11  1.80173e-05 1.80174e-05 
4.44330e-01 7.13258e-11  1.80581e-05 1.80582e-05 
4.44888e-01 4.95853e-11  1.80989e-05 1.80990e-05 
4.45447e-01 3.32862e-11  1.81397e-05 1.81398e-05 
4.46005e-01 2.57754e-11  1.81806e-05 1.81806e-05 
4.46563e-01 2.67331e-11  1.82215e-05 1.82215e-05 
4.47121e-01 3.65331e-11  1.82624e-05 1.82624e-05 
4.47680e-01 5.50526e-11  1.83034e-05 1.83034e-05 
4.48238e-01 7.69217e-11  1.83444e-05 1.83444e-05 
4.48796e-01 9.15426e-11  1.83854e-05 1.83855e-05 
4.49354e-01 9.03610e-11  1.84264e-05 1.84265e-05 
4.49911e-01 7.41665e-11  1.84675e-05 1.84676e-05 
4.50469e-01 5.23293e-11  1.85086e-05 1.85087e-05 
4.51027e-01 3.48588e-11  1.85498e-05 1.85498e-05 
4.51585e-01 2.61405e-11  1.85910e-05 1.85910e-05 
4.52142e-01 2.61525e-11  1.86322e-05 1.86322e-05 
4.52700e-01 3.48459e-11  1.86735e-05 1.86735e-05 
4.53257e-01 5.20851e-11  1.87147e-05 1.87148e-05 
4.53815e-01 7.34402e-11  1.87560e-05 1.87561e-05 
4.54372e-01 8.92636e-11  1.87974e-05 1.87975e-05 
4.54930e-01 9.06637e-11  1.88388e-05 1.88389e-05 
4.55487e-01 7.68515e-11  1.88802e-05 1.88803e-05 
4.56044e-01 5.58590e-11  1.89216e-05 1.89217e-05 
4.56601e-01 3.77502e-11  1.89631e-05 1.89631e-05 
4.57159e-01 2.77727e-11  1.90046e-05 1.90046e-05 
4.57716e-01 2.62471e-11  1.90461e-05 1.90462e-05 
4.58273e-01 3.29031e-11  1.90877e-05 1.90878e-05 
4.58830e-01 4.80099e-11  1.91293e-05 1.91294e-05 
4.59387e-01 6.85535e-11  1.91710e-05 1.91710e-05 
4.59943e-01 8.60092e-11  1.92126e-05 1.92127e-05 
4.60500e-01 9.08773e-11  1.92543e-05 1.92544e-05 
4.61057e-01 8.02764e-11  1.92961e-05 1.92961e-05 
4.61614e-01 6.04516e-11  1.93378e-05 1.93379e-05 
4.62170e-01 4.14099e-11  1.93796e-05 1.93797e-05 
4.62727e-01 2.96261e-11  1.94214e-05 1.94215e-05 
4.63283e-01 2.63054e-11  1.94633e-05 1.94633e-05 
4.63840e-01 3.10358e-11  1.95052e-05 1.95052e-05 
4.64396e-01 4.39830e-11  1.95471e-05 1.95472e-05 
4.64952e-01 6.31820e-11  1.95891e-05 1.95891e-05 
4.65509e-01 8.16194e-11  1.96311e-05 1.96311e-05 
4.66065e-01 8.99117e-11  1.96731e-05 1.96732e-05 
4.66621e-01 8.32716e-11  1.97151e-05 1.97152e-05 
4.67177e-01 6.56284e-11  1.97572e-05 1.97573e-05 
4.67733e-01 4.63009e-11  1.97993e-05 1.97994e-05 
4.68289e-01 3.27626e-11  1.98415e-05 1.98415e-05 
4.68845e-01 2.72132e-11  1.98836e-05 1.98837e-05 
4.69401e-01 2.93212e-11  1.99258e-05 1.99259e-05 
4.69957e-01 3.94159e-11  1.99681e-05 1.99681e-05 
4.70513e-01 5.68356e-11  2.00104e-05 2.00104e-05 
4.71068e-01 7.62200e-11  2.00527e-05 2.00527e-05 
4.71624e-01 8.83256e-11  2.00950e-05 2.00951e-05 
4.72180e-01 8.63403e-11  2.01373e-05 2.01374e-05 
4.72735e-01 7.14981e-11  2.01797e-05 2.01798e-05 
4.73291e-01 5.19639e-11  2.02222e-05 2.02222e-05 
4.73846e-01 3.62165e-11  2.02646e-05 2.02647e-05 
4.74401e-01 2.80898e-11  2.03071e-05 2.03071e-05 
4.74957e-01 2.78173e-11  2.03496e-05 2.03497e-05 
4.75512e-01 3.54646e-11  2.03922e-05 2.03922e-05 
4.76067e-01 5.08374e-11  2.04348e-05 2.04348e-05 
4.76622e-01 7.01531e-11  2.04774e-05 2.04774e-05 
4.77177e-01 8.51959e-11  2.05200e-05 2.05201e-05 
4.77733e-01 8.79725e-11  2.05627e-05 2.05628e-05 
4.78288e-01 7.69478e-11  2.06054e-05 2.06055e-05 
4.78842e-01 5.83482e-11  2.06481e-05 2.06482e-05 
4.79397e-01 4.09951e-11  2.06909e-05 2.06909e-05 
4.79952e-01 3.02616e-11  2.07337e-05 2.07337e-05 
4.80507e-01 2.72123e-11  2.07765e-05 2.07766e-05 
4.81062e-01 3.18773e-11  2.08194e-05 2.08194e-05 
4.81616e-01 4.45804e-11  2.08623e-05 2.08623e-05 
4.82171e-01 6.31754e-11  2.09052e-05 2.09053e-05 
4.82725e-01 8.07552e-11  2.09482e-05 2.09482e-05 
4.83280e-01 8.85017e-11  2.09911e-05 2.09912e-05 
4.83834e-01 8.20711e-11  2.10342e-05 2.10342e-05 
4.84389e-01 6.51790e-11  2.10772e-05 2.10773e-05 
4.84943e-01 4.64711e-11  2.11203e-05 2.11203e-05 
4.85497e-01 3.30343e-11  2.11634e-05 2.11634e-05 
4.86051e-01 2.73406e-11  2.12065e-05 2.12065e-05 
4.86605e-01 2.94128e-11  2.12497e-05 2.12497e-05 
4.87160e-01 3.93443e-11  2.12929e-05 2.12929e-05 
4.87714e-01 5.60590e-11  2.13361e-05 2.13362e-05 
4.88268e-01 7.45159e-11  2.13794e-05 2.13794e-05 
4.88821e-01 8.63980e-11  2.14226e-05 2.14227e-05 
4.89375e-01 8.53293e-11  2.14660e-05 2.14660e-05 
4.89929e-01 7.19430e-11  2.15093e-05 2.15094e-05 
4.90483e-01 5.34109e-11  2.15527e-05 2.15528e-05 
4.91037e-01 3.77700e-11  2.15961e-05 2.15961e-05 
4.91590e-01 2.91265e-11  2.16395e-05 2.16396e-05 
4.92144e-01 2.80621e-11  2.16830e-05 2.16830e-05 
4.92697e-01 3.45986e-11  2.17265e-05 2.17266e-05 
4.93251e-01 4.85399e-11  2.17700e-05 2.17701e-05 
4.93804e-01 6.67894e-11  2.18136e-05 2.18137e-05 
4.94358e-01 8.21476e-11  2.18572e-05 2.18573e-05 
4.94911e-01 8.68279e-11  2.19008e-05 2.19009e-05 
4.95464e-01 7.82333e-11  2.19445e-05 2.19445e-05 
4.96017e-01 6.11451e-11  2.19882e-05 2.19882e-05 
4.96570e-01 4.38171e-11  2.20319e-05 2.20319e-05 
4.97124e-01 3.22012e-11  2.20756e-05 2.20756e-05 
4.97677e-01 2.80836e-11  2.21194e-05 2.21194e-05 
4.98230e-01 3.13703e-11  2.21632e-05 2.21632e-05 
4.98783e-01 4.19247e-11  2.22070e-05 2.22070e-05 
4.99335e-01 5.82181e-11  2.22509e-05 2.22509e-05 
4.99888e-01 7.51406e-11  2.22948e-05 2.22948e-05 
5.00441e-01 8.50594e-11  2.23387e-05 2.23388e-05 
5.00994e-01 8.26839e-11  2.23826e-05 2.23827e-05 
5.01546e-01 6.93361e-11  2.24266e-05 2.24267e-05 
5.02099e-01 5.19243e-11  2.24706e-05 2.24707e-05 
5.02651e-01 3.76094e-11  2.25147e-05 2.25147e-05 
5.03204e-01 2.98963e-11  2.25587e-05 2.25588e-05 
5.03756e-01 2.93197e-11  2.26028e-05 2.26028e-05 
5.04309e-01 3.59213e-11  2.26470e-05 2.26470e-05 
5.04861e-01 4.93431e-11  2.26911e-05 2.26912e-05 
5.05413e-01 6.65033e-11  2.27353e-05 2.27354e-05 
5.05965e-01 8.06859e-11  2.27795e-05 2.27796e-05 
5.06518e-01 8.48193e-11  2.28238e-05 2.28238e-05 
5.07070e-01 7.66920e-11  2.28680e-05 2.28681e-05 
5.07622e-01 6.07579e-11  2.29123e-05 2.29124e-05 
5.08174e-01 4.45041e-11  2.29567e-05 2.29567e-05 
5.08726e-01 3.33834e-11  2.30010e-05 2.30011e-05 
5.09278e-01 2.91904e-11  2.30454e-05 2.30455e-05 
5.09829e-01 3.19589e-11  2.30899e-05 2.30899e-05 
5.10381e-01 4.16087e-11  2.31343e-05 2.31344e-05 
5.10933e-01 5.68593e-11  2.31788e-05 2.31788e-05 
5.11485e-01 7.31212e-11  2.32233e-05 2.32234e-05 
5.12036e-01 8.32249e-11  2.32678e-05 2.32679e-05 
5.12588e-01 8.19105e-11  2.33124e-05 2.33125e-05 
5.13139e-01 6.99610e-11  2.33570e-05 2.33571e-05 
5.13691e-01 5.34822e-11  2.34016e-05 2.34017e-05 
5.14242e-01 3.92254e-11  2.34463e-05 2.34463e-05 
5.14793e-01 3.09412e-11  2.34910e-05 2.34910e-05 
5.15345e-01 2.95584e-11  2.35357e-05 2.35357e-05 
5.15896e-01 3.52062e-11  2.35804e-05 2.35805e-05 
5.16447e-01 4.75752e-11  2.36252e-05 2.36253e-05 
5.16998e-01 6.39955e-11  2.36700e-05 2.36701e-05 
5.17549e-01 7.83456e-11  2.37148e-05 2.37149e-05 
5.18100e-01 8.37528e-11  2.37597e-05 2.37598e-05 
5.18651e-01 7.74486e-11  2.38046e-05 2.38047e-05 
5.19202e-01 6.28685e-11  2.38495e-05 2.38496e-05 
5.19753e-01 4.68497e-11  2.38945e-05 2.38945e-05 
5.20304e-01 3.50392e-11  2.39394e-05 2.39395e-05 
5.20855e-01 2.97931e-11  2.39844e-05 2.39845e-05 
5.21405e-01 3.13874e-11  2.40295e-05 2.40295e-05 
5.21956e-01 3.97495e-11  2.40745e-05 2.40746e-05 
5.22507e-01 5.39040e-11  2.41196e-05 2.41197e-05 
5.23057e-01 6.99411e-11  2.41648e-05 2.41648e-05 
5.23608e-01 8.11860e-11  2.42099e-05 2.42100e-05 
5.24158e-01 8.20428e-11  2.42551e-05 2.42552e-05 
5.24708e-01 7.21334e-11  2.43003e-05 2.43004e-05 
5.25259e-01 5.64829e-11  2.43455e-05 2.43456e-05 
5.25809e-01 4.17550e-11  2.43908e-05 2.43908e-05 
5.26359e-01 3.23779e-11  2.44361e-05 2.44361e-05 
5.26909e-01 2.97474e-11  2.44814e-05 2.44814e-05 
5.27459e-01 3.39398e-11  2.45268e-05 2.45268e-05 
5.28009e-01 4.46903e-11  2.45721e-05 2.45722e-05 
5.28559e-01 5.99846e-11  2.46175e-05 2.46176e-05 
5.29109e-01 7.46438e-11  2.46630e-05 2.46630e-05 
5.29659e-01 8.21105e-11  2.47084e-05 2.47085e-05 
5.30209e-01 7.87035e-11  2.47539e-05 2.47540e-05 
5.30759e-01 6.62782e-11  2.47994e-05 2.47995e-05 
5.31309e-01 5.07537e-11  2.48450e-05 2.48450e-05 
5.31858e-01 3.80781e-11  2.48906e-05 2.48906e-05 
5.32408e-01 3.13422e-11  2.49362e-05 2.49362e-05 
5.32958e-01 3.11091e-11  2.49818e-05 2.49818e-05 
5.33507e-01 3.72967e-11  2.50275e-05 2.50275e-05 
5.34057e-01 4.93768e-11  2.50732e-05 2.50732e-05 
5.34606e-01 6.45711e-11  2.51189e-05 2.51189e-05 
5.35155e-01 7.72140e-11  2.51646e-05 2.51647e-05 
5.35705e-01 8.14223e-11  2.52104e-05 2.52105e-05 
5.36254e-01 7.50878e-11  2.52562e-05 2.52563e-05 
5.36803e-01 6.14179e-11  2.53020e-05 2.53021e-05 
5.37352e-01 4.65790e-11  2.53479e-05 2.53479e-05 
5.37901e-01 3.57173e-11  2.53938e-05 2.53938e-05 
5.38450e-01 3.09935e-11  2.54397e-05 2.54397e-05 
5.38999e-01 3.26608e-11  2.54856e-05 2.54857e-05 
5.39548e-01 4.05699e-11  2.55316e-05 2.55317e-05 
5.40097e-01 5.36069e-11  2.55776e-05 2.55777e-05 
5.40646e-01 6.81532e-11  2.56236e-05 2.56237e-05 
5.41195e-01 7.84698e-11  2.56697e-05 2.56698e-05 
5.41744e-01 7.97313e-11  2.57158e-05 2.57159e-05 
5.42292e-01 7.13244e-11  2.57619e-05 2.57620e-05 
5.42841e-01 5.73558e-11  2.58080e-05 2.58081e-05 
5.43389e-01 4.37337e-11  2.58542e-05 2.58542e-05 
5.43938e-01 3.45992e-11  2.59004e-05 2.59004e-05 
5.44486e-01 3.13772e-11  2.59466e-05 2.59466e-05 
5.45035e-01 3.42772e-11  2.59929e-05 2.59929e-05 
5.45583e-01 4.32185e-11  2.60391e-05 2.60392e-05 
5.46131e-01 5.67201e-11  2.60854e-05 2.60855e-05 
5.46680e-01 7.06287e-11  2.61318e-05 2.61318e-05 
5.47228e-01 7.91542e-11  2.61781e-05 2.61782e-05 
5.47776e-01 7.82012e-11  2.62245e-05 2.62246e-05 
5.48324e-01 6.82787e-11  2.62709e-05 2.62710e-05 
5.48872e-01 5.41390e-11  2.63174e-05 2.63174e-05 
5.49420e-01 4.14060e-11  2.63638e-05 2.63639e-05 
5.49968e-01 3.35572e-11  2.64103e-05 2.64104e-05 
5.50516e-01 3.16918e-11  2.64569e-05 2.64569e-05 
5.51064e-01 3.59280e-11  2.65034e-05 2.65035e-05 
5.51612e-01 4.58615e-11  2.65500e-05 2.65501e-05 
5.52159e-01 5.94917e-11  2.65966e-05 2.65967e-05 
5.52707e-01 7.23894e-11  2.66432e-05 2.66433e-05 
5.53255e-01 7.90755e-11  2.66899e-05 2.66900e-05 
5.53802e-01 7.63329e-11  2.67366e-05 2.67367e-05 
5.54350e-01 6.55579e-11  2.67833e-05 2.67834e-05 
5.54897e-01 5.16928e-11  2.68301e-05 2.68301e-05 
5.55445e-01 3.98578e-11  2.68768e-05 2.68769e-05 
5.55992e-01 3.30148e-11  2.69236e-05 2.69237e-05 
5.56539e-01 3.21297e-11  2.69705e-05 2.69705e-05 
5.57087e-01 3.73349e-11  2.70173e-05 2.70174e-05 
5.57634e-01 4.80434e-11  2.70642e-05 2.70642e-05 
5.58181e-01 6.18133e-11  2.71111e-05 2.71112e-05 
5.58728e-01 7.38356e-11  2.71580e-05 2.71581e-05 
5.59275e-01 7.88402e-11  2.72050e-05 2.72051e-05 
5.59822e-01 7.44736e-11  2.72520e-05 2.72521e-05 
5.60369e-01 6.29542e-11  2.72990e-05 2.72991e-05 
5.60916e-01 4.93758e-11  2.73461e-05 2.73461e-05 
5.61463e-01 3.84963e-11  2.73931e-05 2.73932e-05 
5.62010e-01 3.28507e-11  2.74402e-05 2.74403e-05 
5.62557e-01 3.30752e-11  2.74873e-05 2.74874e-05 
5.63103e-01 3.90575e-11  2.75345e-05 2.75345e-05 
5.63650e-01 5.00154e-11  2.75817e-05 2.75817e-05 
5.64197e-01 6.33383e-11  2.76289e-05 2.76290e-05 
5.64743e-01 7.42593e-11  2.76761e-05 2.76762e-05 
5.65290e-01 7.79705e-11  2.77234e-05 2.77235e-05 
5.65836e-01 7.27438e-11  2.77707e-05 2.77707e-05 
5.66382e-01 6.10895e-11  2.78180e-05 2.78180e-05 
5.66929e-01 4.79653e-11  2.78653e-05 2.78654e-05 
5.67475e-01 3.78237e-11  2.79127e-05 2.79127e-05 
5.68021e-01 3.29406e-11  2.79601e-05 2.79601e-05 
5.68567e-01 3.38427e-11  2.80075e-05 2.80075e-05 
5.69114e-01 4.03792e-11  2.80549e-05 2.80550e-05 
5.69660e-01 5.15510e-11  2.81024e-05 2.81025e-05 
5.70206e-01 6.44215e-11  2.81499e-05 2.81500e-05 
5.70752e-01 7.42730e-11  2.81974e-05 2.81975e-05 
5.71298e-01 7.68673e-11  2.82450e-05 2.82451e-05 
5.71844e-01 7.10730e-11  2.82926e-05 2.82927e-05 
5.72389e-01 5.95865e-11  2.83402e-05 2.83403e-05 
5.72935e-01 4.71605e-11  2.83878e-05 2.83879e-05 
5.73481e-01 3.78480e-11  2.84355e-05 2.84355e-05 
5.74027e-01 3.35613e-11  2.84832e-05 2.84832e-05 
5.74572e-01 3.47064e-11  2.85309e-05 2.85309e-05 
5.75118e-01 4.11979e-11  2.85786e-05 2.85787e-05 
5.75663e-01 5.20907e-11  2.86264e-05 2.86264e-05 
5.76209e-01 6.45078e-11  2.86742e-05 2.86743e-05 
5.76754e-01 7.38905e-11  2.87220e-05 2.87221e-05 
5.77300e-01 7.61644e-11  2.87698e-05 2.87699e-05 
5.77845e-01 7.02821e-11  2.88177e-05 2.88178e-05 
5.78390e-01 5.89693e-11  2.88656e-05 2.88657e-05 
5.78935e-01 4.68961e-11  2.89135e-05 2.89136e-05 
5.79481e-01 3.79233e-11  2.89615e-05 2.89615e-05 
5.80026e-01 3.38685e-11  2.90095e-05 2.90095e-05 
5.80571e-01 3.51712e-11  2.90575e-05 2.90575e-05 
5.81116e-01 4.16801e-11  2.91055e-05 2.91055e-05 
5.81661e-01 5.23118e-11  2.91536e-05 2.91536e-05 
5.82206e-01 6.42635e-11  2.92016e-05 2.92017e-05 
5.82750e-01 7.32604e-11  2.92497e-05 2.92498e-05 
5.83295e-01 7.54535e-11  2.92979e-05 2.92980e-05 
5.83840e-01 6.98350e-11  2.93460e-05 2.93461e-05 
5.84385e-01 5.89805e-11  2.93942e-05 2.93943e-05 
5.84929e-01 4.72724e-11  2.94424e-05 2.94425e-05 
5.85474e-01 3.83722e-11  2.94907e-05 2.94907e-05 
5.86019e-01 3.41543e-11  2.95389e-05 2.95390e-05 
5.86563e-01 3.52153e-11  2.95872e-05 2.95873e-05 
5.87108e-01 4.14878e-11  2.96356e-05 2.96356e-05 
5.87652e-01 5.19452e-11  2.96839e-05 2.96840e-05 
5.88196e-01 6.38340e-11  2.97323e-05 2.97323e-05 
5.88741e-01 7.28644e-11  2.97807e-05 2.97807e-05 
5.89285e-01 7.51740e-11  2.98291e-05 2.98292e-05 
5.89829e-01 6.97725e-11  2.98775e-05 2.98776e-05 
5.90373e-01 5.91606e-11  2.99260e-05 2.99261e-05 
5.90917e-01 4.75913e-11  2.99745e-05 2.99745e-05 
5.91462e-01 3.87248e-11  3.00230e-05 3.00231e-05 
5.92006e-01 3.44884e-11  3.00716e-05 3.00716e-05 
5.92550e-01 3.54049e-11  3.01201e-05 3.01202e-05 
5.93093e-01 4.13235e-11  3.01687e-05 3.01688e-05 
5.93637e-01 5.13234e-11  3.02174e-05 3.02174e-05 
5.94181e-01 6.28912e-11  3.02660e-05 3.02661e-05 
5.94725e-01 7.19599e-11  3.03147e-05 3.03148e-05 
5.95269e-01 7.47378e-11  3.03634e-05 3.03635e-05 
5.95812e-01 7.00169e-11  3.04121e-05 3.04122e-05 
5.96356e-01 5.98999e-11  3.04609e-05 3.04610e-05 
5.96900e-01 4.84302e-11  3.05097e-05 3.05097e-05 
5.97443e-01 3.93685e-11  3.05585e-05 3.05585e-05 
5.97986e-01 3.48121e-11  3.06073e-05 3.06074e-05 
5.98530e-01 3.53715e-11  3.06562e-05 3.06562e-05 
5.99073e-01 4.09303e-11  3.07051e-05 3.07051e-05 
5.99617e-01 5.05642e-11  3.07540e-05 3.07540e-05 
6.00160e-01 6.18110e-11  3.08029e-05 3.08030e-05 
6.00703e-01 7.08243e-11  3.08519e-05 3.08519e-05 
6.01246e-01 7.40124e-11  3.09008e-05 3.09009e-05 
6.01789e-01 7.00455e-11  3.09499e-05 3.09499e-05 
6.02332e-01 6.06698e-11  3.09989e-05 3.09990e-05 
6.02875e-01 4.96488e-11  3.10480e-05 3.10480e-05 
6.03418e-01 4.06273e-11  3.10970e-05 3.10971e-05 
6.03961e-01 3.57002e-11  3.11462e-05 3.11462e-05 
6.04504e-01 3.55763e-11  3.11953e-05 3.11953e-05 
6.05047e-01 4.02933e-11  3.12445e-05 3.12445e-05 
6.05590e-01 4.91360e-11  3.12936e-05 3.12937e-05 
6.06133e-01 5.99762e-11  3.13429e-05 3.13429e-05 
6.06675e-01 6.92668e-11  3.13921e-05 3.13922e-05 
6.07218e-01 7.33502e-11  3.14414e-05 3.14414e-05 
6.07760e-01 7.04682e-11  3.14906e-05 3.14907e-05 
6.08303e-01 6.19232e-11  3.15400e-05 3.15400e-05 
6.08845e-01 5.12379e-11  3.15893e-05 3.15894e-05 
6.09388e-01 4.20463e-11  3.16387e-05 3.16387e-05 
6.09930e-01 3.66187e-11  3.16881e-05 3.16881e-05 
6.10473e-01 3.58240e-11  3.17375e-05 3.17375e-05 
6.11015e-01 3.96937e-11  3.17869e-05 3.17869e-05 
6.11557e-01 4.75805e-11  3.18364e-05 3.18364e-05 
6.12099e-01 5.77595e-11  3.18859e-05 3.18859e-05 
6.12641e-01 6.71686e-11  3.19354e-05 3.19354e-05 
6.13184e-01 7.22498e-11  3.19849e-05 3.19850e-05 
6.13726e-01 7.08475e-11  3.20345e-05 3.20346e-05 
6.14268e-01 6.36054e-11  3.20841e-05 3.20841e-05 
6.14810e-01 5.34954e-11  3.21337e-05 3.21337e-05 
6.15351e-01 4.40337e-11  3.21833e-05 3.21834e-05 
6.15893e-01 3.77739e-11  3.22330e-05 3.22330e-05 
6.16435e-01 3.59110e-11  3.22827e-05 3.22827e-05 
6.16977e-01 3.86819e-11  3.23324e-05 3.23324e-05 
6.17519e-01 4.56656e-11  3.23821e-05 3.23822e-05 
6.18060e-01 5.54234e-11  3.24319e-05 3.24320e-05 
6.18602e-01 6.51002e-11  3.24817e-05 3.24818e-05 
6.19143e-01 7.11577e-11  3.25315e-05 3.25316e-05 
6.19685e-01 7.11683e-11  3.25813e-05 3.25814e-05 
6.20226e-01 6.52069e-11  3.26312e-05 3.26313e-05 
6.20768e-01 5.57252e-11  3.26811e-05 3.26811e-05 
6.21309e-01 4.61413e-11  3.27310e-05 3.27311e-05 
6.21850e-01 3.92207e-11  3.27809e-05 3.27810e-05 
6.22392e-01 3.63499e-11  3.28309e-05 3.28309e-05 
6.22933e-01 3.79098e-11  3.28809e-05 3.28809e-05 
6.23474e-01 4.37314e-11  3.29309e-05 3.29309e-05 
6.24015e-01 5.27649e-11  3.29809e-05 3.29810e-05 
6.24556e-01 6.25617e-11  3.30310e-05 3.30311e-05 
6.25097e-01 6.97282e-11  3.30811e-05 3.30812e-05 
6.25638e-01 7.14352e-11  3.31312e-05 3.31313e-05 
6.26179e-01 6.69711e-11  3.31813e-05 3.31814e-05 
6.26720e-01 5.81937e-11  3.32315e-05 3.32315e-05 
6.27261e-01 4.84407e-11  3.32817e-05 3.32817e-05 
6.27802e-01 4.07455e-11  3.33319e-05 3.33319e-05 
6.28342e-01 3.68367e-11  3.33821e-05 3.33821e-05 
6.28883e-01 3.73257e-11  3.34324e-05 3.34324e-05 
6.29424e-01 4.21194e-11  3.34826e-05 3.34827e-05 
6.29964e-01 5.03080e-11  3.35330e-05 3.35330e-05 
6.30505e-01 5.98421e-11  3.35833e-05 3.35833e-05 
6.31045e-01 6.77013e-11  3.36336e-05 3.36337e-05 
6.31586e-01 7.09381e-11  3.36840e-05 3.36841e-05 
6.32126e-01 6.82220e-11  3.37344e-05 3.37345e-05 
6.32667e-01 6.06951e-11  3.37848e-05 3.37849e-05 
6.33207e-01 5.12614e-11  3.38353e-05 3.38353e-05 
6.33747e-01 4.29758e-11  3.38858e-05 3.38858e-05 
6.34287e-01 3.79202e-11  3.39363e-05 3.39363e-05 
6.34827e-01 3.70477e-11  3.39868e-05 3.39868e-05 
6.35368e-01 4.04774e-11  3.40373e-05 3.40374e-05 
6.35908e-01 4.76014e-11  3.40879e-05 3.40880e-05 
6.36448e-01 5.68025e-11  3.41385e-05 3.41386e-05 
6.36988e-01 6.53119e-11  3.41891e-05 3.41892e-05 
6.37527e-01 7.00284e-11  3.42398e-05 3.42398e-05 
6.38067e-01 6.91136e-11  3.42904e-05 3.42905e-05 
6.38607e-01 6.30357e-11  3.43411e-05 3.43412e-05 
6.39147e-01 5.41951e-11  3.43919e-05 3.43919e-05 
6.39687e-01 4.56079e-11  3.44426e-05 3.44426e-05 
6.40226e-01 3.96387e-11  3.44934e-05 3.44934e-05 
6.40766e-01 3.74616e-11  3.45441e-05 3.45442e-05 
6.41306e-01 3.93277e-11  3.45950e-05 3.45950e-05 
6.41845e-01 4.49417e-11  3.46458e-05 3.46458e-05 
6.42385e-01 5.32427e-11  3.46967e-05 3.46967e-05 
6.42924e-01 6.20027e-11  3.47475e-05 3.47476e-05 
6.43463e-01 6.82516e-11  3.47985e-05 3.47985e-05 
6.44003e-01 6.96018e-11  3.48494e-05 3.48495e-05 
6.44542e-01 6.55170e-11  3.49003e-05 3.49004e-05 
6.45081e-01 5.76218e-11  3.49513e-05 3.49514e-05 
6.45621e-01 4.88144e-11  3.50023e-05 3.50024e-05 
6.46160e-01 4.17940e-11  3.50534e-05 3.50534e-05 
6.46699e-01 3.81419e-11  3.51044e-05 3.51044e-05 
6.47238e-01 3.84226e-11  3.51555e-05 3.51555e-05 
6.47777e-01 4.25660e-11  3.52066e-05 3.52066e-05 
6.48316e-01 4.97977e-11  3.52577e-05 3.52578e-05 
6.48855e-01 5.83631e-11  3.53089e-05 3.53089e-05 
6.49394e-01 6.56703e-11  3.53600e-05 3.53601e-05 
6.49932e-01 6.91176e-11  3.54112e-05 3.54113e-05 
6.50471e-01 6.73420e-11  3.54624e-05 3.54625e-05 
6.51010e-01 6.10533e-11  3.55137e-05 3.55137e-05 
6.51549e-01 5.26315e-11  3.55650e-05 3.55650e-05 
6.52087e-01 4.48036e-11  3.56162e-05 3.56163e-05 
6.52626e-01 3.95795e-11  3.56676e-05 3.56676e-05 
6.53164e-01 3.80120e-11  3.57189e-05 3.57189e-05 
6.53703e-01 4.03792e-11  3.57702e-05 3.57703e-05 
6.54241e-01 4.62738e-11  3.58216e-05 3.58217e-05 
6.54780e-01 5.44317e-11  3.58730e-05 3.58731e-05 
6.55318e-01 6.25799e-11  3.59245e-05 3.59245e-05 
6.55857e-01 6.79319e-11  3.59759e-05 3.59760e-05 
6.56395e-01 6.84646e-11  3.60274e-05 3.60275e-05 
6.56933e-01 6.40388e-11  3.60789e-05 3.60790e-05 
6.57471e-01 5.63969e-11  3.61304e-05 3.61305e-05 
6.58009e-01 4.81757e-11  3.61820e-05 3.61820e-05 
6.58547e-01 4.17516e-11  3.62335e-05 3.62336e-05 
6.59085e-01 3.85585e-11  3.62851e-05 3.62852e-05 
6.59623e-01 3.91011e-11  3.63368e-05 3.63368e-05 
6.60161e-01 4.32829e-11  3.63884e-05 3.63884e-05 
6.60699e-01 5.03693e-11  3.64401e-05 3.64401e-05 
6.61237e-01 5.86297e-11  3.64918e-05 3.64918e-05 
6.61775e-01 6.54816e-11  3.65435e-05 3.65435e-05 
6.62313e-01 6.84720e-11  3.65952e-05 3.65953e-05 
6.62850e-01 6.64652e-11  3.66470e-05 3.66470e-05 
6.63388e-01 6.02364e-11  3.66987e-05 3.66988e-05 
6.63926e-01 5.20850e-11  3.67505e-05 3.67506e-05 
6.64463e-01 4.46609e-11  3.68024e-05 3.68024e-05 
6.65001e-01 3.98700e-11  3.68542e-05 3.68543e-05 
6.65538e-01 3.86139e-11  3.69061e-05 3.69061e-05 
6.66076e-01 4.10742e-11  3.69580e-05 3.69580e-05 
6.66613e-01 4.67880e-11  3.70099e-05 3.70100e-05 
6.67150e-01 5.44600e-11  3.70619e-05 3.70619e-05 
6.67688e-01 6.19776e-11  3.71138e-05 3.71139e-05 
6.68225e-01 6.69089e-11  3.71658e-05 3.71659e-05 
6.68762e-01 6.74558e-11  3.72178e-05 3.72179e-05 
6.69299e-01 6.34115e-11  3.72699e-05 3.72699e-05 
6.69836e-01 5.63190e-11  3.73219e-05 3.73220e-05 
6.70373e-01 4.85992e-11  3.73740e-05 3.73741e-05 
6.70910e-01 4.24441e-11  3.74261e-05 3.74262e-05 
6.71447e-01 3.92640e-11  3.74782e-05 3.74783e-05 
6.71984e-01 3.96581e-11  3.75304e-05 3.75304e-05 
6.72521e-01 4.35328e-11  3.75826e-05 3.75826e-05 
6.73058e-01 5.01071e-11  3.76348e-05 3.76348e-05 
6.73595e-01 5.77730e-11  3.76870e-05 3.76870e-05 
6.74131e-01 6.42064e-11  3.77392e-05 3.77393e-05 
6.74668e-01 6.71686e-11  3.77915e-05 3.77916e-05 
6.75205e-01 6.56173e-11  3.78438e-05 3.78438e-05 
6.75741e-01 6.02087e-11  3.78961e-05 3.78962e-05 
6.76278e-01 5.28801e-11  3.79484e-05 3.79485e-05 
6.76814e-01 4.59382e-11  3.80008e-05 3.80008e-05 
6.77351e-01 4.11917e-11  3.80532e-05 3.80532e-05 
6.77887e-01 3.95648e-11  3.81056e-05 3.81056e-05 
6.78424e-01 4.12797e-11  3.81580e-05 3.81580e-05 
6.78960e-01 4.60684e-11  3.82104e-05 3.82105e-05 
6.79496e-01 5.29741e-11  3.82629e-05 3.82630e-05 
6.80032e-01 6.01601e-11  3.83154e-05 3.83155e-05 
6.80569e-01 6.53298e-11  3.83679e-05 3.83680e-05 
6.81105e-01 6.66541e-11  3.84205e-05 3.84205e-05 
6.81641e-01 6.36381e-11  3.84730e-05 3.84731e-05 
6.82177e-01 5.74079e-11  3.85256e-05 3.85257e-05 
6.82713e-01 5.01432e-11  3.85782e-05 3.85783e-05 
6.83249e-01 4.40102e-11  3.86308e-05 3.86309e-05 
6.83785e-01 4.04425e-11  3.86835e-05 3.86835e-05 
6.84321e-01 4.00950e-11  3.87362e-05 3.87362e-05 
6.84856e-01 4.30045e-11  3.87889e-05 3.87889e-05 
6.85392e-01 4.85839e-11  3.88416e-05 3.88416e-05 
6.85928e-01 5.55486e-11  3.88943e-05 3.88944e-05 
6.86464e-01 6.19858e-11  3.89471e-05 3.89472e-05 
6.86999e-01 6.58003e-11  3.89999e-05 3.89999e-05 
6.87535e-01 6.56015e-11  3.90527e-05 3.90528e-05 
6.88070e-01 6.14721e-11  3.91055e-05 3.91056e-05 
6.88606e-01 5.49018e-11  3.91584e-05 3.91584e-05 
6.89141e-01 4.79968e-11  3.92113e-05 3.92113e-05 
6.89677e-01 4.26609e-11  3.92642e-05 3.92642e-05 
6.90212e-01 4.01308e-11  3.93171e-05 3.93171e-05 
6.90748e-01 4.08783e-11  3.93700e-05 3.93701e-05 
6.91283e-01 4.47331e-11  3.94230e-05 3.94230e-05 
6.91818e-01 5.09036e-11  3.94760e-05 3.94760e-05 
6.92353e-01 5.78413e-11  3.95290e-05 3.95290e-05 
6.92888e-01 6.34389e-11  3.95820e-05 3.95821e-05 
6.93423e-01 6.58211e-11  3.96351e-05 3.96351e-05 
6.93958e-01 6.41972e-11  3.96882e-05 3.96882e-05 
6.94493e-01 5.91817e-11  3.97413e-05 3.97413e-05 
6.95028e-01 5.24866e-11  3.97944e-05 3.97944e-05 
6.95563e-01 4.61709e-11  3.98475e-05 3.98476e-05 
6.96098e-01 4.18497e-11  3.99007e-05 3.99007e-05 
6.96633e-01 4.03855e-11  3.99539e-05 3.99539e-05 
6.97168e-01 4.20443e-11  4.00071e-05 4.00071e-05 
6.97703e-01 4.65600e-11  4.00603e-05 4.00604e-05 
6.98237e-01 5.29528e-11  4.01136e-05 4.01136e-05 
6.98772e-01 5.95108e-11  4.01669e-05 4.01669e-05 
6.99306e-01 6.41997e-11  4.02202e-05 4.02202e-05 
6.99841e-01 6.54024e-11  4.02735e-05 4.02736e-05 
7.00376e-01 6.26890e-11  4.03268e-05 4.03269e-05 
7.00910e-01 5.70836e-11  4.03802e-05 4.03803e-05 
7.01444e-01 5.05027e-11  4.04336e-05 4.04336e-05 
7.01979e-01 4.48432e-11  4.04870e-05 4.04870e-05 
7.02513e-01 4.14374e-11  4.05404e-05 4.05405e-05 
7.03047e-01 4.09495e-11  4.05939e-05 4.05939e-05 
7.03582e-01 4.34222e-11  4.06474e-05 4.06474e-05 
7.04116e-01 4.83365e-11  4.07009e-05 4.07009e-05 
7.04650e-01 5.46036e-11  4.07544e-05 4.07544e-05 
7.05184e-01 6.05549e-11  4.08079e-05 4.08080e-05 
7.05718e-01 6.43037e-11  4.08615e-05 4.08616e-05 
7.06252e-01 6.45507e-11  4.09151e-05 4.09151e-05 
7.06786e-01 6.12321e-11  4.09687e-05 4.09688e-05 
7.07320e-01 5.55035e-11  4.10223e-05 4.10224e-05 
7.07854e-01 4.91922e-11  4.10760e-05 4.10760e-05 
7.08388e-01 4.40818e-11  4.11296e-05 4.11297e-05 
7.08922e-01 4.13637e-11  4.11833e-05 4.11834e-05 
7.09455e-01 4.15235e-11  4.12371e-05 4.12371e-05 
7.09989e-01 4.45030e-11  4.12908e-05 4.12909e-05 
7.10523e-01 4.97043e-11  4.13446e-05 4.13446e-05 
7.11056e-01 5.58673e-11  4.13983e-05 4.13984e-05 
7.11590e-01 6.12519e-11  4.14522e-05 4.14522e-05 
7.12123e-01 6.41900e-11  4.15060e-05 4.15060e-05 
7.12657e-01 6.37095e-11  4.15598e-05 4.15599e-05 
7.13190e-01 5.99717e-11  4.16137e-05 4.16138e-05 
7.13724e-01 5.42475e-11  4.16676e-05 4.16676e-05 
7.14257e-01 4.83128e-11  4.17215e-05 4.17216e-05 
7.14790e-01 4.37165e-11  4.17754e-05 4.17755e-05 
7.15324e-01 4.14636e-11  4.18294e-05 4.18294e-05 
7.15857e-01 4.20224e-11  4.18834e-05 4.18834e-05 
7.16390e-01 4.53104e-11  4.19374e-05 4.19374e-05 
7.16923e-01 5.06366e-11  4.19914e-05 4.19915e-05 
7.17456e-01 5.67024e-11  4.20454e-05 4.20455e-05 
7.17989e-01 6.17648e-11  4.20995e-05 4.20996e-05 
7.18522e-01 6.41639e-11  4.21536e-05 4.21537e-05 
7.19055e-01 6.30903e-11  4.22077e-05 4.22078e-05 
7.19588e-01 5.89799e-11  4.22618e-05 4.22619e-05 
7.20121e-01 5.32203e-11  4.23160e-05 4.23160e-05 
7.20654e-01 4.75223e-11  4.23702e-05 4.23702e-05 
7.21187e-01 4.33566e-11  4.24244e-05 4.24244e-05 
7.21719e-01 4.16114e-11  4.24786e-05 4.24786e-05 
7.22252e-01 4.25724e-11  4.25328e-05 4.25329e-05 
7.22785e-01 4.60649e-11  4.25871e-05 4.25871e-05 
7.23317e-01 5.14099e-11  4.26413e-05 4.26414e-05 
7.23850e-01 5.72903e-11  4.26956e-05 4.26957e-05 
7.24382e-01 6.19792e-11  4.27500e-05 4.27500e-05 
7.24915e-01 6.39629e-11  4.28043e-05 4.28044e-05 
7.25447e-01 6.25600e-11  4.28587e-05 4.28587e-05 
7.25980e-01 5.82384e-11  4.29131e-05 4.29131e-05 
7.26512e-01 5.24456e-11  4.29675e-05 4.29675e-05 
7.27044e-01 4.69447e-11  4.30219e-05 4.30220e-05 
7.27577e-01 4.31227e-11  4.30764e-05 4.30764e-05 
7.28109e-01 4.17560e-11  4.31308e-05 4.31309e-05 
7.28641e-01 4.30818e-11  4.31853e-05 4.31854e-05 
7.29173e-01 4.68122e-11  4.32398e-05 4.32399e-05 
7.29705e-01 5.21107e-11  4.32944e-05 4.32944e-05 
7.30237e-01 5.76688e-11  4.33489e-05 4.33490e-05 
7.30769e-01 6.19197e-11  4.34035e-05 4.34036e-05 
7.31301e-01 6.34997e-11  4.34581e-05 4.34582e-05 
7.31833e-01 6.18684e-11  4.35127e-05 4.35128e-05 
7.32365e-01 5.75938e-11  4.35674e-05 4.35674e-05 
7.32897e-01 5.20410e-11  4.36220e-05 4.36221e-05 
7.33429e-01 4.67989e-11  4.36767e-05 4.36768e-05 
7.33960e-01 4.32023e-11  4.37314e-05 4.37315e-05 
7.34492e-01 4.20371e-11  4.37862e-05 4.37862e-05 
7.35024e-01 4.34887e-11  4.38409e-05 4.38409e-05 
7.35555e-01 4.72381e-11  4.38957e-05 4.38957e-05 
7.36087e-01 5.24579e-11  4.39505e-05 4.39505e-05 
7.36618e-01 5.77982e-11  4.40053e-05 4.40053e-05 
7.37150e-01 6.17042e-11  4.40601e-05 4.40602e-05 
7.37681e-01 6.29922e-11  4.41150e-05 4.41150e-05 
7.38213e-01 6.12854e-11  4.41698e-05 4.41699e-05 
7.38744e-01 5.71438e-11  4.42247e-05 4.42248e-05 
7.39275e-01 5.18637e-11  4.42796e-05 4.42797e-05 
7.39806e-01 4.69480e-11  4.43346e-05 4.43346e-05 
7.40338e-01 4.35745e-11  4.43895e-05 4.43896e-05 
7.40869e-01 4.24317e-11  4.44445e-05 4.44446e-05 
7.41400e-01 4.37686e-11  4.44995e-05 4.44996e-05 
7.41931e-01 4.73447e-11  4.45545e-05 4.45546e-05 
7.42462e-01 5.23581e-11  4.46096e-05 4.46096e-05 
7.42993e-01 5.75345e-11  4.46646e-05 4.46647e-05 
7.43524e-01 6.13879e-11  4.47197e-05 4.47198e-05 
7.44055e-01 6.26902e-11  4.47748e-05 4.47749e-05 
7.44586e-01 6.10297e-11  4.48300e-05 4.48300e-05 
7.45117e-01 5.70124e-11  4.48851e-05 4.48852e-05 
7.45647e-01 5.19138e-11  4.49403e-05 4.49403e-05 
7.46178e-01 4.71459e-11  4.49955e-05 4.49955e-05 
7.46709e-01 4.38664e-11  4.50507e-05 4.50507e-05 
7.47239e-01 4.27543e-11  4.51059e-05 4.51059e-05 
7.47770e-01 4.39817e-11  4.51611e-05 4.51612e-05 
7.48301e-01 4.73134e-11  4.52164e-05 4.52165e-05 
7.48831e-01 5.20846e-11  4.52717e-05 4.52718e-05 
7.49362e-01 5.71174e-11  4.53270e-05 4.53271e-05 
7.49892e-01 6.09528e-11  4.53823e-05 4.53824e-05 
7.50422e-01 6.23952e-11  4.54377e-05 4.54378e-05 
7.50953e-01 6.09820e-11  4.54931e-05 4.54931e-05 
7.51483e-01 5.71640e-11  4.55485e-05 4.55485e-05 
7.52013e-01 5.21509e-11  4.56039e-05 4.56039e-05 
7.52544e-01 4.74077e-11  4.56593e-05 4.56594e-05 
7.53074e-01 4.41045e-11  4.57148e-05 4.57148e-05 
7.53604e-01 4.29127e-11  4.57703e-05 4.57703e-05 
7.54134e-01 4.40509e-11  4.58258e-05 4.58258e-05 
7.54664e-01 4.72771e-11  4.58813e-05 4.58813e-05 
7.55194e-01 5.18636e-11  4.59368e-05 4.59369e-05 
7.55724e-01 5.66941e-11  4.59924e-05 4.59924e-05 
7.56254e-01 6.04577e-11  4.60479e-05 4.60480e-05 
7.56784e-01 6.19993e-11  4.61035e-05 4.61036e-05 
7.57314e-01 6.08111e-11  4.61592e-05 4.61592e-05 
7.57844e-01 5.72950e-11  4.62148e-05 4.62149e-05 
7.58373e-01 5.25411e-11  4.62705e-05 4.62705e-05 
7.58903e-01 4.78785e-11  4.63262e-05 4.63262e-05 
7.59433e-01 4.44930e-11  4.63819e-05 4.63819e-05 
7.59962e-01 4.31506e-11  4.64376e-05 4.64376e-05 
7.60492e-01 4.40914e-11  4.64933e-05 4.64934e-05 
7.61021e-01 4.70944e-11  4.65491e-05 4.65491e-05 
7.61551e-01 5.15039e-11  4.66049e-05 4.66049e-05 
7.62080e-01 5.62159e-11  4.66607e-05 4.66607e-05 
7.62610e-01 5.99125e-11  4.67165e-05 4.67166e-05 
7.63139e-01 6.15249e-11  4.67723e-05 4.67724e-05 
7.63669e-01 6.05970e-11  4.68282e-05 4.68283e-05 
7.64198e-01 5.74240e-11  4.68841e-05 4.68842e-05 
7.64727e-01 5.29724e-11  4.69400e-05 4.69401e-05 
7.65256e-01 4.85122e-11  4.69959e-05 4.69960e-05 
7.65785e-01 4.51465e-11  4.70519e-05 4.70519e-05 
7.66315e-01 4.35912e-11  4.71078e-05 4.71079e-05 
7.66844e-01 4.41737e-11  4.71638e-05 4.71639e-05 
7.67373e-01 4.67910e-11  4.72198e-05 4.72199e-05 
7.67902e-01 5.08620e-11  4.72759e-05 4.72759e-05 
7.68431e-01 5.54008e-11  4.73319e-05 4.73320e-05 
7.68960e-01 5.91897e-11  4.73880e-05 4.73880e-05 
7.69488e-01 6.10953e-11  4.74441e-05 4.74441e-05 
7.70017e-01 6.05316e-11  4.75002e-05 4.75002e-05 
7.70546e-01 5.77329e-11  4.75563e-05 4.75564e-05 
7.71075e-01 5.35866e-11  4.76125e-05 4.76125e-05 
7.71604e-01 4.92528e-11  4.76686e-05 4.76687e-05 
7.72132e-01 4.58270e-11  4.77248e-05 4.77249e-05 
7.72661e-01 4.40689e-11  4.77810e-05 4.77811e-05 
7.73189e-01 4.42865e-11  4.78373e-05 4.78373e-05 
7.73718e-01 4.64174e-11  4.78935e-05 4.78936e-05 
7.74246e-01 5.00641e-11  4.79498e-05 4.79498e-05 
7.74775e-01 5.44056e-11  4.80061e-05 4.80061e-05 
7.75303e-01 5.82844e-11  4.80624e-05 4.80624e-05 
7.75832e-01 6.05760e-11  4.81187e-05 4.81188e-05 
7.76360e-01 6.05823e-11  4.81751e-05 4.81751e-05 
7.76888e-01 5.82894e-11  4.82314e-05 4.82315e-05 
7.77417e-01 5.44151e-11  4.82878e-05 4.82879e-05 
7.77945e-01 5.01191e-11  4.83442e-05 4.83443e-05 
7.78473e-01 4.65218e-11  4.84007e-05 4.84007e-05 
7.79001e-01 4.44203e-11  4.84571e-05 4.84572e-05 
7.79529e-01 4.42411e-11  4.85136e-05 4.85136e-05 
7.80057e-01 4.60069e-11  4.85701e-05 4.85701e-05 
7.80585e-01 4.93198e-11  4.86266e-05 4.86266e-05 
7.81113e-01 5.34360e-11  4.86831e-05 4.86832e-05 
7.81641e-01 5.73535e-11  4.87397e-05 4.87397e-05 
7.82169e-01 5.99794e-11  4.87962e-05 4.87963e-05 
7.82697e-01 6.05084e-11  4.88528e-05 4.88529e-05 
7.83224e-01 5.87849e-11  4.89094e-05 4.89095e-05 
7.83752e-01 5.53336e-11  4.89661e-05 4.89661e-05 
7.84280e-01 5.11344e-11  4.90227e-05 4.90228e-05 
7.84808e-01 4.73220e-11  4.90794e-05 4.90794e-05 
7.85335e-01 4.48432e-11  4.91361e-05 4.91361e-05 
7.85863e-01 4.42184e-11  4.91928e-05 4.91928e-05 
7.86390e-01 4.55423e-11  4.92495e-05 4.92495e-05 
7.86918e-01 4.85344e-11  4.93062e-05 4.93063e-05 
7.87445e-01 5.25053e-11  4.93630e-05 4.93631e-05 
7.87973e-01 5.64429e-11  4.94198e-05 4.94198e-05 
7.88500e-01 5.92991e-11  4.94766e-05 4.94767e-05 
7.89027e-01 6.02861e-11  4.95334e-05 4.95335e-05 
7.89555e-01 5.91064e-11  4.95903e-05 4.95903e-05 
7.90082e-01 5.61077e-11  4.96471e-05 4.96472e-05 
7.90609e-01 5.21734e-11  4.97040e-05 4.97041e-05 
7.91136e-01 4.83539e-11  4.97609e-05 4.97610e-05 
7.91663e-01 4.55586e-11  4.98178e-05 4.98179e-05 
7.92191e-01 4.44193e-11  4.98748e-05 4.98748e-05 
7.92718e-01 4.51889e-11  4.99318e-05 4.99318e-05 
7.93245e-01 4.76885e-11  4.99887e-05 4.99888e-05 
7.93772e-01 5.13573e-11  5.00457e-05 5.00458e-05 
7.94298e-01 5.53140e-11  5.01028e-05 5.01028e-05 
7.94825e-01 5.84855e-11  5.01598e-05 5.01599e-05 
7.95352e-01 5.99568e-11  5.02169e-05 5.02169e-05 
7.95879e-01 5.93430e-11  5.02739e-05 5.02740e-05 
7.96406e-01 5.68781e-11  5.03310e-05 5.03311e-05 
7.96932e-01 5.32745e-11  5.03882e-05 5.03882e-05 
7.97459e-01 4.95063e-11  5.04453e-05 5.04454e-05 
7.97986e-01 4.65070e-11  5.05025e-05 5.05025e-05 
7.98512e-01 4.49124e-11  5.05596e-05 5.05597e-05 
7.99039e-01 4.50280e-11  5.06168e-05 5.06169e-05 
7.99565e-01 4.68651e-11  5.06741e-05 5.06741e-05 
8.00092e-01 5.00646e-11  5.07313e-05 5.07313e-05 
8.00618e-01 5.38733e-11  5.07886e-05 5.07886e-05 
8.01145e-01 5.73128e-11  5.08458e-05 5.08459e-05 
8.01671e-01 5.94302e-11  5.09031e-05 5.09032e-05 
8.02197e-01 5.95893e-11  5.09604e-05 5.09605e-05 
8.02724e-01 5.77567e-11  5.10178e-05 5.10178e-05 
8.03250e-01 5.45274e-11  5.10751e-05 5.10752e-05 
8.03776e-01 5.08214e-11  5.11325e-05 5.11325e-05 
8.04302e-01 4.75589e-11  5.11899e-05 5.11899e-05 
8.04828e-01 4.54779e-11  5.12473e-05 5.12473e-05 
8.05354e-01 4.50015e-11  5.13047e-05 5.13048e-05 
8.05880e-01 4.61894e-11  5.13622e-05 5.13622e-05 
8.06406e-01 4.88044e-11  5.14196e-05 5.14197e-05 
8.06932e-01 5.23247e-11  5.14771e-05 5.14772e-05 
8.07458e-01 5.59124e-11  5.15346e-05 5.15347e-05 
8.07984e-01 5.85878e-11  5.15922e-05 5.15922e-05 
8.08510e-01 5.95825e-11  5.16497e-05 5.16498e-05 
8.09036e-01 5.85988e-11  5.17073e-05 5.17073e-05 
8.09561e-01 5.59097e-11  5.17649e-05 5.17649e-05 
8.10087e-01 5.23015e-11  5.18225e-05 5.18225e-05 
8.10613e-01 4.87791e-11  5.18801e-05 5.18801e-05 
8.11138e-01 4.61886e-11  5.19377e-05 5.19378e-05 
8.11664e-01 4.50581e-11  5.19954e-05 5.19954e-05 
8.12190e-01 4.56041e-11  5.20531e-05 5.20531e-05 
8.12715e-01 4.77022e-11  5.21108e-05 5.21108e-05 
8.13241e-01 5.08845e-11  5.21685e-05 5.21685e-05 
8.13766e-01 5.44340e-11  5.22262e-05 5.22263e-05 
8.14291e-01 5.74865e-11  5.22840e-05 5.22840e-05 
8.14817e-01 5.91956e-11  5.23418e-05 5.23418e-05 
8.15342e-01 5.90461e-11  5.23995e-05 5.23996e-05 
8.15867e-01 5.70872e-11  5.24574e-05 5.24574e-05 
8.16392e-01 5.38774e-11  5.25152e-05 5.25152e-05 
8.16918e-01 5.02781e-11  5.25730e-05 5.25731e-05 
8.17443e-01 4.72202e-11  5.26309e-05 5.26310e-05 
8.17968e-01 4.54318e-11  5.26888e-05 5.26888e-05 
8.18493e-01 4.52642e-11  5.27467e-05 5.27468e-05 
8.19018e-01 4.67172e-11  5.28046e-05 5.28047e-05 
8.19543e-01 4.94812e-11  5.28626e-05 5.28626e-05 
8.20068e-01 5.29174e-11  5.29206e-05 5.29206e-05 
8.20593e-01 5.61688e-11  5.29785e-05 5.29786e-05 
8.21118e-01 5.84112e-11  5.30365e-05 5.30366e-05 
8.21642e-01 5.90578e-11  5.30946e-05 5.30946e-05 
8.22167e-01 5.79143e-11  5.31526e-05 5.31527e-05 
8.22692e-01 5.52974e-11  5.32107e-05 5.32107e-05 
8.23217e-01 5.19378e-11  5.32687e-05 5.32688e-05 
8.23741e-01 4.86910e-11  5.33268e-05 5.33269e-05 
8.24266e-01 4.63142e-11  5.33850e-05 5.33850e-05 
8.24791e-01 4.53489e-11  5.34431e-05 5.34431e-05 
8.25315e-01 4.60018e-11  5.35012e-05 5.35013e-05 
8.25840e-01 4.81040e-11  5.35594e-05 5.35595e-05 
8.26364e-01 5.11856e-11  5.36176e-05 5.36177e-05 
8.26888e-01 5.45334e-11  5.36758e-05 5.36759e-05 
8.27413e-01 5.72844e-11  5.37341e-05 5.37341e-05 
8.27937e-01 5.86954e-11  5.37923e-05 5.37924e-05 
8.28461e-01 5.84175e-11  5.38506e-05 5.38506e-05 
8.28986e-01 5.65593e-11  5.39089e-05 5.39089e-05 
8.29510e-01 5.36236e-11  5.39672e-05 5.39672e-05 
8.30034e-01 5.03831e-11  5.40255e-05 5.40255e-05 
8.30558e-01 4.76316e-11  5.40838e-05 5.40839e-05 
8.31082e-01 4.59552e-11  5.41422e-05 5.41422e-05 
8.31606e-01 4.56914e-11  5.42006e-05 5.42006e-05 
8.32130e-01 4.69294e-11  5.42590e-05 5.42590e-05 
8.32654e-01 4.94270e-11  5.43174e-05 5.43174e-05 
8.33178e-01 5.26087e-11  5.43758e-05 5.43759e-05 
8.33702e-01 5.57042e-11  5.44343e-05 5.44343e-05 
8.34226e-01 5.79112e-11  5.44927e-05 5.44928e-05 
8.34750e-01 5.86088e-11  5.45512e-05 5.45513e-05 
8.35274e-01 5.76164e-11  5.46097e-05 5.46098e-05 
8.35797e-01 5.52622e-11  5.46683e-05 5.46683e-05 
8.36321e-01 5.21942e-11  5.47268e-05 5.47269e-05 
8.36845e-01 4.91681e-11  5.47854e-05 5.47854e-05 
8.37368e-01 4.68889e-11  5.48440e-05 5.48440e-05 
8.37892e-01 4.58406e-11  5.49026e-05 5.49026e-05 
8.38416e-01 4.62093e-11  5.49612e-05 5.49612e-05 
8.38939e-01 4.79303e-11  5.50198e-05 5.50199e-05 
8.39463e-01 5.06810e-11  5.50785e-05 5.50785e-05 
8.39986e-01 5.38357e-11  5.51372e-05 5.51372e-05 
8.40509e-01 5.65927e-11  5.51959e-05 5.51959e-05 
8.41033e-01 5.82247e-11  5.52546e-05 5.52546e-05 
8.41556e-01 5.82761e-11  5.53133e-05 5.53134e-05 
8.42079e-01 5.67168e-11  5.53721e-05 5.53721e-05 
8.42603e-01 5.40052e-11  5.54308e-05 5.54309e-05 
8.43126e-01 5.09034e-11  5.54896e-05 5.54897e-05 
8.43649e-01 4.81710e-11  5.55484e-05 5.55485e-05 
8.44172e-01 4.64007e-11  5.56073e-05 5.56073e-05 
8.44695e-01 4.59577e-11  5.56661e-05 5.56661e-05 
8.45218e-01 4.69118e-11  5.57250e-05 5.57250e-05 
8.45741e-01 4.90427e-11  5.57838e-05 5.57839e-05 
8.46264e-01 5.19111e-11  5.58427e-05 5.58428e-05 
8.46787e-01 5.48779e-11  5.59016e-05 5.59017e-05 
8.47310e-01 5.71808e-11  5.59606e-05 5.59606e-05 
8.47833e-01 5.81879e-11  5.60195e-05 5.60196e-05 
8.48356e-01 5.76324e-11  5.60785e-05 5.60786e-05 
8.48878e-01 5.56667e-11  5.61375e-05 5.61376e-05 
8.49401e-01 5.28180e-11  5.61965e-05 5.61966e-05 
8.49924e-01 4.98510e-11  5.62555e-05 5.62556e-05 
8.50446e-01 4.74981e-11  5.63146e-05 5.63146e-05 
8.50969e-01 4.62523e-11  5.63736e-05 5.63737e-05 
8.51492e-01 4.63465e-11  5.64327e-05 5.64328e-05 
8.52014e-01 4.77518e-11  5.64918e-05 5.64919e-05 
8.52537e-01 5.01425e-11  5.65509e-05 5.65510e-05 
8.53059e-01 5.29692e-11  5.66101e-05 5.66101e-05 
8.53581e-01 5.55942e-11  5.66692e-05 5.66693e-05 
8.54104e-01 5.73797e-11  5.67284e-05 5.67285e-05 
8.54626e-01 5.78356e-11  5.67876e-05 5.67877e-05 
8.55149e-01 5.68330e-11  5.68468e-05 5.68469e-05 
8.55671e-01 5.46564e-11  5.69060e-05 5.69061e-05 
8.56193e-01 5.18670e-11  5.69653e-05 5.69653e-05 
8.56715e-01 4.91549e-11  5.70245e-05 5.70246e-05 
8.57237e-01 4.71782e-11  5.70838e-05 5.70839e-05 
8.57759e-01 4.63672e-11  5.71431e-05 5.71432e-05 
8.58281e-01 4.68518e-11  5.72024e-05 5.72025e-05 
8.58804e-01 4.85160e-11  5.72618e-05 5.72618e-05 
8.59326e-01 5.10025e-11  5.73211e-05 5.73212e-05 
8.59847e-01 5.37264e-11  5.73805e-05 5.73806e-05 
8.60369e-01 5.60316e-11  5.74399e-05 5.74399e-05 
8.60891e-01 5.73703e-11  5.74993e-05 5.74994e-05 
8.61413e-01 5.74018e-11  5.75587e-05 5.75588e-05 
8.61935e-01 5.61027e-11  5.76182e-05 5.76182e-05 
8.62457e-01 5.38250e-11  5.76776e-05 5.76777e-05 
8.62978e-01 5.11559e-11  5.77371e-05 5.77372e-05 
8.63500e-01 4.87121e-11  5.77966e-05 5.77967e-05 
8.64022e-01 4.70420e-11  5.78561e-05 5.78562e-05 
8.64543e-01 4.65344e-11  5.79157e-05 5.79157e-05 
8.65065e-01 4.72968e-11  5.79752e-05 5.79753e-05 
8.65586e-01 4.91465e-11  5.80348e-05 5.80348e-05 
8.66108e-01 5.16794e-11  5.80944e-05 5.80944e-05 
8.66629e-01 5.43049e-11  5.81540e-05 5.81540e-05 
8.67151e-01 5.63572e-11  5.82136e-05 5.82137e-05 
8.67672e-01 5.73243e-11  5.82732e-05 5.82733e-05 
8.68193e-01 5.69928e-11  5.83329e-05 5.83330e-05 
8.68715e-01 5.54554e-11  5.83926e-05 5.83926e-05 
8.69236e-01 5.30996e-11  5.84523e-05 5.84523e-05 
8.69757e-01 5.05237e-11  5.85120e-05 5.85120e-05 
8.70278e-01 4.83288e-11  5.85717e-05 5.85718e-05 
8.70800e-01 4.69747e-11  5.86315e-05 5.86315e-05 
8.71321e-01 4.67585e-11  5.86912e-05 5.86913e-05 
8.71842e-01 4.77561e-11  5.87510e-05 5.87511e-05 
8.72363e-01 4.97513e-11  5.88108e-05 5.88109e-05 
8.72884e-01 5.22880e-11  5.88706e-05 5.88707e-05 
8.73405e-01 5.47744e-11  5.89305e-05 5.89305e-05 
8.73926e-01 5.65768e-11  5.89903e-05 5.89904e-05 
8.74446e-01 5.72097e-11  5.90502e-05 5.90503e-05 
8.74967e-01 5.65404e-11  5.91101e-05 5.91102e-05 
8.75488e-01 5.47927e-11  5.91700e-05 5.91701e-05 
8.76009e-01 5.24164e-11  5.92299e-05 5.92300e-05 
8.76530e-01 4.99840e-11  5.92899e-05 5.92899e-05 
8.77050e-01 4.80593e-11  5.93498e-05 5.93499e-05 
8.77571e-01 4.70371e-11  5.94098e-05 5.94099e-05 
8.78092e-01 4.71062e-11  5.94698e-05 5.94699e-05 
8.78612e-01 4.82763e-11  5.95298e-05 5.95299e-05 
8.79133e-01 5.03249e-11  5.95899e-05 5.95899e-05 
8.79653e-01 5.27805e-11  5.96499e-05 5.96500e-05 
8.80174e-01 5.50516e-11  5.97100e-05 5.97101e-05 
8.80694e-01 5.65768e-11  5.97701e-05 5.97701e-05 
8.81214e-01 5.69477e-11  5.98302e-05 5.98302e-05 
8.81735e-01 5.60691e-11  5.98903e-05 5.98904e-05 
8.82255e-01 5.42183e-11  5.99504e-05 5.99505e-05 
8.82775e-01 5.18947e-11  6.00106e-05 6.00107e-05 
8.83296e-01 4.96431e-11  6.00708e-05 6.00708e-05 
8.83816e-01 4.79647e-11  6.01310e-05 6.01310e-05 
8.84336e-01 4.72104e-11  6.01912e-05 6.01912e-05 
8.84856e-01 4.74965e-11  6.02514e-05 6.02515e-05 
8.85376e-01 4.87482e-11  6.03117e-05 6.03117e-05 
8.85896e-01 5.07408e-11  6.03719e-05 6.03720e-05 
8.86416e-01 5.30562e-11  6.04322e-05 6.04322e-05 
8.86936e-01 5.51321e-11  6.04925e-05 6.04925e-05 
8.87456e-01 5.64466e-11  6.05528e-05 6.05529e-05 
8.87976e-01 5.66616e-11  6.06131e-05 6.06132e-05 
8.88496e-01 5.57064e-11  6.06735e-05 6.06735e-05 
8.89016e-01 5.38424e-11  6.07339e-05 6.07339e-05 
8.89535e-01 5.15818e-11  6.07942e-05 6.07943e-05 
8.90055e-01 4.94706e-11  6.08546e-05 6.08547e-05 
8.90575e-01 4.79543e-11  6.09151e-05 6.09151e-05 
8.91095e-01 4.73453e-11  6.09755e-05 6.09755e-05 
8.91614e-01 4.77560e-11  6.10360e-05 6.10360e-05 
8.92134e-01 4.90718e-11  6.10964e-05 6.10965e-05 
8.92653e-01 5.10240e-11  6.11569e-05 6.11570e-05 
8.93173e-01 5.32230e-11  6.12174e-05 6.12175e-05 
8.93692e-01 5.51587e-11  6.12779e-05 6.12780e-05 
8.94212e-01 5.63329e-11  6.13385e-05 6.13385e-05 
8.94731e-01 5.64450e-11  6.13991e-05 6.13991e-05 
8.95251e-01 5.54590e-11  6.14596e-05 6.14597e-05 
8.95770e-01 5.36084e-11  6.15202e-05 6.15203e-05 
8.96289e-01 5.13738e-11  6.15808e-05 6.15809e-05 
8.96808e-01 4.93254e-11  6.16415e-05 6.16415e-05 
8.97328e-01 4.79160e-11  6.17021e-05 6.17022e-05 
8.97847e-01 4.74182e-11  6.17628e-05 6.17628e-05 
8.98366e-01 4.79269e-11  6.18234e-05 6.18235e-05 
8.98885e-01 4.93188e-11  6.18841e-05 6.18842e-05 
8.99404e-01 5.12761e-11  6.19449e-05 6.19449e-05 
8.99923e-01 5.33875e-11  6.20056e-05 6.20056e-05 
9.00442e-01 5.51923e-11  6.20663e-05 6.20664e-05 
9.00961e-01 5.62368e-11  6.21271e-05 6.21272e-05 
9.01480e-01 5.62385e-11  6.21879e-05 6.21880e-05 
9.01999e-01 5.52014e-11  6.22487e-05 6.22488e-05 
9.02518e-01 5.33792e-11  6.23095e-05 6.23096e-05 
9.03037e-01 5.12102e-11  6.23704e-05 6.23704e-05 
9.03555e-01 4.92346e-11  6.24312e-05 6.24313e-05 
9.04074e-01 4.79188e-11  6.24921e-05 6.24921e-05 
9.04593e-01 4.75219e-11  6.25530e-05 6.25530e-05 
9.05111e-01 4.81046e-11  6.26139e-05 6.26139e-05 
9.05630e-01 4.95388e-11  6.26748e-05 6.26748e-05 
9.06149e-01 5.14894e-11  6.27357e-05 6.27358e-05 
9.06667e-01 5.35052e-11  6.27967e-05 6.27967e-05 
9.07186e-01 5.51521e-11  6.28577e-05 6.28577e-05 
9.07704e-01 5.60607e-11  6.29186e-05 6.29187e-05 
9.08223e-01 5.59896e-11  6.29797e-05 6.29797e-05 
9.08741e-01 5.49473e-11  6.30407e-05 6.30407e-05 
9.09259e-01 5.31982e-11  6.31017e-05 6.31018e-05 
9.09778e-01 5.11524e-11  6.31628e-05 6.31628e-05 
9.10296e-01 4.92832e-11  6.32239e-05 6.32239e-05 
9.10814e-01 4.80360e-11  6.32849e-05 6.32850e-05 
9.11333e-01 4.76819e-11  6.33461e-05 6.33461e-05 
9.11851e-01 4.82638e-11  6.34072e-05 6.34072e-05 
9.12369e-01 4.96481e-11  6.34683e-05 6.34684e-05 
9.12887e-01 5.15343e-11  6.35295e-05 6.35295e-05 
9.13405e-01 5.34770e-11  6.35907e-05 6.35907e-05 
9.13923e-01 5.50280e-11  6.36519e-05 6.36519e-05 
9.14441e-01 5.58588e-11  6.37131e-05 6.37131e-05 
9.14959e-01 5.57824e-11  6.37743e-05 6.37744e-05 
9.15477e-01 5.48005e-11  6.38355e-05 6.38356e-05 
9.15995e-01 5.31529e-11  6.38968e-05 6.38969e-05 
9.16513e-01 5.12305e-11  6.39581e-05 6.39581e-05 
9.17031e-01 4.94493e-11  6.40194e-05 6.40194e-05 
9.17548e-01 4.82048e-11  6.40807e-05 6.40807e-05 
9.18066e-01 4.77960e-11  6.41420e-05 6.41421e-05 
9.18584e-01 4.83089e-11  6.42034e-05 6.42034e-05 
9.19101e-01 4.96130e-11  6.42647e-05 6.42648e-05 
9.19619e-01 5.14275e-11  6.43261e-05 6.43262e-05 
9.20137e-01 5.33428e-11  6.43875e-05 6.43876e-05 
9.20654e-01 5.48958e-11  6.44489e-05 6.44490e-05 
9.21172e-01 5.57334e-11  6.45104e-05 6.45104e-05 
9.21689e-01 5.56914e-11  6.45718e-05 6.45719e-05 
9.22207e-01 5.47802e-11  6.46333e-05 6.46333e-05 
9.22724e-01 5.32041e-11  6.46948e-05 6.46948e-05 
9.23241e-01 5.13399e-11  6.47563e-05 6.47563e-05 
9.23759e-01 4.96021e-11  6.48178e-05 6.48178e-05 
9.24276e-01 4.83479e-11  6.48793e-05 6.48794e-05 
9.24793e-01 4.78617e-11  6.49409e-05 6.49409e-05 
9.25311e-01 4.82802e-11  6.50024e-05 6.50025e-05 
9.25828e-01 4.95118e-11  6.50640e-05 6.50641e-05 
9.26345e-01 5.12783e-11  6.51256e-05 6.51257e-05 
9.26862e-01 5.31882e-11  6.51872e-05 6.51873e-05 
9.27379e-01 5.47821e-11  6.52489e-05 6.52489e-05 
9.27896e-01 5.56623e-11  6.53105e-05 6.53106e-05 
9.28413e-01 5.56482e-11  6.53722e-05 6.53722e-05 
9.28930e-01 5.47826e-11  6.54339e-05 6.54339e-05 
9.29447e-01 5.32676e-11  6.54956e-05 6.54956e-05 
9.29964e-01 5.14468e-11  6.55573e-05 6.55573e-05 
9.30481e-01 4.97360e-11  6.56190e-05 6.56191e-05 
9.30998e-01 4.84917e-11  6.56808e-05 6.56808e-05 
9.31514e-01 4.79634e-11  6.57425e-05 6.57426e-05 
9.32031e-01 4.82897e-11  6.58043e-05 6.58044e-05 
9.32548e-01 4.94250e-11  6.58661e-05 6.58662e-05 
9.33065e-01 5.11127e-11  6.59279e-05 6.59280e-05 
9.33581e-01 5.29729e-11  6.59898e-05 6.59898e-05 
9.34098e-01 5.45790e-11  6.60516e-05 6.60517e-05 
9.34614e-01 5.55271e-11  6.61135e-05 6.61135e-05 
9.35131e-01 5.55856e-11  6.61754e-05 6.61754e-05 
9.35648e-01 5.47886e-11  6.62373e-05 6.62373e-05 
9.36164e-01 5.33599e-11  6.62992e-05 6.62992e-05 
9.36680e-01 5.16208e-11  6.63611e-05 6.63612e-05 
9.37197e-01 4.99553e-11  6.64231e-05 6.64231e-05 
9.37713e-01 4.87178e-11  6.64850e-05 6.64851e-05 
9.38230e-01 4.81389e-11  6.65470e-05 6.65471e-05 
9.38746e-01 4.83345e-11  6.66090e-05 6.66091e-05 
9.39262e-01 4.93035e-11  6.66710e-05 6.66711e-05 
9.39778e-01 5.08568e-11  6.67331e-05 6.67331e-05 
9.40294e-01 5.26383e-11  6.67951e-05 6.67952e-05 
9.40811e-01 5.42420e-11  6.68572e-05 6.68572e-05 
9.41327e-01 5.52896e-11  6.69193e-05 6.69193e-05 
9.41843e-01 5.55123e-11  6.69814e-05 6.69814e-05 
9.42359e-01 5.48728e-11  6.70435e-05 6.70435e-05 
9.42875e-01 5.35715e-11  6.71056e-05 6.71057e-05 
9.43391e-01 5.19223e-11  6.71678e-05 6.71678e-05 
9.43907e-01 5.02777e-11  6.72299e-05 6.72300e-05 
9.44423e-01 4.89891e-11  6.72921e-05 6.72922e-05 
9.44938e-01 4.83101e-11  6.73543e-05 6.73544e-05 
9.45454e-01 4.83496e-11  6.74165e-05 6.74166e-05 
9.45970e-01 4.91155e-11  6.74788e-05 6.74788e-05 
9.46486e-01 5.04964e-11  6.75410e-05 6.75411e-05 
9.47002e-01 5.22045e-11  6.76033e-05 6.76033e-05 
9.47517e-01 5.38424e-11  6.76655e-05 6.76656e-05 
9.48033e-01 5.50286e-11  6.77278e-05 6.77279e-05 
9.48548e-01 5.54681e-11  6.77902e-05 6.77902e-05 
9.49064e-01 5.50395e-11  6.78525e-05 6.78525e-05 
9.49580e-01 5.38767e-11  6.79148e-05 6.79149e-05 
9.50095e-01 5.22940e-11  6.79772e-05 6.79772e-05 
9.50611e-01 5.06428e-11  6.80396e-05 6.80396e-05 
9.51126e-01 4.92607e-11  6.81020e-05 6.81020e-05 
9.51641e-01 4.84343e-11  6.81644e-05 6.81644e-05 
9.52157e-01 4.83156e-11  6.82268e-05 6.82268e-05 
9.52672e-01 4.89140e-11  6.82892e-05 6.82893e-05 
9.53187e-01 5.01389e-11  6.83517e-05 6.83518e-05 
9.53703e-01 5.17667e-11  6.84142e-05 6.84142e-05 
9.54218e-01 5.34316e-11  6.84767e-05 6.84767e-05 
9.54733e-01 5.47409e-11  6.85392e-05 6.85392e-05 
9.55248e-01 5.53848e-11  6.86017e-05 6.86018e-05 
9.55763e-01 5.51879e-11  6.86642e-05 6.86643e-05 
9.56278e-01 5.41903e-11  6.87268e-05 6.87269e-05 
9.56793e-01 5.26718e-11  6.87894e-05 6.87894e-05 
9.57308e-01 5.10137e-11  6.88520e-05 6.88520e-05 
9.57823e-01 4.95631e-11  6.89146e-05 6.89146e-05 
9.58338e-01 4.86069e-11  6.89772e-05 6.89772e-05 
9.58853e-01 4.83322e-11  6.90398e-05 6.90399e-05 
9.59368e-01 4.87706e-11  6.91025e-05 6.91025e-05 
9.59883e-01 4.98307e-11  6.91652e-05 6.91652e-05 
9.60398e-01 5.13321e-11  6.92278e-05 6.92279e-05 
9.60912e-01 5.29708e-11  6.92905e-05 6.92906e-05 
9.61427e-01 5.43604e-11  6.93533e-05 6.93533e-05 
9.61942e-01 5.51720e-11  6.94160e-05 6.94161e-05 
9.62456e-01 5.52121e-11  6.94787e-05 6.94788e-05 
9.62971e-01 5.44541e-11  6.95415e-05 6.95416e-05 
9.63486e-01 5.30875e-11  6.96043e-05 6.96044e-05 
9.64000e-01 5.14726e-11  6.96671e-05 6.96671e-05 
9.64515e-01 4.99792e-11  6.97299e-05 6.97300e-05 
9.65029e-01 4.88992e-11  6.97927e-05 6.97928e-05 
9.65544e-01 4.84406e-11  6.98556e-05 6.98556e-05 
9.66058e-01 4.86794e-11  6.99185e-05 6.99185e-05 
9.66572e-01 4.95387e-11  6.99813e-05 6.99814e-05 
9.67087e-01 5.08554e-11  7.00442e-05 7.00443e-05 
9.67601e-01 5.23993e-11  7.01071e-05 7.01072e-05 
9.68115e-01 5.38420e-11  7.01701e-05 7.01701e-05 
9.68630e-01 5.48357e-11  7.02330e-05 7.02331e-05 
9.69144e-01 5.51453e-11  7.02960e-05 7.02960e-05 
9.69658e-01 5.46908e-11  7.03590e-05 7.03590e-05 
9.70172e-01 5.35646e-11  7.04219e-05 7.04220e-05 
9.70686e-01 5.20505e-11  7.04850e-05 7.04850e-05 
9.71200e-01 5.05241e-11  7.05480e-05 7.05480e-05 
9.71714e-01 4.93035e-11  7.06110e-05 7.06111e-05 
9.72228e-01 4.86137e-11  7.06741e-05 7.06741e-05 
9.72742e-01 4.85864e-11  7.07371e-05 7.07372e-05 
9.73256e-01 4.92097e-11  7.08002e-05 7.08003e-05 
9.73770e-01 5.03402e-11  7.08633e-05 7.08634e-05 
9.74284e-01 5.17748e-11  7.09265e-05 7.09265e-05 
9.74798e-01 5.32472e-11  7.09896e-05 7.09896e-05 
9.75311e-01 5.44246e-11  7.10527e-05 7.10528e-05 
9.75825e-01 5.50196e-11  7.11159e-05 7.11160e-05 
9.76339e-01 5.48905e-11  7.11791e-05 7.11792e-05 
9.76852e-01 5.40497e-11  7.12423e-05 7.12423e-05 
9.77366e-01 5.26812e-11  7.13055e-05 7.13056e-05 
9.77880e-01 5.11298e-11  7.13687e-05 7.13688e-05 
9.78393e-01 4.97627e-11  7.14320e-05 7.14320e-05 
9.78907e-01 4.88453e-11  7.14953e-05 7.14953e-05 
9.79420e-01 4.85411e-11  7.15585e-05 7.15586e-05 
9.79934e-01 4.89062e-11  7.16218e-05 7.16219e-05 
9.80447e-01 4.98498e-11  7.16851e-05 7.16852e-05 
9.80961e-01 5.11754e-11  7.17485e-05 7.17485e-05 
9.81474e-01 5.26415e-11  7.18118e-05 7.18119e-05 
9.81987e-01 5.39514e-11  7.18752e-05 7.18752e-05 
9.82501e-01 5.47928e-11  7.19385e-05 7.19386e-05 
9.83014e-01 5.49622e-11  7.20019e-05 7.20020e-05 
9.83527e-01 5.44177e-11  7.20653e-05 7.20654e-05 
9.84040e-01 5.32642e-11  7.21288e-05 7.21288e-05 
9.84553e-01 5.17669e-11  7.21922e-05 7.21922e-05 
9.85066e-01 5.02997e-11  7.22556e-05 7.22557e-05 
9.85580e-01 4.91896e-11  7.23191e-05 7.23192e-05 
9.86093e-01 4.86365e-11  7.23826e-05 7.23826e-05 
9.86606e-01 4.87338e-11  7.24461e-05 7.24461e-05 
9.87119e-01 4.94506e-11  7.25096e-05 7.25097e-05 
9.87632e-01 5.06188e-11  7.25731e-05 7.25732e-05 
9.88144e-01 5.20073e-11  7.26367e-05 7.26367e-05 
9.88657e-01 5.33623e-11  7.27002e-05 7.27003e-05 
9.89170e-01 5.43941e-11  7.27638e-05 7.27639e-05 
9.89683e-01 5.48483e-11  7.28274e-05 7.28275e-05 
9.90196e-01 5.46188e-11  7.28910e-05 7.28911e-05 
9.90708e-01 5.37551e-11  7.29547e-05 7.29547e-05 
9.91221e-01 5.24374e-11  7.30183e-05 7.30183e-05 
9.91734e-01 5.09748e-11  7.30820e-05 7.30820e-05 
9.92246e-01 4.97173e-11  7.31456e-05 7.31457e-05 
9.92759e-01 4.89194e-11  7.32093e-05 7.32094e-05 
9.93272e-01 4.87143e-11  7.32730e-05 7.32731e-05 
9.93784e-01 4.91328e-11  7.33367e-05 7.33368e-05 
9.94297e-01 5.00728e-11  7.34005e-05 7.34005e-05 
9.94809e-01 5.13232e-11  7.34642e-05 7.34643e-05 
9.95322e-01 5.26515e-11  7.35280e-05 7.35280e-05 
9.95834e-01 5.38159e-11  7.35918e-05 7.35918e-05 
9.96346e-01 5.45556e-11  7.36556e-05 7.36556e-05 
9.96859e-01 5.46843e-11  7.37194e-05 7.37194e-05 
9.97371e-01 5.41715e-11  7.37832e-05 7.37833e-05 
9.97883e-01 5.31210e-11  7.38470e-05 7.38471e-05 
9.98395e-01 5.17555e-11  7.39109e-05 7.39110e-05 
9.98908e-01 5.03999e-11  7.39748e-05 7.39748e-05 
9.99420e-01 4.93637e-11  7.40387e-05 7.40387e-05 
9.99932e-01 4.88365e-11  7.41026e-05 7.41026e-05 
1.00000e+00 4.88089e-11  7.41111e-05 7.41111e-05 
