3-D EmbeddedElt       at increment:       0,        load:  0
hexa8
8
Node#, BC, Coordinates, Total Force
1 2  1.0000E+00  1.0000E+00  1.0000E+00  0.0000E+00  0.0000E+00  0.0000E+00 
2 2  1.0000E+00  0.0000E+00  1.0000E+00  0.0000E+00  0.0000E+00  0.0000E+00 
3 6  1.0000E+00  1.0000E+00  0.0000E+00  0.0000E+00  0.0000E+00  0.0000E+00 
4 6  1.0000E+00  0.0000E+00  0.0000E+00  0.0000E+00  0.0000E+00  0.0000E+00 
5 3  0.0000E+00  1.0000E+00  1.0000E+00  0.0000E+00  0.0000E+00  0.0000E+00 
6 3  0.0000E+00  0.0000E+00  1.0000E+00  0.0000E+00  0.0000E+00  0.0000E+00 
7 7  0.0000E+00  1.0000E+00  0.0000E+00  0.0000E+00  0.0000E+00  0.0000E+00 
8 7  0.0000E+00  0.0000E+00  0.0000E+00  0.0000E+00  0.0000E+00  0.0000E+00 
Elements: 1
1 1 1 2 4 3 5 6 8 7 
 0.0000E+00  0.0000E+00  0.0000E+00  0.0000E+00  0.0000E+00  0.0000E+00 
 0.0000E+00  0.0000E+00  0.0000E+00  0.0000E+00  0.0000E+00  0.0000E+00 
 0.0000E+00  0.0000E+00  0.0000E+00  0.0000E+00  0.0000E+00  0.0000E+00 
 0.0000E+00  0.0000E+00  0.0000E+00  0.0000E+00  0.0000E+00  0.0000E+00 
 0.0000E+00  0.0000E+00  0.0000E+00  0.0000E+00  0.0000E+00  0.0000E+00 
 0.0000E+00  0.0000E+00  0.0000E+00  0.0000E+00  0.0000E+00  0.0000E+00 
 0.0000E+00  0.0000E+00  0.0000E+00  0.0000E+00  0.0000E+00  0.0000E+00 
 0.0000E+00  0.0000E+00  0.0000E+00  0.0000E+00  0.0000E+00  0.0000E+00 

------------------------------------------------------------
------------------------------------------------------------

3-D EmbeddedElt       at increment:       2,        load:  0
hexa8
8
Node#, BC, Coordinates, Total Force
1 2  9.9970E-01  1.0010E+00  9.9970E-01  0.0000E+00  5.2816E+07  0.0000E+00 
2 2  9.9970E-01  0.0000E+00  9.9970E-01  0.0000E+00 -5.2816E+07  0.0000E+00 
3 6  9.9970E-01  1.0010E+00  0.0000E+00  0.0000E+00  5.2816E+07 -1.2601E+06 
4 6  9.9970E-01  0.0000E+00  0.0000E+00  0.0000E+00 -5.2816E+07 -1.2601E+06 
5 3  0.0000E+00  1.0010E+00  9.9970E-01 -1.2601E+06  5.2816E+07  0.0000E+00 
6 3  0.0000E+00  0.0000E+00  9.9970E-01 -1.2601E+06 -5.2816E+07  0.0000E+00 
7 7  0.0000E+00  1.0010E+00  0.0000E+00 -1.2601E+06  5.2816E+07 -1.2601E+06 
8 7  0.0000E+00  0.0000E+00  0.0000E+00 -1.2601E+06 -5.2816E+07 -1.2601E+06 
Elements: 1
1 1 1 2 4 3 5 6 8 7 
 6.1112E+06  1.9167E-06  8.8519E-06  2.1247E+08  1.1444E-22  6.1112E+06 
 6.1112E+06  7.5203E-07  8.8519E-06  2.1247E+08  4.4901E-23  6.1112E+06 
 6.1112E+06  7.5203E-07  5.0100E-06  2.1247E+08  7.2893E-24  6.1112E+06 
 6.1112E+06  1.9167E-06  5.0100E-06  2.1247E+08  1.8578E-23  6.1112E+06 
 6.1112E+06  1.9167E-06  5.6528E-06  2.1247E+08  1.1444E-22  6.1112E+06 
 6.1112E+06  7.5203E-07  5.6528E-06  2.1247E+08  4.4901E-23  6.1112E+06 
 6.1112E+06  7.5203E-07  1.8109E-06  2.1247E+08  7.2893E-24  6.1112E+06 
 6.1112E+06  1.9167E-06  1.8109E-06  2.1247E+08  1.8578E-23  6.1112E+06 

------------------------------------------------------------
------------------------------------------------------------

3-D EmbeddedElt       at increment:       4,        load:  0
hexa8
8
Node#, BC, Coordinates, Total Force
1 2  9.9932E-01  1.0021E+00  9.9932E-01  0.0000E+00  1.0250E+08  0.0000E+00 
2 2  9.9932E-01  0.0000E+00  9.9932E-01  0.0000E+00 -1.0250E+08  0.0000E+00 
3 6  9.9932E-01  1.0021E+00  0.0000E+00  0.0000E+00  1.0250E+08  3.8384E+06 
4 6  9.9932E-01  0.0000E+00  0.0000E+00  0.0000E+00 -1.0250E+08  3.8384E+06 
5 3  0.0000E+00  1.0021E+00  9.9932E-01  3.8384E+06  1.0250E+08  0.0000E+00 
6 3  0.0000E+00  0.0000E+00  9.9932E-01  3.8384E+06 -1.0250E+08  0.0000E+00 
7 7  0.0000E+00  1.0021E+00  0.0000E+00  3.8384E+06  1.0250E+08  3.8384E+06 
8 7  0.0000E+00  0.0000E+00  0.0000E+00  3.8384E+06 -1.0250E+08  3.8384E+06 
Elements: 1
1 1 1 2 4 3 5 6 8 7 
-2.1124E+07  6.4396E-07 -1.4583E-05  4.0475E+08 -5.0862E-23 -2.1124E+07 
-2.1124E+07 -1.0566E-07 -1.4583E-05  4.0475E+08  8.3455E-24 -2.1124E+07 
-2.1124E+07 -1.0566E-07 -1.0457E-05  4.0475E+08  2.6622E-24 -2.1124E+07 
-2.1124E+07  6.4396E-07 -1.0457E-05  4.0475E+08 -1.6225E-23 -2.1124E+07 
-2.1124E+07  6.4396E-07 -7.1252E-06  4.0475E+08 -5.0862E-23 -2.1124E+07 
-2.1124E+07 -1.0566E-07 -7.1252E-06  4.0475E+08  8.3455E-24 -2.1124E+07 
-2.1124E+07 -1.0566E-07 -2.9985E-06  4.0475E+08  2.6622E-24 -2.1124E+07 
-2.1124E+07  6.4396E-07 -2.9985E-06  4.0475E+08 -1.6225E-23 -2.1124E+07 

------------------------------------------------------------
------------------------------------------------------------

3-D EmbeddedElt       at increment:       6,        load:  0
hexa8
8
Node#, BC, Coordinates, Total Force
1 2  9.9912E-01  1.0031E+00  9.9912E-01  0.0000E+00  1.5960E+08  0.0000E+00 
2 2  9.9912E-01  0.0000E+00  9.9912E-01  0.0000E+00 -1.5960E+08  0.0000E+00 
3 6  9.9912E-01  1.0031E+00  0.0000E+00  0.0000E+00  1.5960E+08 -5.5515E+06 
4 6  9.9912E-01  0.0000E+00  0.0000E+00  0.0000E+00 -1.5960E+08 -5.5515E+06 
5 3  0.0000E+00  1.0031E+00  9.9912E-01 -5.5515E+06  1.5960E+08  0.0000E+00 
6 3  0.0000E+00  0.0000E+00  9.9912E-01 -5.5515E+06 -1.5960E+08  0.0000E+00 
7 7  0.0000E+00  1.0031E+00  0.0000E+00 -5.5515E+06  1.5960E+08 -5.5515E+06 
8 7  0.0000E+00  0.0000E+00  0.0000E+00 -5.5515E+06 -1.5960E+08 -5.5515E+06 
Elements: 1
1 1 1 2 4 3 5 6 8 7 
 2.0589E+07 -7.3687E-06  4.0937E-06  6.3797E+08  6.2974E-23  2.0589E+07 
 2.0589E+07 -8.6533E-06  8.3502E-06  6.3797E+08 -5.6665E-24  2.0589E+07 
 2.0589E+07 -4.3797E-06  6.5452E-06  6.3797E+08 -3.1680E-24  2.0589E+07 
 2.0589E+07 -3.0951E-06  2.2887E-06  6.3797E+08  3.5207E-23  2.0589E+07 
 2.0589E+07  1.1010E-07  6.2220E-06  6.3797E+08  6.2974E-23  2.0589E+07 
 2.0589E+07 -1.1744E-06  5.1578E-06  6.3797E+08 -5.6665E-24  2.0589E+07 
 2.0589E+07 -2.2429E-06  3.3528E-06  6.3797E+08 -3.1680E-24  2.0589E+07 
 2.0589E+07 -9.5831E-07  4.4169E-06  6.3797E+08  3.5207E-23  2.0589E+07 

------------------------------------------------------------
------------------------------------------------------------

3-D EmbeddedElt       at increment:       8,        load:  0
hexa8
8
Node#, BC, Coordinates, Total Force
1 2  9.9867E-01  1.0042E+00  9.9867E-01  0.0000E+00  2.0434E+08  0.0000E+00 
2 2  9.9867E-01  0.0000E+00  9.9867E-01  0.0000E+00 -2.0434E+08  0.0000E+00 
3 6  9.9867E-01  1.0042E+00  0.0000E+00  0.0000E+00  2.0434E+08  6.5762E+06 
4 6  9.9867E-01  0.0000E+00  0.0000E+00  0.0000E+00 -2.0434E+08  6.5762E+06 
5 3  0.0000E+00  1.0042E+00  9.9867E-01  6.5762E+06  2.0434E+08  0.0000E+00 
6 3  0.0000E+00  0.0000E+00  9.9867E-01  6.5762E+06 -2.0434E+08  0.0000E+00 
7 7  0.0000E+00  1.0042E+00  0.0000E+00  6.5762E+06  2.0434E+08  6.5762E+06 
8 7  0.0000E+00  0.0000E+00  0.0000E+00  6.5762E+06 -2.0434E+08  6.5762E+06 
Elements: 1
1 1 1 2 4 3 5 6 8 7 
-2.9807E+07 -5.6935E-07  6.2853E-06  8.1597E+08 -8.5539E-06 -2.9807E+07 
-2.9807E+07  3.8175E-06  8.7919E-06  8.1597E+08 -8.5539E-06 -2.9807E+07 
-2.9807E+07  3.8175E-06  2.5727E-06  8.1597E+08 -2.1385E-06 -2.9807E+07 
-2.9807E+07 -5.6935E-07  2.0156E-06  8.1597E+08 -2.1385E-06 -2.9807E+07 
-2.9807E+07 -4.8463E-06  4.1585E-06  8.1597E+08 -8.5539E-06 -2.9807E+07 
-2.9807E+07 -4.5948E-07  7.7285E-06  8.1597E+08 -8.5539E-06 -2.9807E+07 
-2.9807E+07  6.0976E-07  1.5093E-06  8.1597E+08 -2.1385E-06 -2.9807E+07 
-2.9807E+07 -3.7771E-06 -1.1118E-07  8.1597E+08 -2.1385E-06 -2.9807E+07 

------------------------------------------------------------
------------------------------------------------------------

3-D EmbeddedElt       at increment:       10,        load:  0
hexa8
8
Node#, BC, Coordinates, Total Force
1 2  9.9850E-01  1.0052E+00  9.9850E-01  0.0000E+00  2.6407E+08  0.0000E+00 
2 2  9.9850E-01  0.0000E+00  9.9850E-01  0.0000E+00 -2.6407E+08  0.0000E+00 
3 6  9.9850E-01  1.0052E+00  0.0000E+00  0.0000E+00  2.6407E+08 -6.9969E+06 
4 6  9.9850E-01  0.0000E+00  0.0000E+00  0.0000E+00 -2.6407E+08 -6.9969E+06 
5 3  0.0000E+00  1.0052E+00  9.9850E-01 -6.9969E+06  2.6407E+08  0.0000E+00 
6 3  0.0000E+00  0.0000E+00  9.9850E-01 -6.9969E+06 -2.6407E+08  0.0000E+00 
7 7  0.0000E+00  1.0052E+00  0.0000E+00 -6.9969E+06  2.6407E+08 -6.9969E+06 
8 7  0.0000E+00  0.0000E+00  0.0000E+00 -6.9969E+06 -2.6407E+08 -6.9969E+06 
Elements: 1
1 1 1 2 4 3 5 6 8 7 
 2.4563E+07  1.0559E-06 -1.8030E-05  1.0561E+09  1.7106E-05  2.4563E+07 
 2.4563E+07 -5.1108E-07 -2.6526E-05  1.0561E+09  1.7106E-05  2.4563E+07 
 2.4563E+07  3.7654E-06 -1.6488E-05  1.0561E+09  4.2764E-06  2.4563E+07 
 2.4563E+07  5.3324E-06 -1.7019E-05  1.0561E+09  4.2764E-06  2.4563E+07 
 2.4563E+07  1.0559E-06 -5.2867E-06  1.0561E+09  8.5529E-06  2.4563E+07 
 2.4563E+07 -5.1108E-07 -1.6968E-05  1.0561E+09  8.5529E-06  2.4563E+07 
 2.4563E+07  5.5803E-07 -6.9299E-06  1.0561E+09  2.5043E-23  2.4563E+07 
 2.4563E+07  2.1250E-06 -4.2750E-06  1.0561E+09 -3.7495E-25  2.4563E+07 

-------------------------------------------------------------
-------------------------------------------------------------

3-D EmbeddedElt       at increment:       12,        load:  0
hexa8
8
Node#, BC, Coordinates, Total Force
1 2  9.9805E-01  1.0063E+00  9.9805E-01  0.0000E+00  3.0716E+08  0.0000E+00 
2 2  9.9805E-01  0.0000E+00  9.9805E-01  0.0000E+00 -3.0716E+08  0.0000E+00 
3 6  9.9805E-01  1.0063E+00  0.0000E+00  0.0000E+00  3.0716E+08  6.9805E+06 
4 6  9.9805E-01  0.0000E+00  0.0000E+00  0.0000E+00 -3.0716E+08  6.9805E+06 
5 3  0.0000E+00  1.0063E+00  9.9805E-01  6.9805E+06  3.0716E+08  0.0000E+00 
6 3  0.0000E+00  0.0000E+00  9.9805E-01  6.9805E+06 -3.0716E+08  0.0000E+00 
7 7  0.0000E+00  1.0063E+00  0.0000E+00  6.9805E+06  3.0716E+08  6.9805E+06 
8 7  0.0000E+00  0.0000E+00  0.0000E+00  6.9805E+06 -3.0716E+08  6.9805E+06 
Elements: 1
1 1 1 2 4 3 5 6 8 7 
-3.0037E+07 -1.3480E-05  2.7242E-05  1.2312E+09 -1.1425E-22 -3.0037E+07 
-3.0037E+07 -9.4599E-06  2.8001E-05  1.2312E+09  7.0279E-23 -3.0037E+07 
-3.0037E+07 -9.0005E-07  3.3421E-05  1.2312E+09  6.3595E-24 -3.0037E+07 
-3.0037E+07 -4.9202E-06  2.7002E-05  1.2312E+09 -9.8791E-23 -3.0037E+07 
-3.0037E+07 -4.9202E-06  9.2010E-06  1.2312E+09 -8.5599E-06 -3.0037E+07 
-3.0037E+07 -9.0005E-07  1.4693E-06  1.2312E+09 -8.5599E-06 -3.0037E+07 
-3.0037E+07 -9.0005E-07  6.8895E-06  1.2312E+09 -2.1400E-06 -3.0037E+07 
-3.0037E+07 -4.9202E-06  8.9612E-06  1.2312E+09 -2.1400E-06 -3.0037E+07 

-------------------------------------------------------------
-------------------------------------------------------------

3-D EmbeddedElt       at increment:       14,        load:  0
hexa8
8
Node#, BC, Coordinates, Total Force
1 2  9.9787E-01  1.0073E+00  9.9787E-01  0.0000E+00  3.6685E+08  0.0000E+00 
2 2  9.9787E-01  0.0000E+00  9.9787E-01  0.0000E+00 -3.6685E+08  0.0000E+00 
3 6  9.9787E-01  1.0073E+00  0.0000E+00  0.0000E+00  3.6685E+08 -6.6111E+06 
4 6  9.9787E-01  0.0000E+00  0.0000E+00  0.0000E+00 -3.6685E+08 -6.6111E+06 
5 3  0.0000E+00  1.0073E+00  9.9787E-01 -6.6111E+06  3.6685E+08  0.0000E+00 
6 3  0.0000E+00  0.0000E+00  9.9787E-01 -6.6111E+06 -3.6685E+08  0.0000E+00 
7 7  0.0000E+00  1.0073E+00  0.0000E+00 -6.6111E+06  3.6685E+08 -6.6111E+06 
8 7  0.0000E+00  0.0000E+00  0.0000E+00 -6.6111E+06 -3.6685E+08 -6.6111E+06 
Elements: 1
1 1 1 2 4 3 5 6 8 7 
 2.2046E+07  4.9704E-06 -1.2419E-05  1.4694E+09  7.8442E-22  2.2046E+07 
 2.2046E+07  7.9275E-06 -1.8778E-05  1.4694E+09  1.5561E-22  2.2046E+07 
 2.2046E+07  3.6480E-06 -4.0146E-06  1.4694E+09 -2.1398E-06  2.2046E+07 
 2.2046E+07  6.9095E-07 -1.3649E-06  1.4694E+09 -2.1398E-06  2.2046E+07 
 2.2046E+07 -1.4488E-06 -1.5598E-05  1.4694E+09  7.8442E-22  2.2046E+07 
 2.2046E+07  1.5082E-06 -1.7718E-05  1.4694E+09  1.5561E-22  2.2046E+07 
 2.2046E+07  1.5082E-06 -2.9547E-06  1.4694E+09 -2.1398E-06  2.2046E+07 
 2.2046E+07 -1.4488E-06 -4.5445E-06  1.4694E+09 -2.1398E-06  2.2046E+07 

-------------------------------------------------------------
-------------------------------------------------------------

3-D EmbeddedElt       at increment:       16,        load:  0
hexa8
8
Node#, BC, Coordinates, Total Force
1 2  9.9744E-01  1.0083E+00  9.9744E-01  0.0000E+00  4.1035E+08  0.0000E+00 
2 2  9.9744E-01  0.0000E+00  9.9744E-01  0.0000E+00 -4.1035E+08  0.0000E+00 
3 6  9.9744E-01  1.0083E+00  0.0000E+00  0.0000E+00  4.1035E+08  6.0294E+06 
4 6  9.9744E-01  0.0000E+00  0.0000E+00  0.0000E+00 -4.1035E+08  6.0294E+06 
5 3  0.0000E+00  1.0083E+00  9.9744E-01  6.0294E+06  4.1035E+08  0.0000E+00 
6 3  0.0000E+00  0.0000E+00  9.9744E-01  6.0294E+06 -4.1035E+08  0.0000E+00 
7 7  0.0000E+00  1.0083E+00  0.0000E+00  6.0294E+06  4.1035E+08  6.0294E+06 
8 7  0.0000E+00  0.0000E+00  0.0000E+00  6.0294E+06 -4.1035E+08  6.0294E+06 
Elements: 1
1 1 1 2 4 3 5 6 8 7 
-2.5594E+07  4.8720E-06  5.3767E-07  1.6482E+09 -8.5655E-06 -2.5594E+07 
-2.5594E+07  4.7747E-06 -1.0432E-05  1.6482E+09 -8.5655E-06 -2.5594E+07 
-2.5594E+07 -1.6639E-05 -1.7843E-05  1.6482E+09 -2.1414E-06 -2.5594E+07 
-2.5594E+07 -1.6542E-05  7.1653E-07  1.6482E+09 -2.1414E-06 -2.5594E+07 
-2.5594E+07 -4.8146E-07 -1.5805E-06  1.6482E+09  8.5655E-06 -2.5594E+07 
-2.5594E+07 -5.7871E-07  6.5139E-06  1.6482E+09  8.5655E-06 -2.5594E+07 
-2.5594E+07 -2.7201E-06 -8.9748E-07  1.6482E+09  2.1580E-23 -2.5594E+07 
-2.5594E+07 -2.6228E-06 -1.4017E-06  1.6482E+09  5.5464E-24 -2.5594E+07 

-------------------------------------------------------------
-------------------------------------------------------------

3-D EmbeddedElt       at increment:       18,        load:  0
hexa8
8
Node#, BC, Coordinates, Total Force
1 2  9.9724E-01  1.0094E+00  9.9724E-01  0.0000E+00  4.6852E+08  0.0000E+00 
2 2  9.9724E-01  0.0000E+00  9.9724E-01  0.0000E+00 -4.6852E+08  0.0000E+00 
3 6  9.9724E-01  1.0094E+00  0.0000E+00  0.0000E+00  4.6852E+08 -5.2902E+06 
4 6  9.9724E-01  0.0000E+00  0.0000E+00  0.0000E+00 -4.6852E+08 -5.2902E+06 
5 3  0.0000E+00  1.0094E+00  9.9724E-01 -5.2902E+06  4.6852E+08  0.0000E+00 
6 3  0.0000E+00  0.0000E+00  9.9724E-01 -5.2902E+06 -4.6852E+08  0.0000E+00 
7 7  0.0000E+00  1.0094E+00  0.0000E+00 -5.2902E+06  4.6852E+08 -5.2902E+06 
8 7  0.0000E+00  0.0000E+00  0.0000E+00 -5.2902E+06 -4.6852E+08 -5.2902E+06 
Elements: 1
1 1 1 2 4 3 5 6 8 7 
 1.6436E+07 -1.7164E-05  2.0991E-05  1.8799E+09 -1.4644E-23  1.6436E+07 
 1.6436E+07 -1.7602E-05  4.1391E-05  1.8799E+09 -2.5649E-22  1.6436E+07 
 1.6436E+07 -4.7537E-06  1.0559E-05  1.8799E+09 -6.5431E-23  1.6436E+07 
 1.6436E+07 -4.3157E-06 -4.1994E-06  1.8799E+09 -3.6926E-24  1.6436E+07 
 1.6436E+07 -4.3157E-06  3.0511E-05  1.8799E+09  8.5653E-06  1.6436E+07 
 1.6436E+07 -4.7537E-06  4.1391E-05  1.8799E+09  8.5653E-06  1.6436E+07 
 1.6436E+07 -1.5417E-06  1.0559E-05  1.8799E+09  2.1413E-06  1.6436E+07 
 1.6436E+07 -1.1037E-06  5.3207E-06  1.8799E+09  2.1413E-06  1.6436E+07 

-------------------------------------------------------------
-------------------------------------------------------------

3-D EmbeddedElt       at increment:       20,        load:  0
hexa8
8
Node#, BC, Coordinates, Total Force
1 2  9.9684E-01  1.0104E+00  9.9684E-01  0.0000E+00  5.1342E+08  0.0000E+00 
2 2  9.9684E-01  0.0000E+00  9.9684E-01  0.0000E+00 -5.1342E+08  0.0000E+00 
3 6  9.9684E-01  1.0104E+00  0.0000E+00  0.0000E+00  5.1342E+08  4.5039E+06 
4 6  9.9684E-01  0.0000E+00  0.0000E+00  0.0000E+00 -5.1342E+08  4.5039E+06 
5 3  0.0000E+00  1.0104E+00  9.9684E-01  4.5039E+06  5.1342E+08  0.0000E+00 
6 3  0.0000E+00  0.0000E+00  9.9684E-01  4.5039E+06 -5.1342E+08  0.0000E+00 
7 7  0.0000E+00  1.0104E+00  0.0000E+00  4.5039E+06  5.1342E+08  4.5039E+06 
8 7  0.0000E+00  0.0000E+00  0.0000E+00  4.5039E+06 -5.1342E+08  4.5039E+06 
Elements: 1
1 1 1 2 4 3 5 6 8 7 
-1.9386E+07  1.8628E-06 -2.8638E-05  2.0652E+09  1.7142E-05 -1.9386E+07 
-1.9386E+07  3.5649E-06 -3.2488E-05  2.0652E+09  1.7142E-05 -1.9386E+07 
-1.9386E+07  1.6421E-05 -1.0125E-05  2.0652E+09  4.2855E-06 -1.9386E+07 
-1.9386E+07  1.4719E-05 -1.8606E-05  2.0652E+09  4.2855E-06 -1.9386E+07 
-1.9386E+07  7.9142E-07 -1.9126E-05  2.0652E+09  5.0913E-22 -1.9386E+07 
-1.9386E+07  2.4935E-06 -3.4602E-05  2.0652E+09  3.0837E-22 -1.9386E+07 
-1.9386E+07  3.5649E-06 -1.2239E-05  2.0652E+09 -2.1427E-06 -1.9386E+07 
-1.9386E+07  1.8628E-06 -9.0935E-06  2.0652E+09 -2.1427E-06 -1.9386E+07 

-------------------------------------------------------------
-------------------------------------------------------------

3-D EmbeddedElt       at increment:       22,        load:  0
hexa8
8
Node#, BC, Coordinates, Total Force
1 2  9.9661E-01  1.0115E+00  9.9661E-01  0.0000E+00  5.6948E+08  0.0000E+00 
2 2  9.9661E-01  0.0000E+00  9.9661E-01  0.0000E+00 -5.6948E+08  0.0000E+00 
3 6  9.9661E-01  1.0115E+00  0.0000E+00  0.0000E+00  5.6948E+08 -3.6890E+06 
4 6  9.9661E-01  0.0000E+00  0.0000E+00  0.0000E+00 -5.6948E+08 -3.6890E+06 
5 3  0.0000E+00  1.0115E+00  9.9661E-01 -3.6890E+06  5.6948E+08  0.0000E+00 
6 3  0.0000E+00  0.0000E+00  9.9661E-01 -3.6890E+06 -5.6948E+08  0.0000E+00 
7 7  0.0000E+00  1.0115E+00  0.0000E+00 -3.6890E+06  5.6948E+08 -3.6890E+06 
8 7  0.0000E+00  0.0000E+00  0.0000E+00 -3.6890E+06 -5.6948E+08 -3.6890E+06 
Elements: 1
1 1 1 2 4 3 5 6 8 7 
 1.0125E+07  1.1200E-05  8.0671E-06  2.2889E+09 -8.5717E-06  1.0125E+07 
 1.0125E+07  1.2962E-05  1.0933E-05  2.2889E+09 -8.5717E-06  1.0125E+07 
 1.0125E+07  1.7248E-05  2.6939E-05  2.2889E+09 -2.1429E-06  1.0125E+07 
 1.0125E+07  1.5485E-05  2.3193E-05  2.2889E+09 -2.1429E-06  1.0125E+07 
 1.0125E+07 -5.8654E-07 -1.4103E-05  2.2889E+09 -1.7143E-05  1.0125E+07 
 1.0125E+07  1.1762E-06 -1.2293E-05  2.2889E+09 -1.7143E-05  1.0125E+07 
 1.0125E+07  4.3906E-06  3.7128E-06  2.2889E+09 -4.2859E-06  1.0125E+07 
 1.0125E+07  2.6279E-06  1.0230E-06  2.2889E+09 -4.2859E-06  1.0125E+07 

-------------------------------------------------------------
-------------------------------------------------------------

3-D EmbeddedElt       at increment:       24,        load:  0
hexa8
8
Node#, BC, Coordinates, Total Force
1 2  9.9624E-01  1.0125E+00  9.9624E-01  0.0000E+00  6.1605E+08  0.0000E+00 
2 2  9.9624E-01  0.0000E+00  9.9624E-01  0.0000E+00 -6.1605E+08  0.0000E+00 
3 6  9.9624E-01  1.0125E+00  0.0000E+00  0.0000E+00  6.1605E+08  2.9276E+06 
4 6  9.9624E-01  0.0000E+00  0.0000E+00  0.0000E+00 -6.1605E+08  2.9276E+06 
5 3  0.0000E+00  1.0125E+00  9.9624E-01  2.9276E+06  6.1605E+08  0.0000E+00 
6 3  0.0000E+00  0.0000E+00  9.9624E-01  2.9276E+06 -6.1605E+08  0.0000E+00 
7 7  0.0000E+00  1.0125E+00  0.0000E+00  2.9276E+06  6.1605E+08  2.9276E+06 
8 7  0.0000E+00  0.0000E+00  0.0000E+00  2.9276E+06 -6.1605E+08  2.9276E+06 
Elements: 1
1 1 1 2 4 3 5 6 8 7 
-1.3290E+07 -8.2660E-06 -8.3383E-06  2.4812E+09 -1.7153E-05 -1.3290E+07 
-1.3290E+07 -1.2156E-05  3.9427E-06  2.4812E+09 -1.7153E-05 -1.3290E+07 
-1.3290E+07 -1.6444E-05 -4.1536E-06  2.4812E+09 -4.2882E-06 -1.3290E+07 
-1.3290E+07 -1.2554E-05 -3.6010E-06  2.4812E+09 -4.2882E-06 -1.3290E+07 
-1.3290E+07  1.3825E-06 -6.2287E-06  2.4812E+09 -2.5015E-22 -1.3290E+07 
-1.3290E+07 -2.5077E-06  9.2168E-06  2.4812E+09  1.1583E-22 -1.3290E+07 
-1.3290E+07 -3.5798E-06  1.1205E-06  2.4812E+09  4.0088E-23 -1.3290E+07 
-1.3290E+07  3.1047E-07 -1.4913E-06  2.4812E+09  3.7550E-23 -1.3290E+07 

-------------------------------------------------------------
-------------------------------------------------------------

3-D EmbeddedElt       at increment:       26,        load:  0
hexa8
8
Node#, BC, Coordinates, Total Force
1 2  9.9598E-01  1.0136E+00  9.9598E-01  0.0000E+00  6.6999E+08  0.0000E+00 
2 2  9.9598E-01  0.0000E+00  9.9598E-01  0.0000E+00 -6.6999E+08  0.0000E+00 
3 6  9.9598E-01  1.0136E+00  0.0000E+00  0.0000E+00  6.6999E+08 -2.2079E+06 
4 6  9.9598E-01  0.0000E+00  0.0000E+00  0.0000E+00 -6.6999E+08 -2.2079E+06 
5 3  0.0000E+00  1.0136E+00  9.9598E-01 -2.2079E+06  6.6999E+08  0.0000E+00 
6 3  0.0000E+00  0.0000E+00  9.9598E-01 -2.2079E+06 -6.6999E+08  0.0000E+00 
7 7  0.0000E+00  1.0136E+00  0.0000E+00 -2.2079E+06  6.6999E+08 -2.2079E+06 
8 7  0.0000E+00  0.0000E+00  0.0000E+00 -2.2079E+06 -6.6999E+08 -2.2079E+06 
Elements: 1
1 1 1 2 4 3 5 6 8 7 
 4.5118E+06  7.7382E-06 -1.3471E-05  2.6974E+09  9.2347E-22  4.5118E+06 
 4.5118E+06  3.5098E-06 -6.5475E-06  2.6974E+09 -4.5373E-22  4.5118E+06 
 4.5118E+06 -1.3646E-05 -4.0628E-05  2.6974E+09 -1.0252E-22  4.5118E+06 
 4.5118E+06 -9.4180E-06 -2.7356E-05  2.6974E+09  2.9015E-22  4.5118E+06 
 4.5118E+06  6.6659E-06  1.2871E-05  2.6974E+09  1.7156E-05  4.5118E+06 
 4.5118E+06  2.4375E-06  3.0331E-05  2.6974E+09  1.7156E-05  4.5118E+06 
 4.5118E+06 -3.9961E-06 -3.7494E-06  2.6974E+09  4.2890E-06  4.5118E+06 
 4.5118E+06  2.3236E-07 -1.0144E-06  2.6974E+09  4.2890E-06  4.5118E+06 

-------------------------------------------------------------
-------------------------------------------------------------

3-D EmbeddedElt       at increment:       28,        load:  0
hexa8
8
Node#, BC, Coordinates, Total Force
1 2  9.9564E-01  1.0146E+00  9.9564E-01  0.0000E+00  7.1805E+08  0.0000E+00 
2 2  9.9564E-01  0.0000E+00  9.9564E-01  0.0000E+00 -7.1805E+08  0.0000E+00 
3 6  9.9564E-01  1.0146E+00  0.0000E+00  0.0000E+00  7.1805E+08  1.5892E+06 
4 6  9.9564E-01  0.0000E+00  0.0000E+00  0.0000E+00 -7.1805E+08  1.5892E+06 
5 3  0.0000E+00  1.0146E+00  9.9564E-01  1.5892E+06  7.1805E+08  0.0000E+00 
6 3  0.0000E+00  0.0000E+00  9.9564E-01  1.5892E+06 -7.1805E+08  0.0000E+00 
7 7  0.0000E+00  1.0146E+00  0.0000E+00  1.5892E+06  7.1805E+08  1.5892E+06 
8 7  0.0000E+00  0.0000E+00  0.0000E+00  1.5892E+06 -7.1805E+08  1.5892E+06 
Elements: 1
1 1 1 2 4 3 5 6 8 7 
-8.2826E+06  1.8638E-05  1.3638E-05  2.8955E+09 -6.2562E-23 -8.2826E+06 
-8.2826E+06  1.7834E-05  1.4991E-05  2.8955E+09  9.5614E-23 -8.2826E+06 
-8.2826E+06  4.9608E-06  6.7032E-06  2.8955E+09 -2.1455E-06 -8.2826E+06 
-8.2826E+06  5.7649E-06  1.5701E-05  2.8955E+09 -2.1455E-06 -8.2826E+06 
-8.2826E+06  5.7649E-06  1.0052E-06  2.8955E+09  8.5820E-06 -8.2826E+06 
-8.2826E+06  4.9608E-06  1.1833E-05  2.8955E+09  8.5820E-06 -8.2826E+06 
-8.2826E+06  1.7426E-06  3.5451E-06  2.8955E+09  2.1455E-06 -8.2826E+06 
-8.2826E+06  2.5467E-06  3.0691E-06  2.8955E+09  2.1455E-06 -8.2826E+06 

-------------------------------------------------------------
-------------------------------------------------------------

3-D EmbeddedElt       at increment:       30,        load:  0
hexa8
8
Node#, BC, Coordinates, Total Force
1 2  9.9535E-01  1.0156E+00  9.9535E-01  0.0000E+00  7.7020E+08  0.0000E+00 
2 2  9.9535E-01  0.0000E+00  9.9535E-01  0.0000E+00 -7.7020E+08  0.0000E+00 
3 6  9.9535E-01  1.0156E+00  0.0000E+00  0.0000E+00  7.7020E+08 -1.0387E+06 
4 6  9.9535E-01  0.0000E+00  0.0000E+00  0.0000E+00 -7.7020E+08 -1.0387E+06 
5 3  0.0000E+00  1.0156E+00  9.9535E-01 -1.0387E+06  7.7020E+08  0.0000E+00 
6 3  0.0000E+00  0.0000E+00  9.9535E-01 -1.0387E+06 -7.7020E+08  0.0000E+00 
7 7  0.0000E+00  1.0156E+00  0.0000E+00 -1.0387E+06  7.7020E+08 -1.0387E+06 
8 7  0.0000E+00  0.0000E+00  0.0000E+00 -1.0387E+06 -7.7020E+08 -1.0387E+06 
Elements: 1
1 1 1 2 4 3 5 6 8 7 
 2.1625E+05 -1.8731E-05 -6.2423E-06  3.1057E+09 -1.7169E-05  2.1625E+05 
 2.1625E+05 -1.7669E-05 -8.9460E-06  3.1057E+09 -1.7169E-05  2.1625E+05 
 2.1625E+05 -9.0842E-06  2.7087E-05  3.1057E+09 -4.2921E-06  2.1625E+05 
 2.1625E+05 -1.0146E-05  1.9099E-05  3.1057E+09 -4.2921E-06  2.1625E+05 
 2.1625E+05 -8.0004E-06 -2.9378E-05  3.1057E+09 -2.5753E-05  2.1625E+05 
 2.1625E+05 -6.9382E-06 -3.5236E-05  3.1057E+09 -2.5753E-05  2.1625E+05 
 2.1625E+05 -1.5730E-06  7.9682E-07  3.1057E+09 -6.4382E-06  2.1625E+05 
 2.1625E+05 -2.6352E-06 -4.0361E-06  3.1057E+09 -6.4382E-06  2.1625E+05 

-------------------------------------------------------------
-------------------------------------------------------------

3-D EmbeddedElt       at increment:       32,        load:  0
hexa8
8
Node#, BC, Coordinates, Total Force
1 2  9.9503E-01  1.0167E+00  9.9503E-01  0.0000E+00  8.1936E+08  0.0000E+00 
2 2  9.9503E-01  0.0000E+00  9.9503E-01  0.0000E+00 -8.1936E+08  0.0000E+00 
3 6  9.9503E-01  1.0167E+00  0.0000E+00  0.0000E+00  8.1936E+08  6.0015E+05 
4 6  9.9503E-01  0.0000E+00  0.0000E+00  0.0000E+00 -8.1936E+08  6.0015E+05 
5 3  0.0000E+00  1.0167E+00  9.9503E-01  6.0015E+05  8.1936E+08  0.0000E+00 
6 3  0.0000E+00  0.0000E+00  9.9503E-01  6.0015E+05 -8.1936E+08  0.0000E+00 
7 7  0.0000E+00  1.0167E+00  0.0000E+00  6.0015E+05  8.1936E+08  6.0015E+05 
8 7  0.0000E+00  0.0000E+00  0.0000E+00  6.0015E+05 -8.1936E+08  6.0015E+05 
Elements: 1
1 1 1 2 4 3 5 6 8 7 
-4.6900E+06 -1.0125E-05  5.2477E-06  3.3079E+09  2.5763E-05 -4.6900E+06 
-4.6900E+06 -9.1076E-06  7.7242E-06  3.3079E+09  2.5763E-05 -4.6900E+06 
-4.6900E+06  1.6655E-05  1.1899E-05  3.3079E+09  6.4407E-06 -4.6900E+06 
-4.6900E+06  1.5638E-05 -7.5621E-06  3.3079E+09  6.4407E-06 -4.6900E+06 
-4.6900E+06 -1.5374E-06  1.4703E-05  3.3079E+09 -3.6442E-22 -4.6900E+06 
-4.6900E+06 -5.1997E-07 -2.7818E-06  3.3079E+09  3.3706E-23 -4.6900E+06 
-4.6900E+06  4.8473E-06  1.3931E-06  3.3079E+09  4.8879E-24 -4.6900E+06 
-4.6900E+06  3.8298E-06  1.8932E-06  3.3079E+09 -1.0297E-22 -4.6900E+06 

-------------------------------------------------------------
-------------------------------------------------------------

3-D EmbeddedElt       at increment:       34,        load:  0
hexa8
8
Node#, BC, Coordinates, Total Force
1 2  9.9473E-01  1.0177E+00  9.9473E-01  0.0000E+00  8.7013E+08  0.0000E+00 
2 2  9.9473E-01  0.0000E+00  9.9473E-01  0.0000E+00 -8.7013E+08  0.0000E+00 
3 6  9.9473E-01  1.0177E+00  0.0000E+00  0.0000E+00  8.7013E+08 -2.2880E+05 
4 6  9.9473E-01  0.0000E+00  0.0000E+00  0.0000E+00 -8.7013E+08 -2.2880E+05 
5 3  0.0000E+00  1.0177E+00  9.9473E-01 -2.2880E+05  8.7013E+08  0.0000E+00 
6 3  0.0000E+00  0.0000E+00  9.9473E-01 -2.2880E+05 -8.7013E+08  0.0000E+00 
7 7  0.0000E+00  1.0177E+00  0.0000E+00 -2.2880E+05  8.7013E+08 -2.2880E+05 
8 7  0.0000E+00  0.0000E+00  0.0000E+00 -2.2880E+05 -8.7013E+08 -2.2880E+05 
Elements: 1
1 1 1 2 4 3 5 6 8 7 
-2.6648E+06  1.0940E-05  1.1032E-05  3.5139E+09  1.7181E-05 -2.6648E+06 
-2.6648E+06  9.4355E-06 -1.5630E-06  3.5139E+09  1.7181E-05 -2.6648E+06 
-2.6648E+06  9.4355E-06 -2.4690E-05  3.5139E+09  4.2952E-06 -2.6648E+06 
-2.6648E+06  1.0940E-05 -2.1541E-05  3.5139E+09  4.2952E-06 -2.6648E+06 
-2.6648E+06  5.5715E-06  3.7270E-05  3.5139E+09  8.5904E-06 -2.6648E+06 
-2.6648E+06  4.0665E-06  2.3626E-05  3.5139E+09  8.5904E-06 -2.6648E+06 
-2.6648E+06  2.9927E-06  4.9967E-07  3.5139E+09  9.9932E-23 -2.6648E+06 
-2.6648E+06  4.4977E-06  4.6979E-06  3.5139E+09  3.7626E-22 -2.6648E+06 

-------------------------------------------------------------
-------------------------------------------------------------

3-D EmbeddedElt       at increment:       36,        load:  0
hexa8
8
Node#, BC, Coordinates, Total Force
1 2  9.9443E-01  1.0188E+00  9.9443E-01  0.0000E+00  9.1996E+08  0.0000E+00 
2 2  9.9443E-01  0.0000E+00  9.9443E-01  0.0000E+00 -9.1996E+08  0.0000E+00 
3 6  9.9443E-01  1.0188E+00  0.0000E+00  0.0000E+00  9.1996E+08 -4.0492E+04 
4 6  9.9443E-01  0.0000E+00  0.0000E+00  0.0000E+00 -9.1996E+08 -4.0492E+04 
5 3  0.0000E+00  1.0188E+00  9.9443E-01 -4.0492E+04  9.1996E+08  0.0000E+00 
6 3  0.0000E+00  0.0000E+00  9.9443E-01 -4.0492E+04 -9.1996E+08  0.0000E+00 
7 7  0.0000E+00  1.0188E+00  0.0000E+00 -4.0492E+04  9.1996E+08 -4.0492E+04 
8 7  0.0000E+00  0.0000E+00  0.0000E+00 -4.0492E+04 -9.1996E+08 -4.0492E+04 
Elements: 1
1 1 1 2 4 3 5 6 8 7 
-2.4405E+06 -2.2099E-06 -7.5089E-06  3.7186E+09 -3.4373E-05 -2.4405E+06 
-2.4405E+06  1.6200E-07 -1.7245E-05  3.7186E+09 -3.4373E-05 -2.4405E+06 
-2.4405E+06 -2.5618E-05 -1.9068E-05  3.7186E+09 -1.2890E-05 -2.4405E+06 
-2.4405E+06 -2.7990E-05  2.7927E-07  3.7186E+09 -1.2890E-05 -2.4405E+06 
-2.4405E+06 -2.2099E-06 -9.6060E-06  3.7186E+09 -1.7187E-05 -2.4405E+06 
-2.4405E+06  1.6200E-07 -4.6864E-07  3.7186E+09 -1.7187E-05 -2.4405E+06 
-2.4405E+06 -6.2830E-06 -2.2918E-06  3.7186E+09 -6.4450E-06 -2.4405E+06 
-2.4405E+06 -8.6549E-06 -1.8178E-06  3.7186E+09 -6.4450E-06 -2.4405E+06 

-------------------------------------------------------------
-------------------------------------------------------------

3-D EmbeddedElt       at increment:       38,        load:  0
hexa8
8
Node#, BC, Coordinates, Total Force
1 2  9.9412E-01  1.0198E+00  9.9412E-01  0.0000E+00  9.6977E+08  0.0000E+00 
2 2  9.9412E-01  0.0000E+00  9.9412E-01  0.0000E+00 -9.6977E+08  0.0000E+00 
3 6  9.9412E-01  1.0198E+00  0.0000E+00  0.0000E+00  9.6977E+08  2.5778E+05 
4 6  9.9412E-01  0.0000E+00  0.0000E+00  0.0000E+00 -9.6977E+08  2.5778E+05 
5 3  0.0000E+00  1.0198E+00  9.9412E-01  2.5778E+05  9.6977E+08  0.0000E+00 
6 3  0.0000E+00  0.0000E+00  9.9412E-01  2.5778E+05 -9.6977E+08  0.0000E+00 
7 7  0.0000E+00  1.0198E+00  0.0000E+00  2.5778E+05  9.6977E+08  2.5778E+05 
8 7  0.0000E+00  0.0000E+00  0.0000E+00  2.5778E+05 -9.6977E+08  2.5778E+05 
Elements: 1
1 1 1 2 4 3 5 6 8 7 
-4.3216E+06  2.2810E-05  8.9308E-06  3.9218E+09  8.5964E-06 -4.3216E+06 
-4.3216E+06  2.1795E-05  7.0596E-06  3.9218E+09  8.5964E-06 -4.3216E+06 
-4.3216E+06  3.0383E-07  2.2828E-05  3.9218E+09  2.1491E-06 -4.3216E+06 
-4.3216E+06  1.3193E-06  3.9190E-05  3.9218E+09  2.1491E-06 -4.3216E+06 
-4.3216E+06  7.7666E-06 -2.8779E-05  3.9218E+09  3.4386E-05 -4.3216E+06 
-4.3216E+06  6.7512E-06 -1.4938E-05  3.9218E+09  3.4386E-05 -4.3216E+06 
-4.3216E+06  1.3784E-06  8.3050E-07  3.9218E+09  6.4473E-06 -4.3216E+06 
-4.3216E+06  2.3938E-06  1.4796E-06  3.9218E+09  6.4473E-06 -4.3216E+06 

-------------------------------------------------------------
-------------------------------------------------------------

3-D EmbeddedElt       at increment:       40,        load:  0
hexa8
8
Node#, BC, Coordinates, Total Force
1 2  9.9382E-01  1.0208E+00  9.9382E-01  0.0000E+00  1.0199E+09  0.0000E+00 
2 2  9.9382E-01  0.0000E+00  9.9382E-01  0.0000E+00 -1.0199E+09  0.0000E+00 
3 6  9.9382E-01  1.0208E+00  0.0000E+00  0.0000E+00  1.0199E+09 -3.9190E+05 
4 6  9.9382E-01  0.0000E+00  0.0000E+00  0.0000E+00 -1.0199E+09 -3.9190E+05 
5 3  0.0000E+00  1.0208E+00  9.9382E-01 -3.9190E+05  1.0199E+09  0.0000E+00 
6 3  0.0000E+00  0.0000E+00  9.9382E-01 -3.9190E+05 -1.0199E+09  0.0000E+00 
7 7  0.0000E+00  1.0208E+00  0.0000E+00 -3.9190E+05  1.0199E+09 -3.9190E+05 
8 7  0.0000E+00  0.0000E+00  0.0000E+00 -3.9190E+05 -1.0199E+09 -3.9190E+05 
Elements: 1
1 1 1 2 4 3 5 6 8 7 
-1.2693E+06  3.0209E-06  1.2731E-05  4.1277E+09  8.5992E-06 -1.2693E+06 
-1.2693E+06  5.1095E-06  1.0265E-05  4.1277E+09  8.5992E-06 -1.2693E+06 
-1.2693E+06  5.1095E-06  1.2018E-05  4.1277E+09  2.1498E-06 -1.2693E+06 
-1.2693E+06  3.0209E-06  1.2567E-05  4.1277E+09  2.1498E-06 -1.2693E+06 
-1.2693E+06 -1.2787E-06  3.3134E-06  4.1277E+09  8.5992E-06 -1.2693E+06 
-1.2693E+06  8.0994E-07  1.8930E-06  4.1277E+09  8.5992E-06 -1.2693E+06 
-1.2693E+06  1.8848E-06  3.6468E-06  4.1277E+09  2.1498E-06 -1.2693E+06 
-1.2693E+06 -2.0378E-07  3.1486E-06  4.1277E+09  2.1498E-06 -1.2693E+06 

-------------------------------------------------------------
-------------------------------------------------------------

3-D EmbeddedElt       at increment:       42,        load:  0
hexa8
8
Node#, BC, Coordinates, Total Force
1 2  9.9351E-01  1.0219E+00  9.9351E-01  0.0000E+00  1.0691E+09  0.0000E+00 
2 2  9.9351E-01  0.0000E+00  9.9351E-01  0.0000E+00 -1.0691E+09  0.0000E+00 
3 6  9.9351E-01  1.0219E+00  0.0000E+00  0.0000E+00  1.0691E+09  4.9393E+05 
4 6  9.9351E-01  0.0000E+00  0.0000E+00  0.0000E+00 -1.0691E+09  4.9393E+05 
5 3  0.0000E+00  1.0219E+00  9.9351E-01  4.9393E+05  1.0691E+09  0.0000E+00 
6 3  0.0000E+00  0.0000E+00  9.9351E-01  4.9393E+05 -1.0691E+09  0.0000E+00 
7 7  0.0000E+00  1.0219E+00  0.0000E+00  4.9393E+05  1.0691E+09  4.9393E+05 
8 7  0.0000E+00  0.0000E+00  0.0000E+00  4.9393E+05 -1.0691E+09  4.9393E+05 
Elements: 1
1 1 1 2 4 3 5 6 8 7 
-5.0588E+06 -4.6444E-05 -1.9168E-05  4.3294E+09 -1.7205E-05 -5.0588E+06 
-5.0588E+06 -4.8125E-05 -1.1999E-05  4.3294E+09 -1.7205E-05 -5.0588E+06 
-5.0588E+06 -9.4141E-06 -1.7788E-05  4.3294E+09 -4.3012E-06 -5.0588E+06 
-5.0588E+06 -7.7336E-06 -4.7261E-05  4.3294E+09 -4.3012E-06 -5.0588E+06 
-5.0588E+06 -1.2035E-05  2.3695E-05  4.3294E+09 -4.3012E-05 -5.0588E+06 
-5.0588E+06 -1.3715E-05  4.7286E-06  4.3294E+09 -4.3012E-05 -5.0588E+06 
-5.0588E+06 -1.8870E-06 -1.0606E-06  4.3294E+09 -1.2904E-05 -5.0588E+06 
-5.0588E+06 -2.0648E-07 -4.3971E-06  4.3294E+09 -1.2904E-05 -5.0588E+06 

-------------------------------------------------------------
-------------------------------------------------------------

3-D EmbeddedElt       at increment:       44,        load:  0
hexa8
8
Node#, BC, Coordinates, Total Force
1 2  9.9321E-01  1.0229E+00  9.9321E-01  0.0000E+00  1.1192E+09  0.0000E+00 
2 2  9.9321E-01  0.0000E+00  9.9321E-01  0.0000E+00 -1.1192E+09  0.0000E+00 
3 6  9.9321E-01  1.0229E+00  0.0000E+00  0.0000E+00  1.1192E+09 -5.3298E+05 
4 6  9.9321E-01  0.0000E+00  0.0000E+00  0.0000E+00 -1.1192E+09 -5.3298E+05 
5 3  0.0000E+00  1.0229E+00  9.9321E-01 -5.3298E+05  1.1192E+09  0.0000E+00 
6 3  0.0000E+00  0.0000E+00  9.9321E-01 -5.3298E+05 -1.1192E+09  0.0000E+00 
7 7  0.0000E+00  1.0229E+00  0.0000E+00 -5.3298E+05  1.1192E+09 -5.3298E+05 
8 7  0.0000E+00  0.0000E+00  0.0000E+00 -5.3298E+05 -1.1192E+09 -5.3298E+05 
Elements: 1
1 1 1 2 4 3 5 6 8 7 
-8.5893E+05  5.3379E-06  1.8985E-05  4.5354E+09  1.7210E-05 -8.5893E+05 
-8.5893E+05  4.8936E-06  1.7270E-05  4.5354E+09  1.7210E-05 -8.5893E+05 
-8.5893E+05  2.6406E-05  7.9774E-06  4.5354E+09  6.4538E-06 -8.5893E+05 
-8.5893E+05  2.6850E-05 -7.1914E-06  4.5354E+09  6.4538E-06 -8.5893E+05 
-8.5893E+05  3.1866E-06  3.1518E-05  4.5354E+09  4.9445E-22 -8.5893E+05 
-8.5893E+05  2.7423E-06  1.3092E-05  4.5354E+09  1.0352E-22 -8.5893E+05 
-8.5893E+05  7.0448E-06  3.7998E-06  4.5354E+09  3.0046E-23 -8.5893E+05 
-8.5893E+05  7.4891E-06  5.3414E-06  4.5354E+09  1.3186E-22 -8.5893E+05 

-------------------------------------------------------------
-------------------------------------------------------------

3-D EmbeddedElt       at increment:       46,        load:  0
hexa8
8
Node#, BC, Coordinates, Total Force
1 2  9.9290E-01  1.0239E+00  9.9290E-01  0.0000E+00  1.1680E+09  0.0000E+00 
2 2  9.9290E-01  0.0000E+00  9.9290E-01  0.0000E+00 -1.1680E+09  0.0000E+00 
3 6  9.9290E-01  1.0239E+00  0.0000E+00  0.0000E+00  1.1680E+09  5.5887E+05 
4 6  9.9290E-01  0.0000E+00  0.0000E+00  0.0000E+00 -1.1680E+09  5.5887E+05 
5 3  0.0000E+00  1.0239E+00  9.9290E-01  5.5887E+05  1.1680E+09  0.0000E+00 
6 3  0.0000E+00  0.0000E+00  9.9290E-01  5.5887E+05 -1.1680E+09  0.0000E+00 
7 7  0.0000E+00  1.0239E+00  0.0000E+00  5.5887E+05  1.1680E+09  5.5887E+05 
8 7  0.0000E+00  0.0000E+00  0.0000E+00  5.5887E+05 -1.1680E+09  5.5887E+05 
Elements: 1
1 1 1 2 4 3 5 6 8 7 
-5.1868E+06  1.6631E-05 -9.8136E-06  4.7363E+09  2.4088E-22 -5.1868E+06 
-5.1868E+06  1.7865E-05 -1.4733E-05  4.7363E+09 -2.0051E-22 -5.1868E+06 
-5.1868E+06  4.9527E-06  1.7956E-06  4.7363E+09 -5.6918E-23 -5.1868E+06 
-5.1868E+06  3.7181E-06  1.2280E-05  4.7363E+09  6.7427E-23 -5.1868E+06 
-5.1868E+06  5.8701E-06 -2.3378E-05  4.7363E+09  1.7217E-05 -5.1868E+06 
-5.1868E+06  7.1048E-06 -2.2037E-05  4.7363E+09  1.7217E-05 -5.1868E+06 
-5.1868E+06  6.4854E-07 -5.5083E-06  4.7363E+09  2.1521E-06 -5.1868E+06 
-5.1868E+06 -5.8608E-07 -1.2847E-06  4.7363E+09  2.1521E-06 -5.1868E+06 

-------------------------------------------------------------
-------------------------------------------------------------

3-D EmbeddedElt       at increment:       48,        load:  0
hexa8
8
Node#, BC, Coordinates, Total Force
1 2  9.9261E-01  1.0250E+00  9.9261E-01  0.0000E+00  1.2180E+09  0.0000E+00 
2 2  9.9261E-01  0.0000E+00  9.9261E-01  0.0000E+00 -1.2180E+09  0.0000E+00 
3 6  9.9261E-01  1.0250E+00  0.0000E+00  0.0000E+00  1.2180E+09 -5.3920E+05 
4 6  9.9261E-01  0.0000E+00  0.0000E+00  0.0000E+00 -1.2180E+09 -5.3920E+05 
5 3  0.0000E+00  1.0250E+00  9.9261E-01 -5.3920E+05  1.2180E+09  0.0000E+00 
6 3  0.0000E+00  0.0000E+00  9.9261E-01 -5.3920E+05 -1.2180E+09  0.0000E+00 
7 7  0.0000E+00  1.0250E+00  0.0000E+00 -5.3920E+05  1.2180E+09 -5.3920E+05 
8 7  0.0000E+00  0.0000E+00  0.0000E+00 -5.3920E+05 -1.2180E+09 -5.3920E+05 
Elements: 1
1 1 1 2 4 3 5 6 8 7 
-9.1948E+05 -2.6325E-06  1.8387E-05  4.9419E+09 -3.4444E-05 -9.1948E+05 
-9.1948E+05 -4.2948E-07  3.7936E-06  4.9419E+09 -3.4444E-05 -9.1948E+05 
-9.1948E+05 -3.9179E-05  1.3907E-05  4.9419E+09 -1.0764E-05 -9.1948E+05 
-9.1948E+05 -4.1382E-05  4.3615E-05  4.9419E+09 -1.0764E-05 -9.1948E+05 
-9.1948E+05 -1.5562E-06 -2.1223E-05  4.9419E+09 -1.7222E-05 -9.1948E+05 
-9.1948E+05  6.4688E-07 -9.7571E-06  4.9419E+09 -1.7222E-05 -9.1948E+05 
-9.1948E+05 -1.1193E-05  3.5656E-07  4.9419E+09 -4.3055E-06 -9.1948E+05 
-9.1948E+05 -1.3396E-05  4.0048E-06  4.9419E+09 -4.3055E-06 -9.1948E+05 

-------------------------------------------------------------
-------------------------------------------------------------

3-D EmbeddedElt       at increment:       50,        load:  0
hexa8
8
Node#, BC, Coordinates, Total Force
1 2  9.9229E-01  1.0260E+00  9.9229E-01  0.0000E+00  1.2666E+09  0.0000E+00 
2 2  9.9229E-01  0.0000E+00  9.9229E-01  0.0000E+00 -1.2666E+09  0.0000E+00 
3 6  9.9229E-01  1.0260E+00  0.0000E+00  0.0000E+00  1.2666E+09  5.2161E+05 
4 6  9.9229E-01  0.0000E+00  0.0000E+00  0.0000E+00 -1.2666E+09  5.2161E+05 
5 3  0.0000E+00  1.0260E+00  9.9229E-01  5.2161E+05  1.2666E+09  0.0000E+00 
6 3  0.0000E+00  0.0000E+00  9.9229E-01  5.2161E+05 -1.2666E+09  0.0000E+00 
7 7  0.0000E+00  1.0260E+00  0.0000E+00  5.2161E+05  1.2666E+09  5.2161E+05 
8 7  0.0000E+00  0.0000E+00  0.0000E+00  5.2161E+05 -1.2666E+09  5.2161E+05 
Elements: 1
1 1 1 2 4 3 5 6 8 7 
-4.9661E+06  2.9333E-05  1.8952E-06  5.1424E+09  1.7228E-05 -4.9661E+06 
-4.9661E+06  2.5024E-05  1.3870E-05  5.1424E+09  1.7228E-05 -4.9661E+06 
-4.9661E+06  1.6409E-05 -8.5106E-06  5.1424E+09  4.3071E-06 -4.9661E+06 
-4.9661E+06  2.0718E-05 -5.2120E-06  5.1424E+09  4.3071E-06 -4.9661E+06 
-4.9661E+06  1.3181E-05  1.0226E-05  5.1424E+09  3.4457E-05 -4.9661E+06 
-4.9661E+06  8.8720E-06  2.3242E-05  5.1424E+09  3.4457E-05 -4.9661E+06 
-4.9661E+06  1.3346E-06  8.6179E-07  5.1424E+09  1.0768E-05 -4.9661E+06 
-4.9661E+06  5.6437E-06  3.1190E-06  5.1424E+09  1.0768E-05 -4.9661E+06 

-------------------------------------------------------------
-------------------------------------------------------------

3-D EmbeddedElt       at increment:       52,        load:  0
hexa8
8
Node#, BC, Coordinates, Total Force
1 2  9.9200E-01  1.0271E+00  9.9200E-01  0.0000E+00  1.3163E+09  0.0000E+00 
2 2  9.9200E-01  0.0000E+00  9.9200E-01  0.0000E+00 -1.3163E+09  0.0000E+00 
3 6  9.9200E-01  1.0271E+00  0.0000E+00  0.0000E+00  1.3163E+09 -4.7157E+05 
4 6  9.9200E-01  0.0000E+00  0.0000E+00  0.0000E+00 -1.3163E+09 -4.7157E+05 
5 3  0.0000E+00  1.0271E+00  9.9200E-01 -4.7157E+05  1.3163E+09  0.0000E+00 
6 3  0.0000E+00  0.0000E+00  9.9200E-01 -4.7157E+05 -1.3163E+09  0.0000E+00 
7 7  0.0000E+00  1.0271E+00  0.0000E+00 -4.7157E+05  1.3163E+09 -4.7157E+05 
8 7  0.0000E+00  0.0000E+00  0.0000E+00 -4.7157E+05 -1.3163E+09 -4.7157E+05 
Elements: 1
1 1 1 2 4 3 5 6 8 7 
-1.2244E+06 -1.4790E-05 -1.1452E-05  5.3472E+09 -7.5646E-22 -1.2244E+06 
-1.2244E+06 -1.2550E-05 -2.7581E-06  5.3472E+09  1.3297E-22 -1.2244E+06 
-1.2244E+06  3.7497E-07 -2.2553E-05  5.3472E+09  3.3162E-23 -1.2244E+06 
-1.2244E+06 -1.8651E-06 -3.4021E-05  5.3472E+09 -1.9042E-22 -1.2244E+06 
-1.2244E+06 -6.1735E-06  1.7677E-05  5.3472E+09 -8.6168E-06 -1.2244E+06 
-1.2244E+06 -3.9334E-06  1.9089E-05  5.3472E+09 -8.6168E-06 -1.2244E+06 
-1.2244E+06  1.4521E-06 -7.0563E-07  5.3472E+09  3.3162E-23 -1.2244E+06 
-1.2244E+06 -7.8801E-07 -4.8919E-06  5.3472E+09 -1.9042E-22 -1.2244E+06 

-------------------------------------------------------------
-------------------------------------------------------------

3-D EmbeddedElt       at increment:       54,        load:  0
hexa8
8
Node#, BC, Coordinates, Total Force
1 2  9.9169E-01  1.0281E+00  9.9169E-01  0.0000E+00  1.3647E+09  0.0000E+00 
2 2  9.9169E-01  0.0000E+00  9.9169E-01  0.0000E+00 -1.3647E+09  0.0000E+00 
3 6  9.9169E-01  1.0281E+00  0.0000E+00  0.0000E+00  1.3647E+09  4.3439E+05 
4 6  9.9169E-01  0.0000E+00  0.0000E+00  0.0000E+00 -1.3647E+09  4.3439E+05 
5 3  0.0000E+00  1.0281E+00  9.9169E-01  4.3439E+05  1.3647E+09  0.0000E+00 
6 3  0.0000E+00  0.0000E+00  9.9169E-01  4.3439E+05 -1.3647E+09  0.0000E+00 
7 7  0.0000E+00  1.0281E+00  0.0000E+00  4.3439E+05  1.3647E+09  4.3439E+05 
8 7  0.0000E+00  0.0000E+00  0.0000E+00  4.3439E+05 -1.3647E+09  4.3439E+05 
Elements: 1
1 1 1 2 4 3 5 6 8 7 
-4.5880E+06 -3.1853E-05  7.7700E-06  5.5477E+09 -8.6200E-06 -4.5880E+06 
-4.5880E+06 -3.3396E-05 -3.8103E-06  5.5477E+09 -8.6200E-06 -4.5880E+06 
-4.5880E+06 -7.5364E-06  2.3562E-05  5.5477E+09 -2.1550E-06 -4.5880E+06 
-4.5880E+06 -5.9929E-06  8.2926E-06  5.5477E+09 -2.1550E-06 -4.5880E+06 
-4.5880E+06 -5.9929E-06  3.6126E-06  5.5477E+09 -3.4480E-05 -4.5880E+06 
-4.5880E+06 -7.5364E-06 -2.7715E-05  5.5477E+09 -3.4480E-05 -4.5880E+06 
-4.5880E+06 -2.1489E-06 -3.4294E-07  5.5477E+09 -1.0775E-05 -4.5880E+06 
-4.5880E+06 -6.0541E-07  4.1351E-06  5.5477E+09 -1.0775E-05 -4.5880E+06 

-------------------------------------------------------------
-------------------------------------------------------------

3-D EmbeddedElt       at increment:       56,        load:  0
hexa8
8
Node#, BC, Coordinates, Total Force
1 2  9.9140E-01  1.0291E+00  9.9140E-01  0.0000E+00  1.4140E+09  0.0000E+00 
2 2  9.9140E-01  0.0000E+00  9.9140E-01  0.0000E+00 -1.4140E+09  0.0000E+00 
3 6  9.9140E-01  1.0291E+00  0.0000E+00  0.0000E+00  1.4140E+09 -3.7352E+05 
4 6  9.9140E-01  0.0000E+00  0.0000E+00  0.0000E+00 -1.4140E+09 -3.7352E+05 
5 3  0.0000E+00  1.0291E+00  9.9140E-01 -3.7352E+05  1.4140E+09  0.0000E+00 
6 3  0.0000E+00  0.0000E+00  9.9140E-01 -3.7352E+05 -1.4140E+09  0.0000E+00 
7 7  0.0000E+00  1.0291E+00  0.0000E+00 -3.7352E+05  1.4140E+09 -3.7352E+05 
8 7  0.0000E+00  0.0000E+00  0.0000E+00 -3.7352E+05 -1.4140E+09 -3.7352E+05 
Elements: 1
1 1 1 2 4 3 5 6 8 7 
-1.6170E+06  2.8205E-05  1.2635E-05  5.7516E+09  4.3114E-05 -1.6170E+06 
-1.6170E+06  2.6722E-05 -4.3487E-06  5.7516E+09  4.3114E-05 -1.6170E+06 
-1.6170E+06  3.5345E-05  2.7491E-05  5.7516E+09  1.2934E-05 -1.6170E+06 
-1.6170E+06  3.6827E-05  2.7516E-05  5.7516E+09  1.2934E-05 -1.6170E+06 
-1.6170E+06  8.8035E-06 -1.2284E-05  5.7516E+09  1.7245E-05 -1.6170E+06 
-1.6170E+06  7.3212E-06 -3.4460E-05  5.7516E+09  1.7245E-05 -1.6170E+06 
-1.6170E+06  1.0555E-05 -2.6207E-06  5.7516E+09  4.3114E-06 -1.6170E+06 
-1.6170E+06  1.2037E-05  2.5958E-06  5.7516E+09  4.3114E-06 -1.6170E+06 

-------------------------------------------------------------
-------------------------------------------------------------

3-D EmbeddedElt       at increment:       58,        load:  0
hexa8
8
Node#, BC, Coordinates, Total Force
1 2  9.9109E-01  1.0302E+00  9.9109E-01  0.0000E+00  1.4623E+09  0.0000E+00 
2 2  9.9109E-01  0.0000E+00  9.9109E-01  0.0000E+00 -1.4623E+09  0.0000E+00 
3 6  9.9109E-01  1.0302E+00  0.0000E+00  0.0000E+00  1.4623E+09  3.3229E+05 
4 6  9.9109E-01  0.0000E+00  0.0000E+00  0.0000E+00 -1.4623E+09  3.3229E+05 
5 3  0.0000E+00  1.0302E+00  9.9109E-01  3.3229E+05  1.4623E+09  0.0000E+00 
6 3  0.0000E+00  0.0000E+00  9.9109E-01  3.3229E+05 -1.4623E+09  0.0000E+00 
7 7  0.0000E+00  1.0302E+00  0.0000E+00  3.3229E+05  1.4623E+09  3.3229E+05 
8 7  0.0000E+00  0.0000E+00  0.0000E+00  3.3229E+05 -1.4623E+09  3.3229E+05 
Elements: 1
1 1 1 2 4 3 5 6 8 7 
-4.1767E+06 -1.1175E-05 -2.5328E-05  5.9521E+09 -8.6259E-06 -4.1767E+06 
-4.1767E+06 -1.2549E-05 -9.1009E-06  5.9521E+09 -8.6259E-06 -4.1767E+06 
-4.1767E+06 -1.2549E-05 -1.4460E-05  5.9521E+09 -2.1565E-06 -4.1767E+06 
-4.1767E+06 -1.1175E-05 -1.8584E-05  5.9521E+09 -2.1565E-06 -4.1767E+06 
-4.1767E+06 -3.6276E-06 -1.4954E-05  5.9521E+09 -2.0783E-22 -4.1767E+06 
-4.1767E+06 -5.0019E-06  3.3471E-06  5.9521E+09  3.9393E-23 -4.1767E+06 
-4.1767E+06 -2.8454E-06 -2.0119E-06  5.9521E+09  2.1565E-06 -4.1767E+06 
-4.1767E+06 -1.4711E-06 -8.2111E-06  5.9521E+09  2.1565E-06 -4.1767E+06 

-------------------------------------------------------------
-------------------------------------------------------------

3-D EmbeddedElt       at increment:       60,        load:  0
hexa8
8
Node#, BC, Coordinates, Total Force
1 2  9.9080E-01  1.0312E+00  9.9080E-01  0.0000E+00  1.5113E+09  0.0000E+00 
2 2  9.9080E-01  0.0000E+00  9.9080E-01  0.0000E+00 -1.5113E+09  0.0000E+00 
3 6  9.9080E-01  1.0312E+00  0.0000E+00  0.0000E+00  1.5113E+09 -2.7250E+05 
4 6  9.9080E-01  0.0000E+00  0.0000E+00  0.0000E+00 -1.5113E+09 -2.7250E+05 
5 3  0.0000E+00  1.0312E+00  9.9080E-01 -2.7250E+05  1.5113E+09  0.0000E+00 
6 3  0.0000E+00  0.0000E+00  9.9080E-01 -2.7250E+05 -1.5113E+09  0.0000E+00 
7 7  0.0000E+00  1.0312E+00  0.0000E+00 -2.7250E+05  1.5113E+09 -2.7250E+05 
8 7  0.0000E+00  0.0000E+00  0.0000E+00 -2.7250E+05 -1.5113E+09 -2.7250E+05 
Elements: 1
1 1 1 2 4 3 5 6 8 7 
-2.0019E+06 -2.4431E-05 -1.5669E-06  6.1551E+09 -4.3143E-05 -2.0019E+06 
-2.0019E+06 -2.6223E-05  3.5000E-05  6.1551E+09 -4.3143E-05 -2.0019E+06 
-2.0019E+06 -3.4852E-05 -1.1584E-05  6.1551E+09 -1.0786E-05 -2.0019E+06 
-2.0019E+06 -3.3060E-05 -1.4125E-05  6.1551E+09 -1.0786E-05 -2.0019E+06 
-2.0019E+06 -5.0171E-06  1.3978E-05  6.1551E+09  3.7663E-22 -2.0019E+06 
-2.0019E+06 -6.8087E-06  5.5727E-05  6.1551E+09 -2.9181E-22 -2.0019E+06 
-2.0019E+06 -1.0044E-05  9.1427E-06  6.1551E+09 -7.9467E-23 -2.0019E+06 
-2.0019E+06 -8.2528E-06  1.4199E-06  6.1551E+09  1.2977E-22 -2.0019E+06 

-------------------------------------------------------------
-------------------------------------------------------------

3-D EmbeddedElt       at increment:       62,        load:  0
hexa8
8
Node#, BC, Coordinates, Total Force
1 2  9.9049E-01  1.0322E+00  9.9049E-01  0.0000E+00  1.5595E+09  0.0000E+00 
2 2  9.9049E-01  0.0000E+00  9.9049E-01  0.0000E+00 -1.5595E+09  0.0000E+00 
3 6  9.9049E-01  1.0322E+00  0.0000E+00  0.0000E+00  1.5595E+09  2.3596E+05 
4 6  9.9049E-01  0.0000E+00  0.0000E+00  0.0000E+00 -1.5595E+09  2.3596E+05 
5 3  0.0000E+00  1.0322E+00  9.9049E-01  2.3596E+05  1.5595E+09  0.0000E+00 
6 3  0.0000E+00  0.0000E+00  9.9049E-01  2.3596E+05 -1.5595E+09  0.0000E+00 
7 7  0.0000E+00  1.0322E+00  0.0000E+00  2.3596E+05  1.5595E+09  2.3596E+05 
8 7  0.0000E+00  0.0000E+00  0.0000E+00  2.3596E+05 -1.5595E+09  2.3596E+05 
Elements: 1
1 1 1 2 4 3 5 6 8 7 
-3.8025E+06  6.0791E-05  1.0426E-05  6.3556E+09  2.5895E-05 -3.8025E+06 
-3.8025E+06  6.5144E-05 -8.3583E-06  6.3556E+09  2.5895E-05 -3.8025E+06 
-3.8025E+06  3.4934E-05 -8.3803E-06  6.3556E+09  6.4738E-06 -3.8025E+06 
-3.8025E+06  3.0580E-05  1.7134E-05  6.3556E+09  6.4738E-06 -3.8025E+06 
-3.8025E+06  1.3316E-05 -5.1036E-06  6.3556E+09  3.4527E-05 -3.8025E+06 
-3.8025E+06  1.7670E-05 -2.1463E-06  6.3556E+09  3.4527E-05 -3.8025E+06 
-3.8025E+06  1.0117E-05 -2.1683E-06  6.3556E+09  8.6317E-06 -3.8025E+06 
-3.8025E+06  5.7637E-06  1.6040E-06  6.3556E+09  8.6317E-06 -3.8025E+06 

-------------------------------------------------------------
-------------------------------------------------------------

3-D EmbeddedElt       at increment:       64,        load:  0
hexa8
8
Node#, BC, Coordinates, Total Force
1 2  9.9020E-01  1.0333E+00  9.9020E-01  0.0000E+00  1.6082E+09  0.0000E+00 
2 2  9.9020E-01  0.0000E+00  9.9020E-01  0.0000E+00 -1.6082E+09  0.0000E+00 
3 6  9.9020E-01  1.0333E+00  0.0000E+00  0.0000E+00  1.6082E+09 -1.8334E+05 
4 6  9.9020E-01  0.0000E+00  0.0000E+00  0.0000E+00 -1.6082E+09 -1.8334E+05 
5 3  0.0000E+00  1.0333E+00  9.9020E-01 -1.8334E+05  1.6082E+09  0.0000E+00 
6 3  0.0000E+00  0.0000E+00  9.9020E-01 -1.8334E+05 -1.6082E+09  0.0000E+00 
7 7  0.0000E+00  1.0333E+00  0.0000E+00 -1.8334E+05  1.6082E+09 -1.8334E+05 
8 7  0.0000E+00  0.0000E+00  0.0000E+00 -1.8334E+05 -1.6082E+09 -1.8334E+05 
Elements: 1
1 1 1 2 4 3 5 6 8 7 
-2.3304E+06 -2.1775E-05  6.2791E-06  6.5577E+09  8.6345E-06 -2.3304E+06 
-2.3304E+06 -2.1312E-05 -2.8739E-05  6.5577E+09  8.6345E-06 -2.3304E+06 
-2.3304E+06 -2.1312E-05  2.0071E-05  6.5577E+09  2.1586E-06 -2.3304E+06 
-2.3304E+06 -2.1775E-05  2.9231E-05  6.5577E+09  2.1586E-06 -2.3304E+06 
-2.3304E+06 -6.6645E-06 -2.1648E-05  6.5577E+09 -2.5904E-05 -2.3304E+06 
-2.3304E+06 -6.2012E-06 -5.5632E-05  6.5577E+09 -2.5904E-05 -2.3304E+06 
-2.3304E+06 -5.1219E-06 -6.8216E-06  6.5577E+09 -8.6345E-06 -2.3304E+06 
-2.3304E+06 -5.5852E-06  1.3044E-06  6.5577E+09 -8.6345E-06 -2.3304E+06 

-------------------------------------------------------------
-------------------------------------------------------------

3-D EmbeddedElt       at increment:       66,        load:  0
hexa8
8
Node#, BC, Coordinates, Total Force
1 2  9.8989E-01  1.0343E+00  9.8989E-01  0.0000E+00  1.6563E+09  0.0000E+00 
2 2  9.8989E-01  0.0000E+00  9.8989E-01  0.0000E+00 -1.6563E+09  0.0000E+00 
3 6  9.8989E-01  1.0343E+00  0.0000E+00  0.0000E+00  1.6563E+09  1.5542E+05 
4 6  9.8989E-01  0.0000E+00  0.0000E+00  0.0000E+00 -1.6563E+09  1.5542E+05 
5 3  0.0000E+00  1.0343E+00  9.8989E-01  1.5542E+05  1.6563E+09  0.0000E+00 
6 3  0.0000E+00  0.0000E+00  9.8989E-01  1.5542E+05 -1.6563E+09  0.0000E+00 
7 7  0.0000E+00  1.0343E+00  0.0000E+00  1.5542E+05  1.6563E+09  1.5542E+05 
8 7  0.0000E+00  0.0000E+00  0.0000E+00  1.5542E+05 -1.6563E+09  1.5542E+05 
Elements: 1
1 1 1 2 4 3 5 6 8 7 
-3.4968E+06 -5.0078E-05 -2.5726E-06  6.7581E+09 -2.5913E-05 -3.4968E+06 
-3.4968E+06 -5.2450E-05  2.0678E-05  6.7581E+09 -2.5913E-05 -3.4968E+06 
-3.4968E+06 -1.3582E-05  2.6141E-05  6.7581E+09 -6.4781E-06 -3.4968E+06 
-3.4968E+06 -1.1209E-05 -7.0989E-06  6.7581E+09 -6.4781E-06 -3.4968E+06 
-3.4968E+06 -1.3368E-05  3.6274E-06  6.7581E+09 -4.3188E-05 -3.4968E+06 
-3.4968E+06 -1.5741E-05  1.1655E-08  6.7581E+09 -4.3188E-05 -3.4968E+06 
-3.4968E+06 -4.9441E-06  5.4742E-06  6.7581E+09 -1.0797E-05 -3.4968E+06 
-3.4968E+06 -2.5715E-06 -8.9888E-07  6.7581E+09 -1.0797E-05 -3.4968E+06 

-------------------------------------------------------------
-------------------------------------------------------------

3-D EmbeddedElt       at increment:       68,        load:  0
hexa8
8
Node#, BC, Coordinates, Total Force
1 2  9.8960E-01  1.0353E+00  9.8960E-01  0.0000E+00  1.7046E+09  0.0000E+00 
2 2  9.8960E-01  0.0000E+00  9.8960E-01  0.0000E+00 -1.7046E+09  0.0000E+00 
3 6  9.8960E-01  1.0353E+00  0.0000E+00  0.0000E+00  1.7046E+09 -1.1217E+05 
4 6  9.8960E-01  0.0000E+00  0.0000E+00  0.0000E+00 -1.7046E+09 -1.1217E+05 
5 3  0.0000E+00  1.0353E+00  9.8960E-01 -1.1217E+05  1.7046E+09  0.0000E+00 
6 3  0.0000E+00  0.0000E+00  9.8960E-01 -1.1217E+05 -1.7046E+09  0.0000E+00 
7 7  0.0000E+00  1.0353E+00  0.0000E+00 -1.1217E+05  1.7046E+09 -1.1217E+05 
8 7  0.0000E+00  0.0000E+00  0.0000E+00 -1.1217E+05 -1.7046E+09 -1.1217E+05 
Elements: 1
1 1 1 2 4 3 5 6 8 7 
-2.5847E+06  1.3989E-05 -1.7587E-05  6.9594E+09  2.5921E-05 -2.5847E+06 
-2.5847E+06  1.2539E-05  2.5623E-05  6.9594E+09  2.5921E-05 -2.5847E+06 
-2.5847E+06  4.7101E-05 -7.7318E-06  6.9594E+09  8.6404E-06 -2.5847E+06 
-2.5847E+06  4.8551E-05 -4.3715E-05  6.9594E+09  8.6404E-06 -2.5847E+06 
-2.5847E+06  4.2687E-06  2.0609E-05  6.9594E+09  3.4562E-05 -2.5847E+06 
-2.5847E+06  2.8189E-06  4.0075E-05  6.9594E+09  3.4562E-05 -2.5847E+06 
-2.5847E+06  1.2539E-05  6.7209E-06  6.9594E+09  8.6404E-06 -2.5847E+06 
-2.5847E+06  1.3989E-05 -5.5189E-06  6.9594E+09  8.6404E-06 -2.5847E+06 

-------------------------------------------------------------
-------------------------------------------------------------

3-D EmbeddedElt       at increment:       70,        load:  0
hexa8
8
Node#, BC, Coordinates, Total Force
1 2  9.8930E-01  1.0364E+00  9.8930E-01  0.0000E+00  1.7525E+09  0.0000E+00 
2 2  9.8930E-01  0.0000E+00  9.8930E-01  0.0000E+00 -1.7525E+09  0.0000E+00 
3 6  9.8930E-01  1.0364E+00  0.0000E+00  0.0000E+00  1.7525E+09  9.3714E+04 
4 6  9.8930E-01  0.0000E+00  0.0000E+00  0.0000E+00 -1.7525E+09  9.3714E+04 
5 3  0.0000E+00  1.0364E+00  9.8930E-01  9.3714E+04  1.7525E+09  0.0000E+00 
6 3  0.0000E+00  0.0000E+00  9.8930E-01  9.3714E+04 -1.7525E+09  0.0000E+00 
7 7  0.0000E+00  1.0364E+00  0.0000E+00  9.3714E+04  1.7525E+09  9.3714E+04 
8 7  0.0000E+00  0.0000E+00  0.0000E+00  9.3714E+04 -1.7525E+09  9.3714E+04 
Elements: 1
1 1 1 2 4 3 5 6 8 7 
-3.2662E+06  1.0907E-06 -1.0824E-05  7.1596E+09 -1.7287E-05 -3.2662E+06 
-3.2662E+06  4.5524E-06 -1.1193E-05  7.1596E+09 -1.7287E-05 -3.2662E+06 
-3.2662E+06 -1.2734E-05 -2.3582E-05  7.1596E+09 -4.3217E-06 -3.2662E+06 
-3.2662E+06 -1.6196E-05 -1.1181E-05  7.1596E+09 -4.3217E-06 -3.2662E+06 
-3.2662E+06  1.0232E-08 -1.5420E-06  7.1596E+09 -6.8207E-23 -3.2662E+06 
-3.2662E+06  3.4720E-06  8.4030E-06  7.1596E+09  5.5508E-23 -3.2662E+06 
-3.2662E+06 -3.0105E-06 -3.9861E-06  7.1596E+09  1.6623E-23 -3.2662E+06 
-3.2662E+06 -6.4723E-06 -1.8987E-06  7.1596E+09 -5.2531E-23 -3.2662E+06 

-------------------------------------------------------------
-------------------------------------------------------------

3-D EmbeddedElt       at increment:       72,        load:  0
hexa8
8
Node#, BC, Coordinates, Total Force
1 2  9.8900E-01  1.0374E+00  9.8900E-01  0.0000E+00  1.8006E+09  0.0000E+00 
2 2  9.8900E-01  0.0000E+00  9.8900E-01  0.0000E+00 -1.8006E+09  0.0000E+00 
3 6  9.8900E-01  1.0374E+00  0.0000E+00  0.0000E+00  1.8006E+09 -5.9691E+04 
4 6  9.8900E-01  0.0000E+00  0.0000E+00  0.0000E+00 -1.8006E+09 -5.9691E+04 
5 3  0.0000E+00  1.0374E+00  9.8900E-01 -5.9691E+04  1.8006E+09  0.0000E+00 
6 3  0.0000E+00  0.0000E+00  9.8900E-01 -5.9691E+04 -1.8006E+09  0.0000E+00 
7 7  0.0000E+00  1.0374E+00  0.0000E+00 -5.9691E+04  1.8006E+09 -5.9691E+04 
8 7  0.0000E+00  0.0000E+00  0.0000E+00 -5.9691E+04 -1.8006E+09 -5.9691E+04 
Elements: 1
1 1 1 2 4 3 5 6 8 7 
-2.7662E+06  1.6176E-05  2.0086E-05  7.3603E+09 -1.7293E-05 -2.7662E+06 
-2.7662E+06  1.2950E-05 -3.2388E-05  7.3603E+09 -1.7293E-05 -2.7662E+06 
-2.7662E+06 -4.3250E-05 -1.0326E-05  7.3603E+09 -6.4847E-06 -2.7662E+06 
-2.7662E+06 -4.0025E-05  4.3179E-05  7.3603E+09 -6.4847E-06 -2.7662E+06 
-2.7662E+06  4.2871E-06 -1.7007E-05  7.3603E+09 -1.7293E-05 -2.7662E+06 
-2.7662E+06  1.0619E-06 -2.8267E-05  7.3603E+09 -1.7293E-05 -2.7662E+06 
-2.7662E+06 -1.1908E-05 -6.2046E-06  7.3603E+09 -4.3231E-06 -2.7662E+06 
-2.7662E+06 -8.6823E-06  6.0857E-06  7.3603E+09 -4.3231E-06 -2.7662E+06 

-------------------------------------------------------------
-------------------------------------------------------------

3-D EmbeddedElt       at increment:       74,        load:  0
hexa8
8
Node#, BC, Coordinates, Total Force
1 2  9.8870E-01  1.0384E+00  9.8870E-01  0.0000E+00  1.8483E+09  0.0000E+00 
2 2  9.8870E-01  0.0000E+00  9.8870E-01  0.0000E+00 -1.8483E+09  0.0000E+00 
3 6  9.8870E-01  1.0384E+00  0.0000E+00  0.0000E+00  1.8483E+09  4.9841E+04 
4 6  9.8870E-01  0.0000E+00  0.0000E+00  0.0000E+00 -1.8483E+09  4.9841E+04 
5 3  0.0000E+00  1.0384E+00  9.8870E-01  4.9841E+04  1.8483E+09  0.0000E+00 
6 3  0.0000E+00  0.0000E+00  9.8870E-01  4.9841E+04 -1.8483E+09  0.0000E+00 
7 7  0.0000E+00  1.0384E+00  0.0000E+00  4.9841E+04  1.8483E+09  4.9841E+04 
8 7  0.0000E+00  0.0000E+00  0.0000E+00  4.9841E+04 -1.8483E+09  4.9841E+04 
Elements: 1
1 1 1 2 4 3 5 6 8 7 
-3.1041E+06  1.0987E-05 -8.2841E-06  7.5602E+09  2.5948E-05 -3.1041E+06 
-3.1041E+06  1.3001E-05  6.3470E-06  7.5602E+09  2.5948E-05 -3.1041E+06 
-3.1041E+06  2.1650E-05  2.0951E-05  7.5602E+09  6.4869E-06 -3.1041E+06 
-3.1041E+06  1.9636E-05  1.0780E-05  7.5602E+09  6.4869E-06 -3.1041E+06 
-3.1041E+06  3.4187E-06 -1.8578E-05  7.5602E+09  3.4597E-05 -3.1041E+06 
-3.1041E+06  5.4330E-06 -1.3211E-05  7.5602E+09  3.4597E-05 -3.1041E+06 
-3.1041E+06  4.3518E-06  1.3926E-06  7.5602E+09  8.6492E-06 -3.1041E+06 
-3.1041E+06  2.3375E-06  4.8637E-07  7.5602E+09  8.6492E-06 -3.1041E+06 

-------------------------------------------------------------
-------------------------------------------------------------

3-D EmbeddedElt       at increment:       76,        load:  0
hexa8
8
Node#, BC, Coordinates, Total Force
1 2  9.8841E-01  1.0395E+00  9.8841E-01  0.0000E+00  1.8961E+09  0.0000E+00 
2 2  9.8841E-01  0.0000E+00  9.8841E-01  0.0000E+00 -1.8961E+09  0.0000E+00 
3 6  9.8841E-01  1.0395E+00  0.0000E+00  0.0000E+00  1.8961E+09 -2.3719E+04 
4 6  9.8841E-01  0.0000E+00  0.0000E+00  0.0000E+00 -1.8961E+09 -2.3719E+04 
5 3  0.0000E+00  1.0395E+00  9.8841E-01 -2.3719E+04  1.8961E+09  0.0000E+00 
6 3  0.0000E+00  0.0000E+00  9.8841E-01 -2.3719E+04 -1.8961E+09  0.0000E+00 
7 7  0.0000E+00  1.0395E+00  0.0000E+00 -2.3719E+04  1.8961E+09 -2.3719E+04 
8 7  0.0000E+00  0.0000E+00  0.0000E+00 -2.3719E+04 -1.8961E+09 -2.3719E+04 
Elements: 1
1 1 1 2 4 3 5 6 8 7 
-2.8854E+06 -2.2534E-05 -2.3420E-05  7.7603E+09 -8.6521E-06 -2.8854E+06 
-2.8854E+06 -2.5678E-05  2.2563E-05  7.7603E+09 -8.6521E-06 -2.8854E+06 
-2.8854E+06  2.6235E-05  1.0193E-05  7.7603E+09 -6.4891E-06 -2.8854E+06 
-2.8854E+06  2.9379E-05 -4.0761E-05  7.7603E+09 -6.4891E-06 -2.8854E+06 
-2.8854E+06 -1.9851E-06  1.1545E-05  7.7603E+09 -1.7304E-05 -2.8854E+06 
-2.8854E+06 -5.1292E-06  1.9478E-05  7.7603E+09 -1.7304E-05 -2.8854E+06 
-2.8854E+06  6.7674E-06  7.1079E-06  7.7603E+09 -4.3261E-06 -2.8854E+06 
-2.8854E+06  9.9116E-06 -5.7962E-06  7.7603E+09 -4.3261E-06 -2.8854E+06 

-------------------------------------------------------------
-------------------------------------------------------------

