5.72372e-05 4.50056e+05  3.76678e+05 3.76678e+05 
1.14065e-04 8.54901e+05  8.15635e+05 1.23562e+06 
1.70959e-04 1.20436e+06  1.36823e+06 2.15859e+06 
2.27809e-04 1.14875e+06  2.29962e+06 3.02236e+06 
2.84574e-04 9.67884e+05  3.44938e+06 3.99800e+06 
3.41281e-04 8.36070e+05  4.87008e+06 5.29324e+06 
3.97948e-04 7.60998e+05  6.62132e+06 6.96121e+06 
4.54464e-04 7.60888e+05  8.58320e+06 8.92507e+06 
5.11030e-04 7.58699e+05  1.07723e+07 1.11170e+07 
5.67435e-04 7.13960e+05  1.32278e+07 1.35226e+07 
6.23698e-04 7.07665e+05  1.58908e+07 1.61910e+07 
6.80001e-04 6.81617e+05  1.89094e+07 1.91841e+07 
7.36185e-04 6.74068e+05  2.22550e+07 2.25030e+07 
7.92290e-04 8.29786e+05  2.56832e+07 2.61028e+07 
8.48489e-04 9.49465e+05  2.93855e+07 2.99307e+07 
9.04636e-04 9.31722e+05  3.34341e+07 3.39503e+07 
9.60731e-04 9.10936e+05  3.76865e+07 3.81891e+07 
1.01675e-03 8.75354e+05  4.22179e+07 4.26879e+07 
1.07264e-03 8.01723e+05  4.70562e+07 4.74441e+07 
1.12845e-03 7.55228e+05  5.20852e+07 5.24261e+07 
1.18421e-03 7.15666e+05  5.72995e+07 5.76133e+07 
1.23987e-03 6.02123e+05  6.28514e+07 6.30479e+07 
1.29546e-03 5.38556e+05  6.86950e+07 6.88221e+07 
1.35103e-03 6.47889e+05  7.47521e+07 7.49933e+07 
1.40651e-03 8.45308e+05  8.10641e+07 8.15008e+07 
1.46196e-03 1.01131e+06  8.76165e+07 8.82194e+07 
1.51733e-03 1.04346e+06  9.43986e+07 9.50376e+07 
1.57264e-03 9.17484e+05  1.01463e+08 1.01976e+08 
1.62796e-03 7.43493e+05  1.08822e+08 1.09160e+08 
1.68314e-03 6.52319e+05  1.16433e+08 1.16677e+08 
1.73827e-03 6.97214e+05  1.24252e+08 1.24540e+08 
1.79330e-03 7.94149e+05  1.32268e+08 1.32662e+08 
1.84833e-03 7.73875e+05  1.40614e+08 1.40987e+08 
1.90323e-03 6.55863e+05  1.49260e+08 1.49505e+08 
1.95804e-03 6.25694e+05  1.58072e+08 1.58292e+08 
2.01289e-03 6.94314e+05  1.67131e+08 1.67428e+08 
2.06767e-03 7.77305e+05  1.76518e+08 1.76888e+08 
2.12235e-03 9.02581e+05  1.86108e+08 1.86602e+08 
2.17703e-03 1.01153e+06  1.95902e+08 1.96516e+08 
2.23169e-03 9.57852e+05  2.06032e+08 2.06589e+08 
2.28625e-03 7.95681e+05  2.16445e+08 2.16831e+08 
2.34075e-03 6.83945e+05  2.27030e+08 2.27309e+08 
2.39516e-03 6.45514e+05  2.37836e+08 2.38082e+08 
2.44948e-03 6.35417e+05  2.48946e+08 2.49180e+08 
2.50376e-03 6.61020e+05  2.60330e+08 2.60585e+08 
2.55793e-03 7.30221e+05  2.71910e+08 2.72237e+08 
2.61205e-03 7.81735e+05  2.83731e+08 2.84114e+08 
2.66614e-03 7.73822e+05  2.95852e+08 2.96223e+08 
2.72014e-03 7.81103e+05  3.08208e+08 3.08582e+08 
2.77413e-03 8.57922e+05  3.20761e+08 3.21218e+08 
2.82809e-03 9.09996e+05  3.33592e+08 3.34106e+08 
2.88198e-03 8.66788e+05  3.46744e+08 3.47206e+08 
2.93574e-03 8.02415e+05  3.60094e+08 3.60491e+08 
2.98948e-03 7.56985e+05  3.73641e+08 3.73999e+08 
3.04315e-03 6.87768e+05  3.87468e+08 3.87756e+08 
3.09673e-03 6.22956e+05  4.01563e+08 4.01783e+08 
3.15025e-03 6.18627e+05  4.15884e+08 4.16102e+08 
3.20373e-03 6.55658e+05  4.30461e+08 4.30716e+08 
3.25714e-03 7.22910e+05  4.45296e+08 4.45615e+08 
3.31050e-03 8.33437e+05  4.60345e+08 4.60776e+08 
3.36384e-03 9.28424e+05  4.75643e+08 4.76173e+08 
3.41715e-03 9.31168e+05  4.91235e+08 4.91766e+08 
3.47035e-03 8.59062e+05  5.07067e+08 5.07522e+08 
3.52350e-03 7.72290e+05  5.23107e+08 5.23479e+08 
3.57661e-03 6.91717e+05  5.39407e+08 5.39700e+08 
3.62965e-03 6.41846e+05  5.55977e+08 5.56217e+08 
3.68259e-03 6.72964e+05  5.72766e+08 5.73035e+08 
3.73543e-03 7.61559e+05  5.89753e+08 5.90116e+08 
3.78824e-03 7.96176e+05  6.07028e+08 6.07426e+08 
3.84100e-03 7.44827e+05  6.24596e+08 6.24936e+08 
3.89370e-03 7.04948e+05  6.42352e+08 6.42652e+08 
3.94635e-03 7.21712e+05  6.60305e+08 6.60631e+08 
3.99901e-03 7.43688e+05  6.78585e+08 6.78931e+08 
4.05161e-03 7.83900e+05  6.97152e+08 6.97531e+08 
4.10410e-03 8.84030e+05  7.15880e+08 7.16362e+08 
4.15655e-03 9.46057e+05  7.34831e+08 7.35382e+08 
4.20894e-03 8.58333e+05  7.54100e+08 7.54558e+08 
4.26123e-03 7.05564e+05  7.73605e+08 7.73904e+08 
4.31347e-03 6.30106e+05  7.93275e+08 7.93504e+08 
4.36565e-03 6.27000e+05  8.13188e+08 8.13420e+08 
4.41777e-03 6.44523e+05  8.33421e+08 8.33665e+08 
4.46983e-03 7.09300e+05  8.53897e+08 8.54201e+08 
4.52182e-03 8.16404e+05  8.74541e+08 8.74957e+08 
4.57377e-03 8.68746e+05  8.95433e+08 8.95905e+08 
4.62565e-03 8.26566e+05  9.16610e+08 9.17036e+08 
4.67746e-03 7.69895e+05  9.38013e+08 9.38380e+08 
4.72924e-03 7.56344e+05  9.59638e+08 9.59996e+08 
4.78098e-03 7.60083e+05  9.81533e+08 9.81895e+08 
4.83266e-03 7.71378e+05  1.00369e+09 1.00406e+09 
4.88428e-03 8.06828e+05  1.02605e+09 1.02646e+09 
4.93581e-03 8.24567e+05  1.04862e+09 1.04905e+09 
4.98727e-03 7.74761e+05  1.07147e+09 1.07184e+09 
5.03867e-03 6.99897e+05  1.09456e+09 1.09486e+09 
5.09001e-03 6.64001e+05  1.11786e+09 1.11812e+09 
5.14129e-03 6.60740e+05  1.14140e+09 1.14167e+09 
5.19251e-03 6.82077e+05  1.16521e+09 1.16549e+09 
5.24368e-03 7.55240e+05  1.18923e+09 1.18958e+09 
5.29482e-03 8.49884e+05  1.21348e+09 1.21394e+09 
5.34589e-03 8.87007e+05  1.23800e+09 1.23849e+09 
5.39687e-03 8.61591e+05  1.26276e+09 1.26322e+09 
5.44780e-03 8.23709e+05  1.28771e+09 1.28814e+09 
5.49868e-03 7.73822e+05  1.31291e+09 1.31329e+09 
5.54951e-03 7.07150e+05  1.33839e+09 1.33870e+09 
5.60025e-03 6.84943e+05  1.36408e+09 1.36436e+09 
5.65093e-03 7.33360e+05  1.38996e+09 1.39029e+09 
5.70158e-03 7.69159e+05  1.41610e+09 1.41648e+09 
5.75216e-03 7.36981e+05  1.44254e+09 1.44287e+09 
5.80264e-03 7.04560e+05  1.46917e+09 1.46947e+09 
5.85308e-03 7.28252e+05  1.49598e+09 1.49631e+09 
5.90351e-03 7.62409e+05  1.52307e+09 1.52343e+09 
5.95388e-03 7.79072e+05  1.55044e+09 1.55082e+09 
6.00417e-03 8.22205e+05  1.57802e+09 1.57844e+09 
6.05443e-03 8.77972e+05  1.60580e+09 1.60628e+09 
6.10465e-03 8.58895e+05  1.63386e+09 1.63433e+09 
6.15479e-03 7.66549e+05  1.66218e+09 1.66255e+09 
6.20483e-03 7.04083e+05  1.69068e+09 1.69098e+09 
6.25484e-03 7.06102e+05  1.71937e+09 1.71968e+09 
6.30478e-03 7.17587e+05  1.74835e+09 1.74867e+09 
6.35466e-03 7.28463e+05  1.77758e+09 1.77791e+09 
6.40446e-03 7.68834e+05  1.80701e+09 1.80737e+09 
6.45422e-03 8.03361e+05  1.83664e+09 1.83705e+09 
6.50394e-03 7.78118e+05  1.86655e+09 1.86693e+09 
6.55362e-03 7.27468e+05  1.89672e+09 1.89704e+09 
6.60323e-03 7.16960e+05  1.92708e+09 1.92740e+09 
6.65282e-03 7.45422e+05  1.95769e+09 1.95804e+09 
6.70236e-03 7.88041e+05  1.98857e+09 1.98896e+09 
6.75184e-03 8.44039e+05  2.01967e+09 2.02011e+09 
6.80124e-03 8.81393e+05  2.05096e+09 2.05145e+09 
6.85059e-03 8.45163e+05  2.08252e+09 2.08297e+09 
6.89987e-03 7.59059e+05  2.11432e+09 2.11467e+09 
6.94907e-03 7.03625e+05  2.14628e+09 2.14658e+09 
6.99824e-03 6.89192e+05  2.17849e+09 2.17878e+09 
7.04738e-03 6.76696e+05  2.21099e+09 2.21126e+09 
7.09643e-03 6.93380e+05  2.24372e+09 2.24401e+09 
7.14541e-03 7.78722e+05  2.27662e+09 2.27699e+09 
7.19433e-03 8.60748e+05  2.30971e+09 2.31017e+09 
7.24322e-03 8.44432e+05  2.34312e+09 2.34356e+09 
7.29205e-03 7.70942e+05  2.37677e+09 2.37714e+09 
7.34080e-03 7.40207e+05  2.41058e+09 2.41092e+09 
7.38953e-03 7.47634e+05  2.44462e+09 2.44497e+09 
7.43824e-03 7.43654e+05  2.47898e+09 2.47932e+09 
7.48690e-03 7.61825e+05  2.51359e+09 2.51394e+09 
7.53549e-03 8.36413e+05  2.54835e+09 2.54879e+09 
7.58401e-03 8.88424e+05  2.58332e+09 2.58381e+09 
7.63245e-03 8.37992e+05  2.61856e+09 2.61899e+09 
7.68082e-03 7.38144e+05  2.65403e+09 2.65436e+09 
7.72914e-03 6.80502e+05  2.68968e+09 2.68996e+09 
7.77742e-03 6.68488e+05  2.72556e+09 2.72584e+09 
7.82564e-03 6.77459e+05  2.76171e+09 2.76199e+09 
7.87380e-03 7.27284e+05  2.79808e+09 2.79841e+09 
7.92193e-03 8.11027e+05  2.83466e+09 2.83508e+09 
7.97000e-03 8.60516e+05  2.87148e+09 2.87194e+09 
8.01799e-03 8.46666e+05  2.90853e+09 2.90898e+09 
8.06591e-03 8.13623e+05  2.94578e+09 2.94619e+09 
8.11376e-03 7.86557e+05  2.98323e+09 2.98362e+09 
8.16160e-03 7.53835e+05  3.02096e+09 3.02132e+09 
8.20938e-03 7.40491e+05  3.05893e+09 3.05927e+09 
8.25710e-03 7.79209e+05  3.09708e+09 3.09746e+09 
8.30478e-03 8.21549e+05  3.13545e+09 3.13588e+09 
8.35240e-03 7.98343e+05  3.17410e+09 3.17450e+09 
8.39994e-03 7.40350e+05  3.21297e+09 3.21331e+09 
8.44742e-03 7.21870e+05  3.25201e+09 3.25233e+09 
8.49486e-03 7.33787e+05  3.29127e+09 3.29160e+09 
8.54227e-03 7.31050e+05  3.33082e+09 3.33115e+09 
8.58959e-03 7.41273e+05  3.37058e+09 3.37092e+09 
8.63687e-03 8.00027e+05  3.41052e+09 3.41092e+09 
8.68412e-03 8.48319e+05  3.45070e+09 3.45115e+09 
8.73132e-03 8.21015e+05  3.49117e+09 3.49159e+09 
8.77843e-03 7.67040e+05  3.53184e+09 3.53220e+09 
8.82549e-03 7.63473e+05  3.57267e+09 3.57303e+09 
8.87251e-03 7.88450e+05  3.61373e+09 3.61412e+09 
8.91948e-03 7.88419e+05  3.65507e+09 3.65546e+09 
8.96638e-03 7.85867e+05  3.69663e+09 3.69701e+09 
9.01320e-03 8.12839e+05  3.73835e+09 3.73877e+09 
9.06000e-03 8.23756e+05  3.78031e+09 3.78074e+09 
9.10676e-03 7.75191e+05  3.82255e+09 3.82292e+09 
9.15346e-03 7.12775e+05  3.86501e+09 3.86532e+09 
9.20012e-03 6.94942e+05  3.90766e+09 3.90795e+09 
9.24673e-03 7.11627e+05  3.95055e+09 3.95086e+09 
9.29330e-03 7.41419e+05  3.99369e+09 3.99403e+09 
9.33981e-03 7.96100e+05  4.03704e+09 4.03743e+09 
9.38625e-03 8.55526e+05  4.08058e+09 4.08103e+09 
9.43266e-03 8.58849e+05  4.12438e+09 4.12484e+09 
9.47899e-03 8.05745e+05  4.16841e+09 4.16881e+09 
9.52526e-03 7.66936e+05  4.21262e+09 4.21298e+09 
9.57149e-03 7.66952e+05  4.25702e+09 4.25739e+09 
9.61770e-03 7.64374e+05  4.30171e+09 4.30208e+09 
9.66385e-03 7.60359e+05  4.34666e+09 4.34702e+09 
9.70994e-03 8.00679e+05  4.39178e+09 4.39218e+09 
9.75595e-03 8.56909e+05  4.43707e+09 4.43753e+09 
9.80190e-03 8.40956e+05  4.48261e+09 4.48305e+09 
9.84782e-03 7.55391e+05  4.52843e+09 4.52878e+09 
9.89369e-03 6.98725e+05  4.57443e+09 4.57472e+09 
9.93951e-03 7.06972e+05  4.62060e+09 4.62091e+09 
9.98531e-03 7.21747e+05  4.66705e+09 4.66738e+09 
1.00000e-02 7.22237e+05  4.68203e+09 4.68236e+09 
