6.16832e-05 2.86288e+04  2.67978e+04 2.67978e+04 
1.23366e-04 5.89127e+04  5.76664e+04 8.89762e+04 
1.85070e-04 8.19415e+04  9.86534e+04 1.54930e+05 
2.46809e-04 7.14660e+04  1.71162e+05 2.14346e+05 
3.08550e-04 6.34757e+04  2.45582e+05 2.83724e+05 
3.70314e-04 5.51777e+04  3.54384e+05 3.83748e+05 
4.32099e-04 5.30886e+04  4.90318e+05 5.15239e+05 
4.93900e-04 6.28898e+04  6.23524e+05 6.61124e+05 
5.55730e-04 5.03145e+04  7.85691e+05 8.09840e+05 
6.17563e-04 3.02304e+04  9.67417e+05 9.71139e+05 
6.79413e-04 2.71185e+04  1.16369e+06 1.16607e+06 
7.41297e-04 3.67474e+04  1.39303e+06 1.40292e+06 
8.03195e-04 6.36693e+04  1.62952e+06 1.66701e+06 
8.65106e-04 8.11808e+04  1.87969e+06 1.93606e+06 
9.27042e-04 6.94941e+04  2.15970e+06 2.20294e+06 
9.88988e-04 5.29854e+04  2.45295e+06 2.48074e+06 
1.05096e-03 4.19900e+04  2.77010e+06 2.78669e+06 
1.11296e-03 4.25105e+04  3.10760e+06 3.12370e+06 
1.17497e-03 5.21097e+04  3.45302e+06 3.48036e+06 
1.23700e-03 4.73988e+04  3.82515e+06 3.84737e+06 
1.29905e-03 3.55498e+04  4.21948e+06 4.22937e+06 
1.36112e-03 3.50225e+04  4.62911e+06 4.63923e+06 
1.42322e-03 4.62586e+04  5.06129e+06 5.08179e+06 
1.48532e-03 6.60001e+04  5.50582e+06 5.54663e+06 
1.54744e-03 7.38861e+04  5.96954e+06 6.01894e+06 
1.60959e-03 5.95530e+04  6.46086e+06 6.49491e+06 
1.67177e-03 4.29967e+04  6.96720e+06 6.98502e+06 
1.73396e-03 3.64880e+04  7.49095e+06 7.50242e+06 
1.79617e-03 4.09469e+04  8.03396e+06 8.04969e+06 
1.85839e-03 4.85689e+04  8.59441e+06 8.61848e+06 
1.92065e-03 4.58138e+04  9.18034e+06 9.20112e+06 
1.98291e-03 4.02978e+04  9.78450e+06 9.79942e+06 
2.04519e-03 4.41070e+04  1.04019e+07 1.04214e+07 
2.10750e-03 5.40747e+04  1.10408e+07 1.10700e+07 
2.16983e-03 6.34788e+04  1.16995e+07 1.17382e+07 
2.23217e-03 6.23464e+04  1.23789e+07 1.24165e+07 
2.29453e-03 5.00112e+04  1.30785e+07 1.31033e+07 
2.35692e-03 3.93720e+04  1.37925e+07 1.38071e+07 
2.41932e-03 3.59912e+04  1.45265e+07 1.45380e+07 
2.48175e-03 3.92284e+04  1.52832e+07 1.52976e+07 
2.54419e-03 4.55533e+04  1.60585e+07 1.60794e+07 
2.60665e-03 4.83260e+04  1.68532e+07 1.68766e+07 
2.66913e-03 4.93459e+04  1.76648e+07 1.76893e+07 
2.73163e-03 5.21861e+04  1.84942e+07 1.85219e+07 
2.79414e-03 5.49995e+04  1.93463e+07 1.93766e+07 
2.85668e-03 5.59845e+04  2.02181e+07 2.02493e+07 
2.91923e-03 5.17239e+04  2.11080e+07 2.11350e+07 
2.98181e-03 4.28351e+04  2.20163e+07 2.20343e+07 
3.04440e-03 3.64138e+04  2.29423e+07 2.29542e+07 
3.10701e-03 3.59804e+04  2.38900e+07 2.39015e+07 
3.16965e-03 4.15172e+04  2.48594e+07 2.48761e+07 
3.23231e-03 5.00465e+04  2.58460e+07 2.58713e+07 
3.29498e-03 5.54541e+04  2.68499e+07 2.68807e+07 
3.35766e-03 5.57021e+04  2.78724e+07 2.79036e+07 
3.42037e-03 5.22770e+04  2.89162e+07 2.89441e+07 
3.48311e-03 4.77849e+04  2.99819e+07 3.00049e+07 
3.54585e-03 4.52694e+04  3.10648e+07 3.10853e+07 
3.60861e-03 4.33984e+04  3.21644e+07 3.21833e+07 
3.67140e-03 4.01986e+04  3.32844e+07 3.33001e+07 
3.73421e-03 3.83952e+04  3.44257e+07 3.44396e+07 
3.79704e-03 4.14969e+04  3.55874e+07 3.56042e+07 
3.85988e-03 4.96449e+04  3.67666e+07 3.67915e+07 
3.92274e-03 5.71931e+04  3.79630e+07 3.79958e+07 
3.98563e-03 5.71281e+04  3.91801e+07 3.92128e+07 
4.04853e-03 5.02104e+04  4.04182e+07 4.04438e+07 
4.11145e-03 4.29981e+04  4.16753e+07 4.16937e+07 
4.17440e-03 4.00549e+04  4.29508e+07 4.29663e+07 
4.23735e-03 4.10310e+04  4.42450e+07 4.42615e+07 
4.30034e-03 4.24836e+04  4.55595e+07 4.55776e+07 
4.36334e-03 4.34138e+04  4.68944e+07 4.69132e+07 
4.42636e-03 4.58660e+04  4.82479e+07 4.82692e+07 
4.48940e-03 5.01006e+04  4.96204e+07 4.96460e+07 
4.55246e-03 5.37692e+04  5.10123e+07 5.10415e+07 
4.61555e-03 5.37767e+04  5.24236e+07 5.24529e+07 
4.67865e-03 4.89908e+04  5.38547e+07 5.38792e+07 
4.74177e-03 4.24131e+04  5.53052e+07 5.53231e+07 
4.80491e-03 3.84509e+04  5.67751e+07 5.67890e+07 
4.86807e-03 3.91818e+04  5.82643e+07 5.82790e+07 
4.93125e-03 4.31978e+04  5.97728e+07 5.97916e+07 
4.99445e-03 4.70155e+04  6.13011e+07 6.13237e+07 
5.05767e-03 4.89813e+04  6.28491e+07 6.28736e+07 
5.12091e-03 5.00725e+04  6.44159e+07 6.44415e+07 
5.18416e-03 5.07923e+04  6.60019e+07 6.60282e+07 
5.24744e-03 5.01431e+04  6.76078e+07 6.76334e+07 
5.31074e-03 4.72304e+04  6.92336e+07 6.92563e+07 
5.37405e-03 4.31145e+04  7.08785e+07 7.08971e+07 
5.43738e-03 4.03369e+04  7.25421e+07 7.25580e+07 
5.50074e-03 4.01901e+04  7.42255e+07 7.42413e+07 
5.56411e-03 4.22617e+04  7.59297e+07 7.59475e+07 
5.62750e-03 4.57377e+04  7.76532e+07 7.76744e+07 
5.69091e-03 4.93084e+04  7.93948e+07 7.94196e+07 
5.75433e-03 5.12059e+04  8.11552e+07 8.11820e+07 
5.81779e-03 5.04353e+04  8.29365e+07 8.29625e+07 
5.88126e-03 4.79286e+04  8.47384e+07 8.47618e+07 
5.94474e-03 4.56701e+04  8.65590e+07 8.65801e+07 
6.00824e-03 4.41152e+04  8.83975e+07 8.84172e+07 
6.07177e-03 4.22642e+04  9.02560e+07 9.02739e+07 
6.13533e-03 4.04758e+04  9.21357e+07 9.21517e+07 
6.19889e-03 4.08631e+04  9.40351e+07 9.40515e+07 
6.26247e-03 4.44392e+04  9.59530e+07 9.59729e+07 
6.32608e-03 4.91156e+04  9.78895e+07 9.79142e+07 
6.38970e-03 5.15850e+04  9.98462e+07 9.98734e+07 
6.45335e-03 5.07772e+04  1.01823e+08 1.01850e+08 
6.51702e-03 4.81260e+04  1.03820e+08 1.03843e+08 
6.58070e-03 4.52482e+04  1.05835e+08 1.05856e+08 
6.64441e-03 4.28339e+04  1.07871e+08 1.07889e+08 
6.70814e-03 4.11902e+04  1.09926e+08 1.09942e+08 
6.77188e-03 4.08236e+04  1.12000e+08 1.12017e+08 
6.83565e-03 4.21946e+04  1.14095e+08 1.14112e+08 
6.89944e-03 4.51662e+04  1.16209e+08 1.16230e+08 
6.96324e-03 4.88079e+04  1.18342e+08 1.18367e+08 
7.02707e-03 5.13345e+04  1.20495e+08 1.20522e+08 
7.09091e-03 5.08795e+04  1.22667e+08 1.22694e+08 
7.15478e-03 4.73755e+04  1.24860e+08 1.24883e+08 
7.21867e-03 4.31432e+04  1.27073e+08 1.27091e+08 
7.28257e-03 4.08209e+04  1.29304e+08 1.29320e+08 
7.34649e-03 4.10244e+04  1.31555e+08 1.31571e+08 
7.41044e-03 4.26146e+04  1.33826e+08 1.33844e+08 
7.47440e-03 4.47360e+04  1.36117e+08 1.36137e+08 
7.53838e-03 4.72505e+04  1.38427e+08 1.38450e+08 
7.60238e-03 4.93875e+04  1.40757e+08 1.40782e+08 
7.66641e-03 4.96937e+04  1.43106e+08 1.43131e+08 
7.73045e-03 4.77000e+04  1.45475e+08 1.45499e+08 
7.79450e-03 4.46232e+04  1.47864e+08 1.47884e+08 
7.85858e-03 4.21331e+04  1.50272e+08 1.50290e+08 
7.92268e-03 4.11957e+04  1.52701e+08 1.52718e+08 
7.98680e-03 4.22157e+04  1.55149e+08 1.55167e+08 
8.05093e-03 4.49871e+04  1.57617e+08 1.57637e+08 
8.11509e-03 4.79772e+04  1.60104e+08 1.60127e+08 
8.17927e-03 4.90326e+04  1.62610e+08 1.62635e+08 
8.24347e-03 4.76179e+04  1.65138e+08 1.65161e+08 
8.30768e-03 4.54196e+04  1.67685e+08 1.67706e+08 
8.37192e-03 4.41034e+04  1.70250e+08 1.70270e+08 
8.43617e-03 4.35260e+04  1.72836e+08 1.72855e+08 
8.50045e-03 4.30394e+04  1.75442e+08 1.75461e+08 
8.56475e-03 4.32839e+04  1.78069e+08 1.78088e+08 
8.62906e-03 4.51155e+04  1.80714e+08 1.80735e+08 
8.69340e-03 4.75327e+04  1.83378e+08 1.83401e+08 
8.75775e-03 4.83637e+04  1.86063e+08 1.86087e+08 
8.82213e-03 4.68936e+04  1.88768e+08 1.88790e+08 
8.88653e-03 4.45432e+04  1.91493e+08 1.91513e+08 
8.95094e-03 4.29764e+04  1.94237e+08 1.94255e+08 
9.01537e-03 4.27278e+04  1.97000e+08 1.97019e+08 
9.07983e-03 4.36428e+04  1.99784e+08 1.99804e+08 
9.14431e-03 4.53236e+04  2.02588e+08 2.02609e+08 
9.20880e-03 4.68903e+04  2.05411e+08 2.05434e+08 
9.27331e-03 4.73786e+04  2.08255e+08 2.08278e+08 
9.33785e-03 4.67222e+04  2.11118e+08 2.11140e+08 
9.40241e-03 4.56181e+04  2.14001e+08 2.14022e+08 
9.46698e-03 4.44132e+04  2.16903e+08 2.16923e+08 
9.53158e-03 4.31010e+04  2.19826e+08 2.19845e+08 
9.59620e-03 4.23785e+04  2.22769e+08 2.22787e+08 
9.66083e-03 4.33294e+04  2.25732e+08 2.25751e+08 
9.72549e-03 4.56697e+04  2.28714e+08 2.28735e+08 
9.79017e-03 4.75401e+04  2.31715e+08 2.31739e+08 
9.85487e-03 4.76303e+04  2.34738e+08 2.34761e+08 
9.91959e-03 4.65051e+04  2.37781e+08 2.37803e+08 
9.98432e-03 4.52939e+04  2.40842e+08 2.40863e+08 
1.00000e-02 4.50219e+04  2.41586e+08 2.41607e+08 
