1.12210e-04 5.99850e-03  3.72824e-03 3.72824e-03 
2.24421e-04 9.58192e-03  9.39153e-03 1.28661e-02 
3.36579e-04 1.56227e-02  1.41833e-02 2.37998e-02 
4.48562e-04 2.13099e-02  1.90724e-02 3.43858e-02 
5.60561e-04 2.60873e-02  2.41104e-02 4.42376e-02 
6.72457e-04 3.01622e-02  2.95570e-02 5.37709e-02 
7.84368e-04 3.39371e-02  3.53781e-02 6.33356e-02 
8.96304e-04 3.79930e-02  4.09934e-02 7.30086e-02 
1.00831e-03 4.25533e-02  4.62506e-02 8.28451e-02 
1.12031e-03 4.76227e-02  5.12980e-02 9.29805e-02 
1.23232e-03 5.31375e-02  5.63344e-02 1.03559e-01 
1.34438e-03 5.88882e-02  6.16372e-02 1.14615e-01 
1.45646e-03 6.47218e-02  6.72088e-02 1.26027e-01 
1.56856e-03 7.04489e-02  7.30223e-02 1.37544e-01 
1.68064e-03 7.61453e-02  7.86753e-02 1.48881e-01 
1.79274e-03 8.18480e-02  8.39333e-02 1.59860e-01 
1.90481e-03 8.74101e-02  8.89702e-02 1.70462e-01 
2.01687e-03 9.28419e-02  9.38324e-02 1.80775e-01 
2.12895e-03 9.80028e-02  9.87652e-02 1.90892e-01 
2.24101e-03 1.02715e-01  1.04060e-01 2.00892e-01 
2.35307e-03 1.07186e-01  1.09595e-01 2.10889e-01 
2.46513e-03 1.11713e-01  1.15210e-01 2.21029e-01 
2.57718e-03 1.16500e-01  1.20816e-01 2.31412e-01 
2.68921e-03 1.21728e-01  1.26249e-01 2.42078e-01 
2.80128e-03 1.27385e-01  1.31541e-01 2.53035e-01 
2.91334e-03 1.33388e-01  1.36781e-01 2.64280e-01 
3.02542e-03 1.39639e-01  1.42001e-01 2.75762e-01 
3.13750e-03 1.45877e-01  1.47316e-01 2.87314e-01 
3.24957e-03 1.51912e-01  1.52679e-01 2.98698e-01 
3.36164e-03 1.57737e-01  1.57889e-01 3.09737e-01 
3.47370e-03 1.63306e-01  1.62965e-01 3.20395e-01 
3.58576e-03 1.68523e-01  1.68092e-01 3.30749e-01 
3.69782e-03 1.73340e-01  1.73397e-01 3.40875e-01 
3.80988e-03 1.77748e-01  1.78922e-01 3.50802e-01 
3.92194e-03 1.81879e-01  1.84558e-01 3.60558e-01 
4.03403e-03 1.86006e-01  1.90118e-01 3.70240e-01 
4.14610e-03 1.90380e-01  1.95515e-01 3.80015e-01 
4.25818e-03 1.95158e-01  2.00768e-01 3.90050e-01 
4.37027e-03 2.00359e-01  2.05943e-01 4.00435e-01 
4.48233e-03 2.05868e-01  2.11140e-01 4.11143e-01 
4.59440e-03 2.11572e-01  2.16388e-01 4.22090e-01 
4.70645e-03 2.17445e-01  2.21611e-01 4.33185e-01 
4.81849e-03 2.23458e-01  2.26771e-01 4.44365e-01 
4.93055e-03 2.29482e-01  2.31955e-01 4.55582e-01 
5.04260e-03 2.35326e-01  2.37294e-01 4.66769e-01 
5.15467e-03 2.40877e-01  2.42827e-01 4.77846e-01 
5.26674e-03 2.46169e-01  2.48458e-01 4.88760e-01 
5.37883e-03 2.51346e-01  2.54035e-01 4.99509e-01 
5.49090e-03 2.56556e-01  2.59447e-01 5.10129e-01 
5.60295e-03 2.61874e-01  2.64657e-01 5.20660e-01 
5.71503e-03 2.67274e-01  2.69710e-01 5.31123e-01 
5.82710e-03 2.72627e-01  2.74753e-01 5.41532e-01 
5.93918e-03 2.77818e-01  2.79958e-01 5.51928e-01 
6.05125e-03 2.82916e-01  2.85321e-01 5.62379e-01 
6.16333e-03 2.88116e-01  2.90685e-01 5.72939e-01 
6.27541e-03 2.93476e-01  2.95982e-01 5.83605e-01 
6.38749e-03 2.98837e-01  3.01311e-01 5.94302e-01 
6.49957e-03 3.04012e-01  3.06760e-01 6.04924e-01 
6.61165e-03 3.08961e-01  3.12286e-01 6.15394e-01 
6.72373e-03 3.13756e-01  3.17796e-01 6.25696e-01 
6.83581e-03 3.18509e-01  3.23227e-01 6.35877e-01 
6.94788e-03 3.23355e-01  3.28521e-01 6.46016e-01 
7.05996e-03 3.28412e-01  3.33638e-01 6.56195e-01 
7.17203e-03 3.33675e-01  3.38656e-01 6.66490e-01 
7.28410e-03 3.39039e-01  3.43757e-01 6.76963e-01 
7.39617e-03 3.44444e-01  3.49047e-01 6.87656e-01 
7.50824e-03 3.49942e-01  3.54476e-01 6.98577e-01 
7.62031e-03 3.55574e-01  3.59952e-01 7.09685e-01 
7.73238e-03 3.61298e-01  3.65438e-01 7.20895e-01 
7.84444e-03 3.67049e-01  3.70904e-01 7.32108e-01 
7.95651e-03 3.72790e-01  3.76295e-01 7.43242e-01 
8.06857e-03 3.78469e-01  3.81614e-01 7.54245e-01 
8.18065e-03 3.84007e-01  3.86921e-01 7.65092e-01 
8.29272e-03 3.89390e-01  3.92229e-01 7.75779e-01 
8.40480e-03 3.94695e-01  3.97463e-01 7.86315e-01 
8.51687e-03 3.99975e-01  4.02589e-01 7.96730e-01 
8.62895e-03 4.05181e-01  4.07711e-01 8.07069e-01 
8.74103e-03 4.10238e-01  4.12972e-01 8.17390e-01 
8.85312e-03 4.15140e-01  4.18427e-01 8.27744e-01 
8.96520e-03 4.19942e-01  4.24038e-01 8.38155e-01 
9.07728e-03 4.24677e-01  4.29761e-01 8.48612e-01 
9.18936e-03 4.29336e-01  4.35569e-01 8.59080e-01 
9.30145e-03 4.33875e-01  4.41463e-01 8.69518e-01 
9.41354e-03 4.38194e-01  4.47512e-01 8.79898e-01 
9.52563e-03 4.42116e-01  4.53899e-01 8.90222e-01 
9.63772e-03 4.45452e-01  4.60847e-01 9.00517e-01 
9.74981e-03 4.48083e-01  4.68528e-01 9.10837e-01 
9.86190e-03 4.49954e-01  4.77057e-01 9.21246e-01 
9.97400e-03 4.50990e-01  4.86570e-01 9.31807e-01 
1.00861e-02 4.51063e-01  4.97240e-01 9.42560e-01 
1.01982e-02 4.50044e-01  5.09210e-01 9.53514e-01 
1.03103e-02 4.47853e-01  5.22524e-01 9.64634e-01 
1.04224e-02 4.44488e-01  5.37121e-01 9.75855e-01 
1.05345e-02 4.40040e-01  5.52824e-01 9.87095e-01 
1.06466e-02 4.34689e-01  5.69371e-01 9.98274e-01 
1.07587e-02 4.28633e-01  5.86494e-01 1.00933e+00 
1.08708e-02 4.22017e-01  6.04007e-01 1.02022e+00 
1.09829e-02 4.14972e-01  6.21763e-01 1.03092e+00 
1.10949e-02 4.07687e-01  6.39562e-01 1.04142e+00 
1.12070e-02 4.00423e-01  6.57143e-01 1.05172e+00 
1.13191e-02 3.93431e-01  6.74282e-01 1.06186e+00 
1.14311e-02 3.86892e-01  6.90863e-01 1.07190e+00 
1.15432e-02 3.80908e-01  7.06877e-01 1.08194e+00 
1.16552e-02 3.75511e-01  7.22392e-01 1.09206e+00 
1.17673e-02 3.70665e-01  7.37521e-01 1.10235e+00 
1.18794e-02 3.66275e-01  7.52385e-01 1.11284e+00 
1.19914e-02 3.62172e-01  7.67118e-01 1.12348e+00 
1.21035e-02 3.58107e-01  7.81893e-01 1.13420e+00 
1.22155e-02 3.53802e-01  7.96906e-01 1.14492e+00 
1.23276e-02 3.49042e-01  8.12318e-01 1.15558e+00 
1.24396e-02 3.43731e-01  8.28215e-01 1.16616e+00 
1.25517e-02 3.37903e-01  8.44604e-01 1.17672e+00 
1.26638e-02 3.31721e-01  8.61387e-01 1.18731e+00 
1.27758e-02 3.25455e-01  8.78348e-01 1.19798e+00 
1.28879e-02 3.19386e-01  8.95229e-01 1.20878e+00 
1.30000e-02 3.13688e-01  9.11843e-01 1.21970e+00 
1.31120e-02 3.08404e-01  9.28115e-01 1.23069e+00 
1.32241e-02 3.03504e-01  9.44027e-01 1.24170e+00 
1.33361e-02 2.98929e-01  9.59590e-01 1.25269e+00 
1.34482e-02 2.94575e-01  9.74876e-01 1.26363e+00 
1.35602e-02 2.90278e-01  9.90025e-01 1.27450e+00 
1.36723e-02 2.85847e-01  1.00521e+00 1.28526e+00 
1.37843e-02 2.81098e-01  1.02058e+00 1.29588e+00 
1.38964e-02 2.75893e-01  1.03624e+00 1.30635e+00 
1.40084e-02 2.70189e-01  1.05223e+00 1.31663e+00 
1.41205e-02 2.64066e-01  1.06849e+00 1.32675e+00 
1.42325e-02 2.57699e-01  1.08489e+00 1.33678e+00 
1.43446e-02 2.51295e-01  1.10131e+00 1.34679e+00 
1.44566e-02 2.45038e-01  1.11767e+00 1.35689e+00 
1.45686e-02 2.39061e-01  1.13391e+00 1.36715e+00 
1.46807e-02 2.33412e-01  1.15001e+00 1.37760e+00 
1.47927e-02 2.28073e-01  1.16597e+00 1.38823e+00 
1.49048e-02 2.23004e-01  1.18180e+00 1.39899e+00 
1.50168e-02 2.18166e-01  1.19748e+00 1.40983e+00 
1.51288e-02 2.13518e-01  1.21301e+00 1.42071e+00 
1.52409e-02 2.08983e-01  1.22845e+00 1.43163e+00 
1.53529e-02 2.04447e-01  1.24390e+00 1.44256e+00 
1.54650e-02 1.99788e-01  1.25949e+00 1.45349e+00 
1.55770e-02 1.94893e-01  1.27530e+00 1.46440e+00 
1.56890e-02 1.89698e-01  1.29136e+00 1.47527e+00 
1.58011e-02 1.84211e-01  1.30763e+00 1.48605e+00 
1.59131e-02 1.78501e-01  1.32404e+00 1.49674e+00 
1.60251e-02 1.72674e-01  1.34050e+00 1.50737e+00 
1.61372e-02 1.66865e-01  1.35690e+00 1.51795e+00 
1.62492e-02 1.61244e-01  1.37311e+00 1.52853e+00 
1.63612e-02 1.55962e-01  1.38899e+00 1.53913e+00 
1.64733e-02 1.51043e-01  1.40449e+00 1.54972e+00 
1.65853e-02 1.46319e-01  1.41976e+00 1.56028e+00 
1.66973e-02 1.41526e-01  1.43502e+00 1.57076e+00 
1.68094e-02 1.36452e-01  1.45046e+00 1.58113e+00 
1.69214e-02 1.30993e-01  1.46618e+00 1.59139e+00 
1.70334e-02 1.25129e-01  1.48225e+00 1.60160e+00 
1.71455e-02 1.18945e-01  1.49864e+00 1.61180e+00 
1.72575e-02 1.12679e-01  1.51520e+00 1.62207e+00 
1.73696e-02 1.06653e-01  1.53165e+00 1.63249e+00 
1.74816e-02 1.01097e-01  1.54780e+00 1.64307e+00 
1.75936e-02 9.60377e-02  1.56363e+00 1.65385e+00 
1.77057e-02 9.13672e-02  1.57925e+00 1.66481e+00 
1.78177e-02 8.69330e-02  1.59479e+00 1.67592e+00 
1.79298e-02 8.25820e-02  1.61038e+00 1.68717e+00 
1.80418e-02 7.81902e-02  1.62613e+00 1.69853e+00 
1.81538e-02 7.37013e-02  1.64207e+00 1.70998e+00 
1.82659e-02 6.91235e-02  1.65818e+00 1.72151e+00 
1.83779e-02 6.45073e-02  1.67440e+00 1.73311e+00 
1.84899e-02 5.99664e-02  1.69063e+00 1.74479e+00 
1.86020e-02 5.56736e-02  1.70669e+00 1.75656e+00 
1.87140e-02 5.17350e-02  1.72254e+00 1.76847e+00 
1.88261e-02 4.80696e-02  1.73833e+00 1.78062e+00 
1.89381e-02 4.44984e-02  1.75437e+00 1.79310e+00 
1.90501e-02 4.09496e-02  1.77084e+00 1.80602e+00 
1.91622e-02 3.74979e-02  1.78775e+00 1.81948e+00 
1.92742e-02 3.42349e-02  1.80511e+00 1.83358e+00 
1.93862e-02 3.12357e-02  1.82293e+00 1.84839e+00 
1.94983e-02 2.86631e-02  1.84109e+00 1.86397e+00 
1.96103e-02 2.67386e-02  1.85942e+00 1.88037e+00 
1.97224e-02 2.55158e-02  1.87791e+00 1.89766e+00 
1.98344e-02 2.47692e-02  1.89688e+00 1.91591e+00 
1.99464e-02 2.41795e-02  1.91674e+00 1.93520e+00 
2.00584e-02 2.35572e-02  1.93778e+00 1.95563e+00 
2.01705e-02 2.28367e-02  1.96013e+00 1.97726e+00 
2.02825e-02 2.19792e-02  1.98390e+00 2.00017e+00 
2.03945e-02 2.10355e-02  2.00909e+00 2.02440e+00 
2.05066e-02 2.02722e-02  2.03544e+00 2.04996e+00 
2.06186e-02 2.00980e-02  2.06251e+00 2.07684e+00 
2.07306e-02 2.08265e-02  2.08995e+00 2.10500e+00 
2.08426e-02 2.25589e-02  2.11759e+00 2.13437e+00 
2.09546e-02 2.52600e-02  2.14537e+00 2.16484e+00 
2.10666e-02 2.88399e-02  2.17325e+00 2.19631e+00 
2.11786e-02 3.31533e-02  2.20126e+00 2.22863e+00 
2.12906e-02 3.80420e-02  2.22943e+00 2.26168e+00 
2.14026e-02 4.34621e-02  2.25768e+00 2.29535e+00 
2.15145e-02 4.95399e-02  2.28580e+00 2.32952e+00 
2.16265e-02 5.64680e-02  2.31349e+00 2.36413e+00 
2.17385e-02 6.43673e-02  2.34057e+00 2.39911e+00 
2.18505e-02 7.32319e-02  2.36696e+00 2.43437e+00 
2.19624e-02 8.29360e-02  2.39270e+00 2.46981e+00 
2.20743e-02 9.32446e-02  2.41791e+00 2.50534e+00 
2.21863e-02 1.03833e-01  2.44279e+00 2.54083e+00 
2.22983e-02 1.14316e-01  2.46760e+00 2.57614e+00 
2.24103e-02 1.24269e-01  2.49262e+00 2.61113e+00 
2.25222e-02 1.33318e-01  2.51814e+00 2.64571e+00 
2.26342e-02 1.41298e-01  2.54426e+00 2.67979e+00 
2.27462e-02 1.48299e-01  2.57080e+00 2.71333e+00 
2.28581e-02 1.54464e-01  2.59760e+00 2.74629e+00 
2.29701e-02 1.59772e-01  2.62468e+00 2.77869e+00 
2.30821e-02 1.64144e-01  2.65216e+00 2.81054e+00 
2.31940e-02 1.67710e-01  2.67995e+00 2.84188e+00 
2.33060e-02 1.70847e-01  2.70771e+00 2.87275e+00 
2.34180e-02 1.73923e-01  2.73512e+00 2.90322e+00 
2.35300e-02 1.77134e-01  2.76203e+00 2.93334e+00 
2.36419e-02 1.80579e-01  2.78841e+00 2.96317e+00 
2.37539e-02 1.84305e-01  2.81426e+00 2.99276e+00 
2.38659e-02 1.88213e-01  2.83975e+00 3.02218e+00 
2.39778e-02 1.92075e-01  2.86520e+00 3.05151e+00 
2.40898e-02 1.95750e-01  2.89087e+00 3.08085e+00 
2.42018e-02 1.99313e-01  2.91676e+00 3.11030e+00 
2.43137e-02 2.02894e-01  2.94285e+00 3.13997e+00 
2.44257e-02 2.06498e-01  2.96922e+00 3.16996e+00 
2.45377e-02 2.10102e-01  2.99600e+00 3.20034e+00 
2.46497e-02 2.13849e-01  3.02310e+00 3.23116e+00 
2.47616e-02 2.18036e-01  3.05023e+00 3.26247e+00 
2.48736e-02 2.22891e-01  3.07719e+00 3.29428e+00 
2.49856e-02 2.28432e-01  3.10395e+00 3.32659e+00 
2.50975e-02 2.34541e-01  3.13062e+00 3.35938e+00 
2.52095e-02 2.41093e-01  3.15727e+00 3.39258e+00 
2.53215e-02 2.48007e-01  3.18390e+00 3.42612e+00 
2.54335e-02 2.55221e-01  3.21044e+00 3.45987e+00 
2.55454e-02 2.62671e-01  3.23682e+00 3.49369e+00 
2.56574e-02 2.70299e-01  3.26296e+00 3.52746e+00 
2.57694e-02 2.78012e-01  3.28885e+00 3.56107e+00 
2.58813e-02 2.85623e-01  3.31458e+00 3.59443e+00 
2.59933e-02 2.92830e-01  3.34043e+00 3.62751e+00 
2.61053e-02 2.99342e-01  3.36667e+00 3.66026e+00 
2.62173e-02 3.05061e-01  3.39337e+00 3.69267e+00 
2.63292e-02 3.10138e-01  3.42036e+00 3.72472e+00 
2.64412e-02 3.14808e-01  3.44739e+00 3.75641e+00 
2.65532e-02 3.19193e-01  3.47432e+00 3.78773e+00 
2.66651e-02 3.23309e-01  3.50118e+00 3.81870e+00 
2.67771e-02 3.27222e-01  3.52795e+00 3.84938e+00 
2.68891e-02 3.31102e-01  3.55450e+00 3.87981e+00 
2.70011e-02 3.35070e-01  3.58080e+00 3.91008e+00 
2.71130e-02 3.39106e-01  3.60694e+00 3.94027e+00 
2.72250e-02 3.43144e-01  3.63310e+00 3.97047e+00 
2.73369e-02 3.47214e-01  3.65932e+00 4.00076e+00 
2.74489e-02 3.51417e-01  3.68558e+00 4.03122e+00 
2.75609e-02 3.55821e-01  3.71187e+00 4.06191e+00 
2.76728e-02 3.60452e-01  3.73823e+00 4.09291e+00 
2.77848e-02 3.65337e-01  3.76466e+00 4.12423e+00 
2.78968e-02 3.70467e-01  3.79118e+00 4.15588e+00 
2.80087e-02 3.75772e-01  3.81785e+00 4.18785e+00 
2.81207e-02 3.81192e-01  3.84468e+00 4.22010e+00 
2.82327e-02 3.86755e-01  3.87158e+00 4.25256e+00 
2.83446e-02 3.92493e-01  3.89845e+00 4.28517e+00 
2.84566e-02 3.98355e-01  3.92529e+00 4.31786e+00 
2.85685e-02 4.04261e-01  3.95212e+00 4.35060e+00 
2.86805e-02 4.10216e-01  3.97889e+00 4.38333e+00 
2.87924e-02 4.16227e-01  4.00556e+00 4.41601e+00 
2.89044e-02 4.22144e-01  4.03222e+00 4.44861e+00 
2.90164e-02 4.27697e-01  4.05915e+00 4.48109e+00 
2.91283e-02 4.32702e-01  4.08649e+00 4.51345e+00 
2.92403e-02 4.37140e-01  4.11427e+00 4.54566e+00 
2.93523e-02 4.41010e-01  4.14247e+00 4.57774e+00 
2.94642e-02 4.44226e-01  4.17119e+00 4.60968e+00 
2.95762e-02 4.46680e-01  4.20055e+00 4.64150e+00 
2.96882e-02 4.48345e-01  4.23057e+00 4.67318e+00 
2.98001e-02 4.49231e-01  4.26123e+00 4.70473e+00 
2.99121e-02 4.49275e-01  4.29257e+00 4.73612e+00 
3.00241e-02 4.48347e-01  4.32472e+00 4.76735e+00 
3.01361e-02 4.46359e-01  4.35780e+00 4.79844e+00 
3.02481e-02 4.43361e-01  4.39177e+00 4.82940e+00 
3.03600e-02 4.39496e-01  4.42651e+00 4.86027e+00 
3.04720e-02 4.34888e-01  4.46195e+00 4.89111e+00 
3.05839e-02 4.29564e-01  4.49810e+00 4.92194e+00 
3.06959e-02 4.23517e-01  4.53504e+00 4.95283e+00 
3.08078e-02 4.16791e-01  4.57277e+00 4.98383e+00 
3.09198e-02 4.09508e-01  4.61119e+00 5.01497e+00 
3.10317e-02 4.01837e-01  4.65019e+00 5.04628e+00 
3.11436e-02 3.93983e-01  4.68959e+00 5.07781e+00 
3.12555e-02 3.86206e-01  4.72914e+00 5.10956e+00 
3.13674e-02 3.78789e-01  4.76856e+00 5.14155e+00 
3.14793e-02 3.71937e-01  4.80763e+00 5.17377e+00 
3.15912e-02 3.65736e-01  4.84625e+00 5.20618e+00 
3.17031e-02 3.60209e-01  4.88435e+00 5.23875e+00 
3.18150e-02 3.55385e-01  4.92188e+00 5.27145e+00 
3.19269e-02 3.51286e-01  4.95876e+00 5.30423e+00 
3.20388e-02 3.47857e-01  4.99498e+00 5.33703e+00 
3.21507e-02 3.44938e-01  5.03067e+00 5.36982e+00 
3.22626e-02 3.42264e-01  5.06603e+00 5.40252e+00 
3.23745e-02 3.39499e-01  5.10133e+00 5.43507e+00 
3.24864e-02 3.36289e-01  5.13684e+00 5.46738e+00 
3.25983e-02 3.32374e-01  5.17275e+00 5.49938e+00 
3.27102e-02 3.27635e-01  5.20912e+00 5.53101e+00 
3.28221e-02 3.22056e-01  5.24595e+00 5.56227e+00 
3.29340e-02 3.15684e-01  5.28323e+00 5.59317e+00 
3.30459e-02 3.08666e-01  5.32088e+00 5.62379e+00 
3.31578e-02 3.01314e-01  5.35869e+00 5.65423e+00 
3.32697e-02 2.93986e-01  5.39641e+00 5.68461e+00 
3.33816e-02 2.86897e-01  5.43393e+00 5.71504e+00 
3.34935e-02 2.80059e-01  5.47133e+00 5.74562e+00 
3.36053e-02 2.73447e-01  5.50872e+00 5.77639e+00 
3.37172e-02 2.67130e-01  5.54608e+00 5.80743e+00 
3.38291e-02 2.61216e-01  5.58334e+00 5.83878e+00 
3.39411e-02 2.55721e-01  5.62050e+00 5.87045e+00 
3.40530e-02 2.50594e-01  5.65765e+00 5.90248e+00 
3.41649e-02 2.45852e-01  5.69478e+00 5.93484e+00 
3.42768e-02 2.41605e-01  5.73170e+00 5.96751e+00 
3.43886e-02 2.37915e-01  5.76826e+00 6.00039e+00 
3.45005e-02 2.34649e-01  5.80449e+00 6.03336e+00 
3.46124e-02 2.31515e-01  5.84056e+00 6.06630e+00 
3.47243e-02 2.28191e-01  5.87665e+00 6.09909e+00 
3.48362e-02 2.24399e-01  5.91296e+00 6.13162e+00 
3.49481e-02 2.19915e-01  5.94966e+00 6.16384e+00 
3.50600e-02 2.14615e-01  5.98687e+00 6.19575e+00 
3.51719e-02 2.08563e-01  6.02454e+00 6.22735e+00 
3.52838e-02 2.01986e-01  6.06248e+00 6.25870e+00 
3.53957e-02 1.95170e-01  6.10046e+00 6.28985e+00 
3.55076e-02 1.88381e-01  6.13828e+00 6.32087e+00 
3.56195e-02 1.81854e-01  6.17576e+00 6.35182e+00 
3.57314e-02 1.75740e-01  6.21283e+00 6.38278e+00 
3.58433e-02 1.70031e-01  6.24957e+00 6.41382e+00 
3.59552e-02 1.64607e-01  6.28617e+00 6.44501e+00 
3.60671e-02 1.59390e-01  6.32277e+00 6.47640e+00 
3.61790e-02 1.54387e-01  6.35936e+00 6.50798e+00 
3.62909e-02 1.49581e-01  6.39595e+00 6.53977e+00 
3.64028e-02 1.44920e-01  6.43257e+00 6.57172e+00 
3.65147e-02 1.40404e-01  6.46919e+00 6.60382e+00 
3.66266e-02 1.36050e-01  6.50576e+00 6.63604e+00 
3.67385e-02 1.31717e-01  6.54238e+00 6.66835e+00 
3.68505e-02 1.27108e-01  6.57932e+00 6.70069e+00 
3.69624e-02 1.22025e-01  6.61673e+00 6.73301e+00 
3.70743e-02 1.16509e-01  6.65447e+00 6.76522e+00 
3.71862e-02 1.10689e-01  6.69234e+00 6.79726e+00 
3.72981e-02 1.04650e-01  6.73020e+00 6.82907e+00 
3.74100e-02 9.85404e-02  6.76793e+00 6.86068e+00 
3.75219e-02 9.26483e-02  6.80532e+00 6.89217e+00 
3.76338e-02 8.72701e-02  6.84219e+00 6.92366e+00 
3.77457e-02 8.25469e-02  6.87856e+00 6.95531e+00 
3.78576e-02 7.84554e-02  6.91458e+00 6.98727e+00 
3.79695e-02 7.48326e-02  6.95053e+00 7.01961e+00 
3.80815e-02 7.13854e-02  6.98674e+00 7.05239e+00 
3.81934e-02 6.78384e-02  7.02350e+00 7.08561e+00 
3.83053e-02 6.41403e-02  7.06085e+00 7.11924e+00 
3.84172e-02 6.04404e-02  7.09860e+00 7.15329e+00 
3.85291e-02 5.68759e-02  7.13664e+00 7.18776e+00 
3.86410e-02 5.35200e-02  7.17490e+00 7.22266e+00 
3.87529e-02 5.04974e-02  7.21326e+00 7.25798e+00 
3.88648e-02 4.79416e-02  7.25151e+00 7.29368e+00 
3.89767e-02 4.58118e-02  7.28963e+00 7.32967e+00 
3.90886e-02 4.39079e-02  7.32771e+00 7.36586e+00 
3.92005e-02 4.20552e-02  7.36588e+00 7.40218e+00 
3.93124e-02 4.01247e-02  7.40423e+00 7.43861e+00 
3.94243e-02 3.79398e-02  7.44301e+00 7.47523e+00 
3.95362e-02 3.53861e-02  7.48253e+00 7.51220e+00 
3.96481e-02 3.25965e-02  7.52282e+00 7.54970e+00 
3.97600e-02 2.98427e-02  7.56384e+00 7.58796e+00 
3.98719e-02 2.72857e-02  7.60560e+00 7.62718e+00 
3.99839e-02 2.49967e-02  7.64821e+00 7.66749e+00 
4.00958e-02 2.31093e-02  7.69162e+00 7.70901e+00 
4.02077e-02 2.17280e-02  7.73580e+00 7.75182e+00 
4.03196e-02 2.07842e-02  7.78087e+00 7.79596e+00 
4.04315e-02 2.02185e-02  7.82697e+00 7.84147e+00 
4.05434e-02 2.02046e-02  7.87392e+00 7.88839e+00 
4.06553e-02 2.09725e-02  7.92146e+00 7.93670e+00 
4.07672e-02 2.25345e-02  7.96954e+00 7.98634e+00 
4.08790e-02 2.48114e-02  8.01813e+00 8.03719e+00 
4.09909e-02 2.78577e-02  8.06699e+00 8.08908e+00 
4.11027e-02 3.16899e-02  8.11589e+00 8.14182e+00 
4.12146e-02 3.60420e-02  8.16492e+00 8.19522e+00 
4.13264e-02 4.05795e-02  8.21429e+00 8.24912e+00 
4.14383e-02 4.52461e-02  8.26389e+00 8.30337e+00 
4.15501e-02 5.01826e-02  8.31349e+00 8.35790e+00 
4.16620e-02 5.54756e-02  8.36294e+00 8.41264e+00 
4.17738e-02 6.12242e-02  8.41212e+00 8.46754e+00 
4.18857e-02 6.76614e-02  8.46075e+00 8.52260e+00 
4.19975e-02 7.49505e-02  8.50867e+00 8.57781e+00 
4.21094e-02 8.30117e-02  8.55597e+00 8.63319e+00 
4.22212e-02 9.17289e-02  8.60283e+00 8.68877e+00 
4.23330e-02 1.01106e-01  8.64925e+00 8.74457e+00 
4.24449e-02 1.11049e-01  8.69532e+00 8.80060e+00 
4.25567e-02 1.21264e-01  8.74134e+00 8.85685e+00 
4.26686e-02 1.31551e-01  8.78748e+00 8.91327e+00 
4.27804e-02 1.41916e-01  8.83361e+00 8.96976e+00 
4.28923e-02 1.52213e-01  8.87973e+00 9.02620e+00 
4.30041e-02 1.61993e-01  8.92619e+00 9.08246e+00 
4.31159e-02 1.70887e-01  8.97325e+00 9.13841e+00 
4.32277e-02 1.78817e-01  9.02084e+00 9.19392e+00 
4.33395e-02 1.85714e-01  9.06891e+00 9.24890e+00 
4.34514e-02 1.91433e-01  9.11756e+00 9.30325e+00 
4.35632e-02 1.96105e-01  9.16658e+00 9.35691e+00 
4.36751e-02 2.00162e-01  9.21545e+00 9.40982e+00 
4.37869e-02 2.03855e-01  9.26392e+00 9.46199e+00 
4.38988e-02 2.07117e-01  9.31211e+00 9.51345e+00 
4.40106e-02 2.10006e-01  9.36008e+00 9.56429e+00 
4.41225e-02 2.12819e-01  9.40758e+00 9.61461e+00 
4.42343e-02 2.15648e-01  9.45464e+00 9.66452e+00 
4.43461e-02 2.18286e-01  9.50163e+00 9.71416e+00 
4.44580e-02 2.20697e-01  9.54872e+00 9.76364e+00 
4.45698e-02 2.23146e-01  9.59570e+00 9.81307e+00 
4.46817e-02 2.25794e-01  9.64254e+00 9.86257e+00 
4.47935e-02 2.28603e-01  9.68943e+00 9.91227e+00 
4.49053e-02 2.31687e-01  9.73640e+00 9.96232e+00 
4.50172e-02 2.35279e-01  9.78331e+00 1.00128e+01 
4.51290e-02 2.39319e-01  9.83032e+00 1.00639e+01 
4.52408e-02 2.43512e-01  9.87778e+00 1.01156e+01 
4.53527e-02 2.47812e-01  9.92570e+00 1.01678e+01 
4.54645e-02 2.52400e-01  9.97377e+00 1.02204e+01 
4.55764e-02 2.57258e-01  1.00219e+01 1.02734e+01 
4.56882e-02 2.62253e-01  1.00702e+01 1.03267e+01 
4.58000e-02 2.67583e-01  1.01185e+01 1.03803e+01 
4.59119e-02 2.73626e-01  1.01663e+01 1.04341e+01 
4.60237e-02 2.80412e-01  1.02137e+01 1.04883e+01 
4.61356e-02 2.87684e-01  1.02610e+01 1.05430e+01 
4.62474e-02 2.95363e-01  1.03084e+01 1.05980e+01 
4.63592e-02 3.03484e-01  1.03556e+01 1.06533e+01 
4.64711e-02 3.11810e-01  1.04027e+01 1.07087e+01 
4.65829e-02 3.19971e-01  1.04499e+01 1.07641e+01 
4.66948e-02 3.27867e-01  1.04972e+01 1.08193e+01 
4.68066e-02 3.35541e-01  1.05443e+01 1.08741e+01 
4.69184e-02 3.42807e-01  1.05913e+01 1.09284e+01 
4.70303e-02 3.49393e-01  1.06386e+01 1.09822e+01 
4.71421e-02 3.55253e-01  1.06860e+01 1.10355e+01 
4.72539e-02 3.60419e-01  1.07336e+01 1.10882e+01 
4.73658e-02 3.64793e-01  1.07814e+01 1.11404e+01 
4.74776e-02 3.68377e-01  1.08295e+01 1.11922e+01 
4.75895e-02 3.71482e-01  1.08777e+01 1.12434e+01 
4.77013e-02 3.74431e-01  1.09257e+01 1.12944e+01 
4.78131e-02 3.77322e-01  1.09736e+01 1.13451e+01 
4.79250e-02 3.80271e-01  1.10214e+01 1.13958e+01 
4.80368e-02 3.83544e-01  1.10689e+01 1.14467e+01 
4.81487e-02 3.87242e-01  1.11162e+01 1.14977e+01 
4.82605e-02 3.91173e-01  1.11635e+01 1.15489e+01 
4.83723e-02 3.95186e-01  1.12109e+01 1.16004e+01 
4.84842e-02 3.99306e-01  1.12585e+01 1.16521e+01 
4.85960e-02 4.03478e-01  1.13062e+01 1.17040e+01 
4.87078e-02 4.07561e-01  1.13543e+01 1.17561e+01 
4.88197e-02 4.11627e-01  1.14027e+01 1.18086e+01 
4.89315e-02 4.15882e-01  1.14513e+01 1.18614e+01 
4.90434e-02 4.20249e-01  1.15000e+01 1.19146e+01 
4.91552e-02 4.24414e-01  1.15494e+01 1.19680e+01 
4.92670e-02 4.28257e-01  1.15993e+01 1.20218e+01 
4.93789e-02 4.31852e-01  1.16496e+01 1.20757e+01 
4.94907e-02 4.35107e-01  1.17002e+01 1.21296e+01 
4.96026e-02 4.37805e-01  1.17514e+01 1.21835e+01 
4.97144e-02 4.39909e-01  1.18030e+01 1.22372e+01 
4.98262e-02 4.41465e-01  1.18550e+01 1.22907e+01 
4.99381e-02 4.42336e-01  1.19075e+01 1.23441e+01 
5.00499e-02 4.42361e-01  1.19608e+01 1.23974e+01 
5.01618e-02 4.41627e-01  1.20147e+01 1.24506e+01 
5.02736e-02 4.40259e-01  1.20692e+01 1.25038e+01 
5.03854e-02 4.38130e-01  1.21245e+01 1.25569e+01 
5.04972e-02 4.35060e-01  1.21807e+01 1.26101e+01 
5.06090e-02 4.31066e-01  1.22379e+01 1.26632e+01 
5.07209e-02 4.26185e-01  1.22958e+01 1.27163e+01 
5.08327e-02 4.20335e-01  1.23547e+01 1.27693e+01 
5.09445e-02 4.13558e-01  1.24143e+01 1.28222e+01 
5.10563e-02 4.06121e-01  1.24744e+01 1.28748e+01 
5.11681e-02 3.98206e-01  1.25347e+01 1.29272e+01 
5.12799e-02 3.89833e-01  1.25952e+01 1.29793e+01 
5.13917e-02 3.81197e-01  1.26557e+01 1.30312e+01 
5.15034e-02 3.72684e-01  1.27159e+01 1.30827e+01 
5.16152e-02 3.64483e-01  1.27754e+01 1.31341e+01 
5.17270e-02 3.56532e-01  1.28346e+01 1.31854e+01 
5.18388e-02 3.48916e-01  1.28935e+01 1.32366e+01 
5.19505e-02 3.41891e-01  1.29518e+01 1.32879e+01 
5.20623e-02 3.35520e-01  1.30098e+01 1.33396e+01 
5.21741e-02 3.29683e-01  1.30677e+01 1.33916e+01 
5.22858e-02 3.24426e-01  1.31254e+01 1.34441e+01 
5.23976e-02 3.19889e-01  1.31829e+01 1.34970e+01 
5.25094e-02 3.15971e-01  1.32402e+01 1.35504e+01 
5.26211e-02 3.12416e-01  1.32974e+01 1.36040e+01 
5.27329e-02 3.09131e-01  1.33544e+01 1.36578e+01 
5.28447e-02 3.06053e-01  1.34112e+01 1.37115e+01 
5.29564e-02 3.02896e-01  1.34681e+01 1.37652e+01 
5.30682e-02 2.99404e-01  1.35251e+01 1.38188e+01 
5.31800e-02 2.95672e-01  1.35824e+01 1.38723e+01 
5.32917e-02 2.91862e-01  1.36396e+01 1.39257e+01 
5.34035e-02 2.87847e-01  1.36970e+01 1.39792e+01 
5.35153e-02 2.83429e-01  1.37548e+01 1.40325e+01 
5.36271e-02 2.78612e-01  1.38129e+01 1.40857e+01 
5.37388e-02 2.73366e-01  1.38712e+01 1.41388e+01 
5.38506e-02 2.67452e-01  1.39299e+01 1.41916e+01 
5.39624e-02 2.60781e-01  1.39891e+01 1.42441e+01 
5.40741e-02 2.53636e-01  1.40486e+01 1.42965e+01 
5.41859e-02 2.46346e-01  1.41080e+01 1.43486e+01 
5.42977e-02 2.39096e-01  1.41674e+01 1.44007e+01 
5.44094e-02 2.32204e-01  1.42264e+01 1.44528e+01 
5.45212e-02 2.26129e-01  1.42847e+01 1.45050e+01 
5.46330e-02 2.21006e-01  1.43420e+01 1.45572e+01 
5.47448e-02 2.16533e-01  1.43987e+01 1.46095e+01 
5.48565e-02 2.12407e-01  1.44551e+01 1.46618e+01 
5.49683e-02 2.08456e-01  1.45113e+01 1.47141e+01 
5.50801e-02 2.04344e-01  1.45677e+01 1.47663e+01 
5.51919e-02 1.99639e-01  1.46247e+01 1.48186e+01 
5.53036e-02 1.94232e-01  1.46824e+01 1.48709e+01 
5.54154e-02 1.88348e-01  1.47406e+01 1.49232e+01 
5.55271e-02 1.82169e-01  1.47993e+01 1.49757e+01 
5.56389e-02 1.75831e-01  1.48582e+01 1.50283e+01 
5.57507e-02 1.69644e-01  1.49171e+01 1.50810e+01 
5.58624e-02 1.63893e-01  1.49757e+01 1.51338e+01 
5.59742e-02 1.58536e-01  1.50341e+01 1.51868e+01 
5.60859e-02 1.53404e-01  1.50924e+01 1.52400e+01 
5.61977e-02 1.48525e-01  1.51506e+01 1.52933e+01 
5.63095e-02 1.43936e-01  1.52086e+01 1.53468e+01 
5.64212e-02 1.39477e-01  1.52666e+01 1.54003e+01 
5.65330e-02 1.35062e-01  1.53246e+01 1.54539e+01 
5.66448e-02 1.30854e-01  1.53824e+01 1.55075e+01 
5.67566e-02 1.26920e-01  1.54398e+01 1.55610e+01 
5.68683e-02 1.23053e-01  1.54971e+01 1.56144e+01 
5.69801e-02 1.19107e-01  1.55545e+01 1.56678e+01 
5.70919e-02 1.15122e-01  1.56118e+01 1.57212e+01 
5.72036e-02 1.10972e-01  1.56693e+01 1.57745e+01 
5.73154e-02 1.06339e-01  1.57272e+01 1.58278e+01 
5.74272e-02 1.01173e-01  1.57855e+01 1.58809e+01 
5.75390e-02 9.57530e-02  1.58440e+01 1.59340e+01 
5.76507e-02 9.02546e-02  1.59025e+01 1.59870e+01 
5.77625e-02 8.46896e-02  1.59611e+01 1.60400e+01 
5.78743e-02 7.92582e-02  1.60196e+01 1.60931e+01 
5.79860e-02 7.42681e-02  1.60779e+01 1.61464e+01 
5.80978e-02 6.97258e-02  1.61359e+01 1.61999e+01 
5.82096e-02 6.54388e-02  1.61941e+01 1.62538e+01 
5.83213e-02 6.14218e-02  1.62524e+01 1.63081e+01 
5.84331e-02 5.77879e-02  1.63107e+01 1.63628e+01 
5.85449e-02 5.44282e-02  1.63692e+01 1.64178e+01 
5.86567e-02 5.12201e-02  1.64279e+01 1.64733e+01 
5.87684e-02 4.83333e-02  1.64867e+01 1.65293e+01 
5.88802e-02 4.59487e-02  1.65455e+01 1.65857e+01 
5.89920e-02 4.39352e-02  1.66045e+01 1.66427e+01 
5.91037e-02 4.21299e-02  1.66638e+01 1.67002e+01 
5.92155e-02 4.06029e-02  1.67235e+01 1.67584e+01 
5.93273e-02 3.93464e-02  1.67835e+01 1.68171e+01 
5.94390e-02 3.80916e-02  1.68441e+01 1.68765e+01 
5.95508e-02 3.67032e-02  1.69055e+01 1.69365e+01 
5.96626e-02 3.53552e-02  1.69675e+01 1.69971e+01 
5.97744e-02 3.41267e-02  1.70300e+01 1.70584e+01 
5.98861e-02 3.28752e-02  1.70932e+01 1.71204e+01 
5.99979e-02 3.16496e-02  1.71572e+01 1.71832e+01 
6.01097e-02 3.07364e-02  1.72217e+01 1.72467e+01 
6.02214e-02 3.01965e-02  1.72867e+01 1.73112e+01 
6.03332e-02 2.98418e-02  1.73524e+01 1.73765e+01 
6.04450e-02 2.96857e-02  1.74187e+01 1.74426e+01 
6.05567e-02 2.99037e-02  1.74854e+01 1.75096e+01 
6.06685e-02 3.03796e-02  1.75526e+01 1.75772e+01 
6.07803e-02 3.08069e-02  1.76205e+01 1.76456e+01 
6.08920e-02 3.11681e-02  1.76892e+01 1.77146e+01 
6.10038e-02 3.16378e-02  1.77583e+01 1.77842e+01 
6.11155e-02 3.21822e-02  1.78281e+01 1.78546e+01 
6.12273e-02 3.27423e-02  1.78987e+01 1.79257e+01 
6.13390e-02 3.36193e-02  1.79697e+01 1.79976e+01 
6.14508e-02 3.52359e-02  1.80409e+01 1.80704e+01 
6.15625e-02 3.77528e-02  1.81120e+01 1.81440e+01 
6.16742e-02 4.12782e-02  1.81831e+01 1.82186e+01 
6.17859e-02 4.61150e-02  1.82536e+01 1.82939e+01 
6.18976e-02 5.24321e-02  1.83234e+01 1.83700e+01 
6.20094e-02 6.00262e-02  1.83926e+01 1.84468e+01 
6.21211e-02 6.86731e-02  1.84613e+01 1.85242e+01 
6.22328e-02 7.83292e-02  1.85295e+01 1.86021e+01 
6.23445e-02 8.88032e-02  1.85973e+01 1.86803e+01 
6.24562e-02 9.96859e-02  1.86649e+01 1.87588e+01 
6.25678e-02 1.10758e-01  1.87325e+01 1.88375e+01 
6.26795e-02 1.22025e-01  1.87999e+01 1.89161e+01 
6.27912e-02 1.33297e-01  1.88671e+01 1.89946e+01 
6.29029e-02 1.44241e-01  1.89344e+01 1.90729e+01 
6.30147e-02 1.54805e-01  1.90018e+01 1.91509e+01 
6.31264e-02 1.65095e-01  1.90691e+01 1.92284e+01 
6.32381e-02 1.74921e-01  1.91364e+01 1.93056e+01 
6.33498e-02 1.83949e-01  1.92041e+01 1.93823e+01 
6.34615e-02 1.92146e-01  1.92722e+01 1.94586e+01 
6.35732e-02 1.99593e-01  1.93405e+01 1.95343e+01 
6.36849e-02 2.06111e-01  1.94091e+01 1.96095e+01 
6.37966e-02 2.11557e-01  1.94782e+01 1.96840e+01 
6.39083e-02 2.16178e-01  1.95474e+01 1.97578e+01 
6.40200e-02 2.20218e-01  1.96164e+01 1.98308e+01 
6.41317e-02 2.23558e-01  1.96854e+01 1.99032e+01 
6.42434e-02 2.26134e-01  1.97545e+01 1.99749e+01 
6.43551e-02 2.28273e-01  1.98236e+01 2.00461e+01 
6.44669e-02 2.30237e-01  1.98924e+01 2.01168e+01 
6.45786e-02 2.31941e-01  1.99611e+01 2.01873e+01 
6.46903e-02 2.33435e-01  2.00300e+01 2.02576e+01 
6.48020e-02 2.35132e-01  2.00986e+01 2.03280e+01 
6.49137e-02 2.37296e-01  2.01669e+01 2.03984e+01 
6.50254e-02 2.39848e-01  2.02350e+01 2.04691e+01 
6.51371e-02 2.42847e-01  2.03031e+01 2.05401e+01 
6.52488e-02 2.46568e-01  2.03707e+01 2.06115e+01 
6.53605e-02 2.50976e-01  2.04380e+01 2.06833e+01 
6.54722e-02 2.55708e-01  2.05055e+01 2.07554e+01 
6.55839e-02 2.60625e-01  2.05731e+01 2.08280e+01 
6.56956e-02 2.65840e-01  2.06409e+01 2.09010e+01 
6.58073e-02 2.71249e-01  2.07088e+01 2.09743e+01 
6.59190e-02 2.76613e-01  2.07772e+01 2.10481e+01 
6.60307e-02 2.81991e-01  2.08460e+01 2.11222e+01 
6.61424e-02 2.87565e-01  2.09148e+01 2.11966e+01 
6.62541e-02 2.93212e-01  2.09838e+01 2.12713e+01 
6.63658e-02 2.98728e-01  2.10531e+01 2.13461e+01 
6.64775e-02 3.04200e-01  2.11225e+01 2.14209e+01 
6.65892e-02 3.09754e-01  2.11917e+01 2.14957e+01 
6.67009e-02 3.15294e-01  2.12608e+01 2.15703e+01 
6.68126e-02 3.20870e-01  2.13298e+01 2.16449e+01 
6.69243e-02 3.26860e-01  2.13983e+01 2.17194e+01 
6.70360e-02 3.33472e-01  2.14661e+01 2.17938e+01 
6.71477e-02 3.40484e-01  2.15336e+01 2.18683e+01 
6.72594e-02 3.47703e-01  2.16009e+01 2.19428e+01 
6.73711e-02 3.55110e-01  2.16679e+01 2.20173e+01 
6.74828e-02 3.62409e-01  2.17351e+01 2.20918e+01 
6.75945e-02 3.69056e-01  2.18028e+01 2.21662e+01 
6.77062e-02 3.74890e-01  2.18714e+01 2.22405e+01 
6.78179e-02 3.80197e-01  2.19403e+01 2.23148e+01 
6.79296e-02 3.85155e-01  2.20096e+01 2.23891e+01 
6.80413e-02 3.89788e-01  2.20793e+01 2.24633e+01 
6.81530e-02 3.94367e-01  2.21490e+01 2.25376e+01 
6.82647e-02 3.99216e-01  2.22184e+01 2.26119e+01 
6.83764e-02 4.04203e-01  2.22876e+01 2.26860e+01 
6.84881e-02 4.08961e-01  2.23568e+01 2.27600e+01 
6.85998e-02 4.13415e-01  2.24260e+01 2.28336e+01 
6.87115e-02 4.17618e-01  2.24950e+01 2.29069e+01 
6.88232e-02 4.21376e-01  2.25641e+01 2.29797e+01 
6.89349e-02 4.24516e-01  2.26333e+01 2.30520e+01 
6.90466e-02 4.27162e-01  2.27026e+01 2.31240e+01 
6.91583e-02 4.29366e-01  2.27721e+01 2.31957e+01 
6.92700e-02 4.30874e-01  2.28420e+01 2.32672e+01 
6.93817e-02 4.31577e-01  2.29127e+01 2.33386e+01 
6.94934e-02 4.31713e-01  2.29840e+01 2.34100e+01 
6.96051e-02 4.31401e-01  2.30559e+01 2.34816e+01 
6.97168e-02 4.30528e-01  2.31287e+01 2.35535e+01 
6.98285e-02 4.29239e-01  2.32022e+01 2.36258e+01 
6.99402e-02 4.27964e-01  2.32762e+01 2.36984e+01 
7.00519e-02 4.26830e-01  2.33506e+01 2.37717e+01 
7.01637e-02 4.25644e-01  2.34255e+01 2.38455e+01 
7.02754e-02 4.24395e-01  2.35011e+01 2.39198e+01 
7.03871e-02 4.23193e-01  2.35772e+01 2.39946e+01 
7.04988e-02 4.21821e-01  2.36538e+01 2.40699e+01 
7.06105e-02 4.19959e-01  2.37312e+01 2.41454e+01 
7.07221e-02 4.17645e-01  2.38092e+01 2.42211e+01 
7.08338e-02 4.14982e-01  2.38875e+01 2.42968e+01 
7.09455e-02 4.11663e-01  2.39664e+01 2.43724e+01 
7.10572e-02 4.07343e-01  2.40461e+01 2.44477e+01 
7.11689e-02 4.02118e-01  2.41263e+01 2.45227e+01 
7.12805e-02 3.96181e-01  2.42069e+01 2.45973e+01 
7.13922e-02 3.89465e-01  2.42879e+01 2.46716e+01 
7.15039e-02 3.82051e-01  2.43692e+01 2.47455e+01 
7.16156e-02 3.74411e-01  2.44505e+01 2.48191e+01 
7.17272e-02 3.66864e-01  2.45313e+01 2.48924e+01 
7.18388e-02 3.59319e-01  2.46119e+01 2.49655e+01 
7.19505e-02 3.51804e-01  2.46924e+01 2.50384e+01 
7.20621e-02 3.44621e-01  2.47724e+01 2.51113e+01 
7.21738e-02 3.37793e-01  2.48521e+01 2.51841e+01 
7.22854e-02 3.31031e-01  2.49316e+01 2.52568e+01 
7.23970e-02 3.24366e-01  2.50110e+01 2.53296e+01 
7.25086e-02 3.18159e-01  2.50899e+01 2.54023e+01 
7.26203e-02 3.12488e-01  2.51682e+01 2.54750e+01 
7.27319e-02 3.07158e-01  2.52462e+01 2.55476e+01 
7.28435e-02 3.02228e-01  2.53238e+01 2.56203e+01 
7.29552e-02 2.97813e-01  2.54008e+01 2.56929e+01 
7.30668e-02 2.93559e-01  2.54776e+01 2.57654e+01 
7.31784e-02 2.88967e-01  2.55547e+01 2.58380e+01 
7.32901e-02 2.84027e-01  2.56322e+01 2.59105e+01 
7.34017e-02 2.78949e-01  2.57099e+01 2.59831e+01 
7.35133e-02 2.73641e-01  2.57880e+01 2.60559e+01 
7.36250e-02 2.68018e-01  2.58667e+01 2.61290e+01 
7.37366e-02 2.62413e-01  2.59457e+01 2.62024e+01 
7.38483e-02 2.57138e-01  2.60248e+01 2.62762e+01 
7.39599e-02 2.52065e-01  2.61041e+01 2.63504e+01 
7.40715e-02 2.47061e-01  2.61837e+01 2.64250e+01 
7.41832e-02 2.42295e-01  2.62634e+01 2.64999e+01 
7.42948e-02 2.37791e-01  2.63429e+01 2.65750e+01 
7.44065e-02 2.33262e-01  2.64227e+01 2.66502e+01 
7.45181e-02 2.28663e-01  2.65025e+01 2.67254e+01 
7.46297e-02 2.24327e-01  2.65820e+01 2.68006e+01 
7.47414e-02 2.20369e-01  2.66611e+01 2.68757e+01 
7.48530e-02 2.16552e-01  2.67399e+01 2.69507e+01 
7.49647e-02 2.12789e-01  2.68185e+01 2.70255e+01 
7.50763e-02 2.09127e-01  2.68966e+01 2.71000e+01 
7.51879e-02 2.05263e-01  2.69745e+01 2.71740e+01 
7.52995e-02 2.00712e-01  2.70527e+01 2.72477e+01 
7.54111e-02 1.95381e-01  2.71311e+01 2.73207e+01 
7.55228e-02 1.89460e-01  2.72096e+01 2.73933e+01 
7.56344e-02 1.82982e-01  2.72883e+01 2.74655e+01 
7.57460e-02 1.76023e-01  2.73671e+01 2.75373e+01 
7.58577e-02 1.68999e-01  2.74458e+01 2.76090e+01 
7.59693e-02 1.62259e-01  2.75241e+01 2.76806e+01 
7.60809e-02 1.55723e-01  2.76023e+01 2.77522e+01 
7.61926e-02 1.49283e-01  2.76806e+01 2.78241e+01 
7.63042e-02 1.43083e-01  2.77590e+01 2.78963e+01 
7.64159e-02 1.37111e-01  2.78376e+01 2.79690e+01 
7.65275e-02 1.31104e-01  2.79167e+01 2.80421e+01 
7.66392e-02 1.25098e-01  2.79964e+01 2.81158e+01 
7.67508e-02 1.19498e-01  2.80762e+01 2.81899e+01 
7.68624e-02 1.14447e-01  2.81558e+01 2.82645e+01 
7.69740e-02 1.09767e-01  2.82355e+01 2.83395e+01 
7.70857e-02 1.05551e-01  2.83150e+01 2.84148e+01 
7.71973e-02 1.02102e-01  2.83940e+01 2.84903e+01 
7.73090e-02 9.93061e-02  2.84725e+01 2.85661e+01 
7.74206e-02 9.67676e-02  2.85510e+01 2.86420e+01 
7.75322e-02 9.44289e-02  2.86293e+01 2.87179e+01 
7.76439e-02 9.23844e-02  2.87072e+01 2.87939e+01 
7.77555e-02 9.03223e-02  2.87851e+01 2.88697e+01 
7.78671e-02 8.78336e-02  2.88634e+01 2.89455e+01 
7.79788e-02 8.49744e-02  2.89418e+01 2.90210e+01 
7.80904e-02 8.19045e-02  2.90203e+01 2.90964e+01 
7.82020e-02 7.83661e-02  2.90991e+01 2.91717e+01 
7.83137e-02 7.41095e-02  2.91786e+01 2.92470e+01 
7.84253e-02 6.93963e-02  2.92587e+01 2.93223e+01 
7.85369e-02 6.45816e-02  2.93389e+01 2.93978e+01 
7.86486e-02 5.96985e-02  2.94195e+01 2.94734e+01 
7.87602e-02 5.48679e-02  2.95003e+01 2.95494e+01 
7.88719e-02 5.05418e-02  2.95810e+01 2.96257e+01 
7.89835e-02 4.69837e-02  2.96613e+01 2.97026e+01 
7.90951e-02 4.40450e-02  2.97417e+01 2.97800e+01 
7.92067e-02 4.16656e-02  2.98222e+01 2.98581e+01 
7.93184e-02 3.99935e-02  2.99027e+01 2.99369e+01 
7.94300e-02 3.88918e-02  2.99832e+01 3.00164e+01 
7.95416e-02 3.79501e-02  3.00644e+01 3.00966e+01 
7.96533e-02 3.70211e-02  3.01462e+01 3.01775e+01 
7.97649e-02 3.61910e-02  3.02285e+01 3.02589e+01 
7.98765e-02 3.53283e-02  3.03113e+01 3.03410e+01 
7.99882e-02 3.42223e-02  3.03951e+01 3.04236e+01 
8.00998e-02 3.29758e-02  3.04797e+01 3.05070e+01 
8.02115e-02 3.17549e-02  3.05650e+01 3.05911e+01 
8.03231e-02 3.04400e-02  3.06512e+01 3.06760e+01 
8.04347e-02 2.89789e-02  3.07385e+01 3.07617e+01 
8.05463e-02 2.77114e-02  3.08264e+01 3.08483e+01 
8.06580e-02 2.69627e-02  3.09147e+01 3.09359e+01 
8.07696e-02 2.67421e-02  3.10034e+01 3.10244e+01 
8.08812e-02 2.71082e-02  3.10925e+01 3.11139e+01 
8.09929e-02 2.82999e-02  3.11818e+01 3.12043e+01 
8.11045e-02 3.02899e-02  3.12712e+01 3.12957e+01 
8.12161e-02 3.27445e-02  3.13609e+01 3.13880e+01 
8.13277e-02 3.55212e-02  3.14512e+01 3.14810e+01 
8.14393e-02 3.86648e-02  3.15416e+01 3.15746e+01 
8.15509e-02 4.19806e-02  3.16324e+01 3.16687e+01 
8.16625e-02 4.52372e-02  3.17238e+01 3.17633e+01 
8.17741e-02 4.86661e-02  3.18154e+01 3.18582e+01 
8.18857e-02 5.26571e-02  3.19067e+01 3.19536e+01 
8.19973e-02 5.71864e-02  3.19979e+01 3.20493e+01 
8.21088e-02 6.21005e-02  3.20890e+01 3.21453e+01 
8.22204e-02 6.76000e-02  3.21798e+01 3.22416e+01 
8.23320e-02 7.38982e-02  3.22701e+01 3.23382e+01 
8.24436e-02 8.08408e-02  3.23599e+01 3.24350e+01 
8.25551e-02 8.83505e-02  3.24496e+01 3.25322e+01 
8.26667e-02 9.67323e-02  3.25387e+01 3.26297e+01 
8.27783e-02 1.06129e-01  3.26272e+01 3.27276e+01 
8.28899e-02 1.16243e-01  3.27154e+01 3.28259e+01 
8.30014e-02 1.26893e-01  3.28034e+01 3.29245e+01 
8.31130e-02 1.38174e-01  3.28910e+01 3.30234e+01 
8.32245e-02 1.49865e-01  3.29782e+01 3.31223e+01 
8.33361e-02 1.61377e-01  3.30655e+01 3.32212e+01 
8.34477e-02 1.72407e-01  3.31532e+01 3.33198e+01 
8.35592e-02 1.82950e-01  3.32410e+01 3.34182e+01 
8.36708e-02 1.92746e-01  3.33292e+01 3.35163e+01 
8.37824e-02 2.01459e-01  3.34182e+01 3.36139e+01 
8.38939e-02 2.09236e-01  3.35076e+01 3.37111e+01 
8.40055e-02 2.16366e-01  3.35971e+01 3.38078e+01 
8.41171e-02 2.22693e-01  3.36869e+01 3.39038e+01 
8.42286e-02 2.28062e-01  3.37769e+01 3.39992e+01 
8.43402e-02 2.32858e-01  3.38670e+01 3.40941e+01 
8.44518e-02 2.37419e-01  3.39566e+01 3.41883e+01 
8.45634e-02 2.41481e-01  3.40462e+01 3.42820e+01 
8.46749e-02 2.44848e-01  3.41361e+01 3.43752e+01 
8.47865e-02 2.47891e-01  3.42259e+01 3.44680e+01 
8.48981e-02 2.50836e-01  3.43154e+01 3.45605e+01 
8.50097e-02 2.53379e-01  3.44051e+01 3.46527e+01 
8.51213e-02 2.55524e-01  3.44949e+01 3.47446e+01 
8.52328e-02 2.57857e-01  3.45842e+01 3.48363e+01 
8.53444e-02 2.60586e-01  3.46730e+01 3.49278e+01 
8.54560e-02 2.63273e-01  3.47616e+01 3.50192e+01 
8.55675e-02 2.65812e-01  3.48504e+01 3.51104e+01 
8.56791e-02 2.68634e-01  3.49387e+01 3.52016e+01 
8.57907e-02 2.71731e-01  3.50267e+01 3.52927e+01 
8.59022e-02 2.74594e-01  3.51150e+01 3.53838e+01 
8.60138e-02 2.77237e-01  3.52036e+01 3.54751e+01 
8.61254e-02 2.80207e-01  3.52922e+01 3.55667e+01 
8.62370e-02 2.83583e-01  3.53809e+01 3.56587e+01 
8.63485e-02 2.87044e-01  3.54701e+01 3.57514e+01 
8.64601e-02 2.90800e-01  3.55597e+01 3.58447e+01 
8.65717e-02 2.95347e-01  3.56491e+01 3.59387e+01 
8.66833e-02 3.00540e-01  3.57386e+01 3.60334e+01 
8.67948e-02 3.05916e-01  3.58285e+01 3.61287e+01 
8.69064e-02 3.11628e-01  3.59186e+01 3.62245e+01 
8.70180e-02 3.18102e-01  3.60083e+01 3.63207e+01 
8.71296e-02 3.25184e-01  3.60978e+01 3.64172e+01 
8.72411e-02 3.32482e-01  3.61872e+01 3.65140e+01 
8.73527e-02 3.40071e-01  3.62765e+01 3.66108e+01 
8.74643e-02 3.48050e-01  3.63654e+01 3.67077e+01 
8.75758e-02 3.55983e-01  3.64541e+01 3.68043e+01 
8.76874e-02 3.63433e-01  3.65431e+01 3.69008e+01 
8.77990e-02 3.70513e-01  3.66322e+01 3.69969e+01 
8.79105e-02 3.77389e-01  3.67212e+01 3.70928e+01 
8.80221e-02 3.83870e-01  3.68104e+01 3.71885e+01 
8.81337e-02 3.89875e-01  3.68999e+01 3.72840e+01 
8.82452e-02 3.95671e-01  3.69893e+01 3.73792e+01 
8.83568e-02 4.01350e-01  3.70786e+01 3.74742e+01 
8.84684e-02 4.06661e-01  3.71680e+01 3.75689e+01 
8.85799e-02 4.11487e-01  3.72575e+01 3.76632e+01 
8.86915e-02 4.15922e-01  3.73472e+01 3.77573e+01 
8.88031e-02 4.19872e-01  3.74371e+01 3.78513e+01 
8.89147e-02 4.23141e-01  3.75276e+01 3.79450e+01 
8.90262e-02 4.25809e-01  3.76187e+01 3.80388e+01 
8.91378e-02 4.28043e-01  3.77102e+01 3.81325e+01 
8.92494e-02 4.29776e-01  3.78021e+01 3.82261e+01 
8.93609e-02 4.30959e-01  3.78944e+01 3.83196e+01 
8.94725e-02 4.31783e-01  3.79868e+01 3.84128e+01 
8.95841e-02 4.32357e-01  3.80792e+01 3.85059e+01 
8.96956e-02 4.32563e-01  3.81719e+01 3.85987e+01 
8.98072e-02 4.32431e-01  3.82647e+01 3.86914e+01 
8.99188e-02 4.32158e-01  3.83576e+01 3.87841e+01 
9.00303e-02 4.31653e-01  3.84508e+01 3.88767e+01 
9.01419e-02 4.30589e-01  3.85446e+01 3.89695e+01 
9.02535e-02 4.28897e-01  3.86392e+01 3.90624e+01 
9.03650e-02 4.26688e-01  3.87345e+01 3.91554e+01 
9.04766e-02 4.23841e-01  3.88307e+01 3.92488e+01 
9.05882e-02 4.20226e-01  3.89280e+01 3.93425e+01 
9.06997e-02 4.16100e-01  3.90263e+01 3.94367e+01 
9.08113e-02 4.11746e-01  3.91253e+01 3.95313e+01 
9.09228e-02 4.07062e-01  3.92250e+01 3.96264e+01 
9.10344e-02 4.01972e-01  3.93255e+01 3.97218e+01 
9.11459e-02 3.96775e-01  3.94264e+01 3.98174e+01 
9.12575e-02 3.91636e-01  3.95272e+01 3.99131e+01 
9.13690e-02 3.86329e-01  3.96282e+01 4.00088e+01 
9.14806e-02 3.80810e-01  3.97295e+01 4.01046e+01 
9.15921e-02 3.75427e-01  3.98307e+01 4.02003e+01 
9.17036e-02 3.70245e-01  3.99315e+01 4.02959e+01 
9.18151e-02 3.64891e-01  4.00323e+01 4.03914e+01 
9.19266e-02 3.59233e-01  4.01333e+01 4.04867e+01 
9.20381e-02 3.53492e-01  4.02340e+01 4.05817e+01 
9.21496e-02 3.47603e-01  4.03345e+01 4.06763e+01 
9.22611e-02 3.41258e-01  4.04352e+01 4.07707e+01 
9.23726e-02 3.34551e-01  4.05361e+01 4.08649e+01 
9.24840e-02 3.27868e-01  4.06369e+01 4.09590e+01 
9.25955e-02 3.21258e-01  4.07376e+01 4.10531e+01 
9.27071e-02 3.14633e-01  4.08384e+01 4.11472e+01 
9.28185e-02 3.08316e-01  4.09388e+01 4.12413e+01 
9.29300e-02 3.02675e-01  4.10383e+01 4.13352e+01 
9.30415e-02 2.97580e-01  4.11371e+01 4.14289e+01 
9.31530e-02 2.92818e-01  4.12355e+01 4.15225e+01 
9.32645e-02 2.88544e-01  4.13333e+01 4.16160e+01 
9.33760e-02 2.84773e-01  4.14305e+01 4.17095e+01 
9.34875e-02 2.81013e-01  4.15278e+01 4.18031e+01 
9.35990e-02 2.76868e-01  4.16255e+01 4.18966e+01 
9.37105e-02 2.72376e-01  4.17235e+01 4.19901e+01 
9.38220e-02 2.67477e-01  4.18218e+01 4.20835e+01 
9.39335e-02 2.61890e-01  4.19207e+01 4.21769e+01 
9.40450e-02 2.55748e-01  4.20202e+01 4.22702e+01 
9.41565e-02 2.49564e-01  4.21198e+01 4.23636e+01 
9.42680e-02 2.43470e-01  4.22194e+01 4.24571e+01 
9.43795e-02 2.37241e-01  4.23195e+01 4.25510e+01 
9.44910e-02 2.31000e-01  4.24198e+01 4.26451e+01 
9.46025e-02 2.25056e-01  4.25202e+01 4.27395e+01 
9.47140e-02 2.19263e-01  4.26206e+01 4.28341e+01 
9.48255e-02 2.13362e-01  4.27213e+01 4.29289e+01 
9.49369e-02 2.07655e-01  4.28220e+01 4.30239e+01 
9.50485e-02 2.02564e-01  4.29222e+01 4.31190e+01 
9.51599e-02 1.97968e-01  4.30220e+01 4.32142e+01 
9.52714e-02 1.93624e-01  4.31217e+01 4.33095e+01 
9.53829e-02 1.89677e-01  4.32210e+01 4.34049e+01 
9.54944e-02 1.86110e-01  4.33199e+01 4.35002e+01 
9.56059e-02 1.82413e-01  4.34188e+01 4.35954e+01 
9.57174e-02 1.78341e-01  4.35179e+01 4.36905e+01 
9.58289e-02 1.74243e-01  4.36169e+01 4.37854e+01 
9.59404e-02 1.70259e-01  4.37156e+01 4.38801e+01 
9.60519e-02 1.66066e-01  4.38145e+01 4.39748e+01 
9.61634e-02 1.61641e-01  4.39135e+01 4.40694e+01 
9.62749e-02 1.57310e-01  4.40124e+01 4.41639e+01 
9.63864e-02 1.52915e-01  4.41111e+01 4.42583e+01 
9.64979e-02 1.47945e-01  4.42103e+01 4.43525e+01 
9.66094e-02 1.42466e-01  4.43099e+01 4.44466e+01 
9.67209e-02 1.36924e-01  4.44094e+01 4.45406e+01 
9.68324e-02 1.31262e-01  4.45090e+01 4.46346e+01 
9.69439e-02 1.25233e-01  4.46092e+01 4.47286e+01 
9.70554e-02 1.19230e-01  4.47094e+01 4.48228e+01 
9.71668e-02 1.13743e-01  4.48092e+01 4.49172e+01 
9.72783e-02 1.08500e-01  4.49089e+01 4.50116e+01 
9.73898e-02 1.03086e-01  4.50089e+01 4.51062e+01 
9.75013e-02 9.77719e-02  4.51089e+01 4.52009e+01 
9.76128e-02 9.28690e-02  4.52086e+01 4.52957e+01 
9.77243e-02 8.80736e-02  4.53083e+01 4.53907e+01 
9.78358e-02 8.32492e-02  4.54084e+01 4.54858e+01 
9.79473e-02 7.89392e-02  4.55081e+01 4.55812e+01 
9.80588e-02 7.54052e-02  4.56072e+01 4.56769e+01 
9.81703e-02 7.21597e-02  4.57064e+01 4.57728e+01 
9.82818e-02 6.89816e-02  4.58058e+01 4.58690e+01 
9.83932e-02 6.62914e-02  4.59050e+01 4.59656e+01 
9.85047e-02 6.41090e-02  4.60042e+01 4.60626e+01 
9.86162e-02 6.18453e-02  4.61039e+01 4.61601e+01 
9.87277e-02 5.94183e-02  4.62045e+01 4.62581e+01 
9.88392e-02 5.73645e-02  4.63051e+01 4.63567e+01 
9.89507e-02 5.57121e-02  4.64058e+01 4.64558e+01 
9.90622e-02 5.39574e-02  4.65071e+01 4.65553e+01 
9.91737e-02 5.21219e-02  4.66087e+01 4.66551e+01 
9.92852e-02 5.06209e-02  4.67103e+01 4.67551e+01 
9.93967e-02 4.92708e-02  4.68120e+01 4.68555e+01 
9.95082e-02 4.75977e-02  4.69144e+01 4.69563e+01 
9.96197e-02 4.58128e-02  4.70174e+01 4.70575e+01 
9.97312e-02 4.43897e-02  4.71205e+01 4.71592e+01 
9.98427e-02 4.31359e-02  4.72239e+01 4.72613e+01 
9.99542e-02 4.16905e-02  4.73280e+01 4.73639e+01 
1.00000e-01 4.10952e-02  4.73709e+01 4.74062e+01 
