3-D EmbeddedElt 
Explicit Analysis	1
Embedded Elements	0
VolumeCorrection 	0
1
hexa8
1290
1    1    -0.02500 -0.00200 0.00600
2    1    -0.02500 -0.00100 0.00600
3    1    -0.02500 0.00000 0.00600
4    1    -0.02500 0.00100 0.00600
5    1    -0.02500 0.00200 0.00600
6    1    -0.02500 -0.00200 0.00480
7    1    -0.02500 -0.00100 0.00480
8    1    -0.02500 0.00000 0.00480
9    1    -0.02500 0.00100 0.00480
10   1    -0.02500 0.00200 0.00480
11   1    -0.02500 -0.00200 0.00360
12   1    -0.02500 -0.00100 0.00360
13   1    -0.02500 0.00000 0.00360
14   1    -0.02500 0.00100 0.00360
15   1    -0.02500 0.00200 0.00360
16   1    -0.02500 -0.00200 0.00240
17   1    -0.02500 -0.00100 0.00240
18   1    -0.02500 0.00000 0.00240
19   1    -0.02500 0.00100 0.00240
20   1    -0.02500 0.00200 0.00240
21   1    -0.02500 -0.00200 0.00120
22   1    -0.02500 -0.00100 0.00120
23   1    -0.02500 0.00000 0.00120
24   1    -0.02500 0.00100 0.00120
25   1    -0.02500 0.00200 0.00120
26   1    -0.02500 -0.00200 0.00000
27   1    -0.02500 -0.00100 0.00000
28   1    -0.02500 0.00000 0.00000
29   1    -0.02500 0.00100 0.00000
30   1    -0.02500 0.00200 0.00000
31   0    -0.02381 -0.00200 0.00600
32   0    -0.02381 -0.00100 0.00600
33   0    -0.02381 0.00000 0.00600
34   0    -0.02381 0.00100 0.00600
35   0    -0.02381 0.00200 0.00600
36   0    -0.02381 -0.00200 0.00480
37   0    -0.02381 -0.00100 0.00480
38   0    -0.02381 0.00000 0.00480
39   0    -0.02381 0.00100 0.00480
40   0    -0.02381 0.00200 0.00480
41   0    -0.02381 -0.00200 0.00360
42   0    -0.02381 -0.00100 0.00360
43   0    -0.02381 0.00000 0.00360
44   0    -0.02381 0.00100 0.00360
45   0    -0.02381 0.00200 0.00360
46   0    -0.02381 -0.00200 0.00240
47   0    -0.02381 -0.00100 0.00240
48   0    -0.02381 0.00000 0.00240
49   0    -0.02381 0.00100 0.00240
50   0    -0.02381 0.00200 0.00240
51   0    -0.02381 -0.00200 0.00120
52   0    -0.02381 -0.00100 0.00120
53   0    -0.02381 0.00000 0.00120
54   0    -0.02381 0.00100 0.00120
55   0    -0.02381 0.00200 0.00120
56   0    -0.02381 -0.00200 0.00000
57   0    -0.02381 -0.00100 0.00000
58   0    -0.02381 0.00000 0.00000
59   0    -0.02381 0.00100 0.00000
60   0    -0.02381 0.00200 0.00000
61   0    -0.02262 -0.00200 0.00600
62   0    -0.02262 -0.00100 0.00600
63   0    -0.02262 0.00000 0.00600
64   0    -0.02262 0.00100 0.00600
65   0    -0.02262 0.00200 0.00600
66   0    -0.02262 -0.00200 0.00480
67   0    -0.02262 -0.00100 0.00480
68   0    -0.02262 0.00000 0.00480
69   0    -0.02262 0.00100 0.00480
70   0    -0.02262 0.00200 0.00480
71   0    -0.02262 -0.00200 0.00360
72   0    -0.02262 -0.00100 0.00360
73   0    -0.02262 0.00000 0.00360
74   0    -0.02262 0.00100 0.00360
75   0    -0.02262 0.00200 0.00360
76   0    -0.02262 -0.00200 0.00240
77   0    -0.02262 -0.00100 0.00240
78   0    -0.02262 0.00000 0.00240
79   0    -0.02262 0.00100 0.00240
80   0    -0.02262 0.00200 0.00240
81   0    -0.02262 -0.00200 0.00120
82   0    -0.02262 -0.00100 0.00120
83   0    -0.02262 0.00000 0.00120
84   0    -0.02262 0.00100 0.00120
85   0    -0.02262 0.00200 0.00120
86   0    -0.02262 -0.00200 0.00000
87   0    -0.02262 -0.00100 0.00000
88   0    -0.02262 0.00000 0.00000
89   0    -0.02262 0.00100 0.00000
90   0    -0.02262 0.00200 0.00000
91   0    -0.02143 -0.00200 0.00600
92   0    -0.02143 -0.00100 0.00600
93   0    -0.02143 0.00000 0.00600
94   0    -0.02143 0.00100 0.00600
95   0    -0.02143 0.00200 0.00600
96   0    -0.02143 -0.00200 0.00480
97   0    -0.02143 -0.00100 0.00480
98   0    -0.02143 0.00000 0.00480
99   0    -0.02143 0.00100 0.00480
100  0    -0.02143 0.00200 0.00480
101  0    -0.02143 -0.00200 0.00360
102  0    -0.02143 -0.00100 0.00360
103  0    -0.02143 0.00000 0.00360
104  0    -0.02143 0.00100 0.00360
105  0    -0.02143 0.00200 0.00360
106  0    -0.02143 -0.00200 0.00240
107  0    -0.02143 -0.00100 0.00240
108  0    -0.02143 0.00000 0.00240
109  0    -0.02143 0.00100 0.00240
110  0    -0.02143 0.00200 0.00240
111  0    -0.02143 -0.00200 0.00120
112  0    -0.02143 -0.00100 0.00120
113  0    -0.02143 0.00000 0.00120
114  0    -0.02143 0.00100 0.00120
115  0    -0.02143 0.00200 0.00120
116  0    -0.02143 -0.00200 0.00000
117  0    -0.02143 -0.00100 0.00000
118  0    -0.02143 0.00000 0.00000
119  0    -0.02143 0.00100 0.00000
120  0    -0.02143 0.00200 0.00000
121  0    -0.02024 -0.00200 0.00600
122  0    -0.02024 -0.00100 0.00600
123  0    -0.02024 0.00000 0.00600
124  0    -0.02024 0.00100 0.00600
125  0    -0.02024 0.00200 0.00600
126  0    -0.02024 -0.00200 0.00480
127  0    -0.02024 -0.00100 0.00480
128  0    -0.02024 0.00000 0.00480
129  0    -0.02024 0.00100 0.00480
130  0    -0.02024 0.00200 0.00480
131  0    -0.02024 -0.00200 0.00360
132  0    -0.02024 -0.00100 0.00360
133  0    -0.02024 0.00000 0.00360
134  0    -0.02024 0.00100 0.00360
135  0    -0.02024 0.00200 0.00360
136  0    -0.02024 -0.00200 0.00240
137  0    -0.02024 -0.00100 0.00240
138  0    -0.02024 0.00000 0.00240
139  0    -0.02024 0.00100 0.00240
140  0    -0.02024 0.00200 0.00240
141  0    -0.02024 -0.00200 0.00120
142  0    -0.02024 -0.00100 0.00120
143  0    -0.02024 0.00000 0.00120
144  0    -0.02024 0.00100 0.00120
145  0    -0.02024 0.00200 0.00120
146  0    -0.02024 -0.00200 0.00000
147  0    -0.02024 -0.00100 0.00000
148  0    -0.02024 0.00000 0.00000
149  0    -0.02024 0.00100 0.00000
150  0    -0.02024 0.00200 0.00000
151  0    -0.01905 -0.00200 0.00600
152  0    -0.01905 -0.00100 0.00600
153  0    -0.01905 0.00000 0.00600
154  0    -0.01905 0.00100 0.00600
155  0    -0.01905 0.00200 0.00600
156  0    -0.01905 -0.00200 0.00480
157  0    -0.01905 -0.00100 0.00480
158  0    -0.01905 0.00000 0.00480
159  0    -0.01905 0.00100 0.00480
160  0    -0.01905 0.00200 0.00480
161  0    -0.01905 -0.00200 0.00360
162  0    -0.01905 -0.00100 0.00360
163  0    -0.01905 0.00000 0.00360
164  0    -0.01905 0.00100 0.00360
165  0    -0.01905 0.00200 0.00360
166  0    -0.01905 -0.00200 0.00240
167  0    -0.01905 -0.00100 0.00240
168  0    -0.01905 0.00000 0.00240
169  0    -0.01905 0.00100 0.00240
170  0    -0.01905 0.00200 0.00240
171  0    -0.01905 -0.00200 0.00120
172  0    -0.01905 -0.00100 0.00120
173  0    -0.01905 0.00000 0.00120
174  0    -0.01905 0.00100 0.00120
175  0    -0.01905 0.00200 0.00120
176  0    -0.01905 -0.00200 0.00000
177  0    -0.01905 -0.00100 0.00000
178  0    -0.01905 0.00000 0.00000
179  0    -0.01905 0.00100 0.00000
180  0    -0.01905 0.00200 0.00000
181  0    -0.01786 -0.00200 0.00600
182  0    -0.01786 -0.00100 0.00600
183  0    -0.01786 0.00000 0.00600
184  0    -0.01786 0.00100 0.00600
185  0    -0.01786 0.00200 0.00600
186  0    -0.01786 -0.00200 0.00480
187  0    -0.01786 -0.00100 0.00480
188  0    -0.01786 0.00000 0.00480
189  0    -0.01786 0.00100 0.00480
190  0    -0.01786 0.00200 0.00480
191  0    -0.01786 -0.00200 0.00360
192  0    -0.01786 -0.00100 0.00360
193  0    -0.01786 0.00000 0.00360
194  0    -0.01786 0.00100 0.00360
195  0    -0.01786 0.00200 0.00360
196  0    -0.01786 -0.00200 0.00240
197  0    -0.01786 -0.00100 0.00240
198  0    -0.01786 0.00000 0.00240
199  0    -0.01786 0.00100 0.00240
200  0    -0.01786 0.00200 0.00240
201  0    -0.01786 -0.00200 0.00120
202  0    -0.01786 -0.00100 0.00120
203  0    -0.01786 0.00000 0.00120
204  0    -0.01786 0.00100 0.00120
205  0    -0.01786 0.00200 0.00120
206  0    -0.01786 -0.00200 0.00000
207  0    -0.01786 -0.00100 0.00000
208  0    -0.01786 0.00000 0.00000
209  0    -0.01786 0.00100 0.00000
210  0    -0.01786 0.00200 0.00000
211  0    -0.01667 -0.00200 0.00600
212  0    -0.01667 -0.00100 0.00600
213  0    -0.01667 0.00000 0.00600
214  0    -0.01667 0.00100 0.00600
215  0    -0.01667 0.00200 0.00600
216  0    -0.01667 -0.00200 0.00480
217  0    -0.01667 -0.00100 0.00480
218  0    -0.01667 0.00000 0.00480
219  0    -0.01667 0.00100 0.00480
220  0    -0.01667 0.00200 0.00480
221  0    -0.01667 -0.00200 0.00360
222  0    -0.01667 -0.00100 0.00360
223  0    -0.01667 0.00000 0.00360
224  0    -0.01667 0.00100 0.00360
225  0    -0.01667 0.00200 0.00360
226  0    -0.01667 -0.00200 0.00240
227  0    -0.01667 -0.00100 0.00240
228  0    -0.01667 0.00000 0.00240
229  0    -0.01667 0.00100 0.00240
230  0    -0.01667 0.00200 0.00240
231  0    -0.01667 -0.00200 0.00120
232  0    -0.01667 -0.00100 0.00120
233  0    -0.01667 0.00000 0.00120
234  0    -0.01667 0.00100 0.00120
235  0    -0.01667 0.00200 0.00120
236  0    -0.01667 -0.00200 0.00000
237  0    -0.01667 -0.00100 0.00000
238  0    -0.01667 0.00000 0.00000
239  0    -0.01667 0.00100 0.00000
240  0    -0.01667 0.00200 0.00000
241  0    -0.01548 -0.00200 0.00600
242  0    -0.01548 -0.00100 0.00600
243  0    -0.01548 0.00000 0.00600
244  0    -0.01548 0.00100 0.00600
245  0    -0.01548 0.00200 0.00600
246  0    -0.01548 -0.00200 0.00480
247  0    -0.01548 -0.00100 0.00480
248  0    -0.01548 0.00000 0.00480
249  0    -0.01548 0.00100 0.00480
250  0    -0.01548 0.00200 0.00480
251  0    -0.01548 -0.00200 0.00360
252  0    -0.01548 -0.00100 0.00360
253  0    -0.01548 0.00000 0.00360
254  0    -0.01548 0.00100 0.00360
255  0    -0.01548 0.00200 0.00360
256  0    -0.01548 -0.00200 0.00240
257  0    -0.01548 -0.00100 0.00240
258  0    -0.01548 0.00000 0.00240
259  0    -0.01548 0.00100 0.00240
260  0    -0.01548 0.00200 0.00240
261  0    -0.01548 -0.00200 0.00120
262  0    -0.01548 -0.00100 0.00120
263  0    -0.01548 0.00000 0.00120
264  0    -0.01548 0.00100 0.00120
265  0    -0.01548 0.00200 0.00120
266  0    -0.01548 -0.00200 0.00000
267  0    -0.01548 -0.00100 0.00000
268  0    -0.01548 0.00000 0.00000
269  0    -0.01548 0.00100 0.00000
270  0    -0.01548 0.00200 0.00000
271  0    -0.01429 -0.00200 0.00600
272  0    -0.01429 -0.00100 0.00600
273  0    -0.01429 0.00000 0.00600
274  0    -0.01429 0.00100 0.00600
275  0    -0.01429 0.00200 0.00600
276  0    -0.01429 -0.00200 0.00480
277  0    -0.01429 -0.00100 0.00480
278  0    -0.01429 0.00000 0.00480
279  0    -0.01429 0.00100 0.00480
280  0    -0.01429 0.00200 0.00480
281  0    -0.01429 -0.00200 0.00360
282  0    -0.01429 -0.00100 0.00360
283  0    -0.01429 0.00000 0.00360
284  0    -0.01429 0.00100 0.00360
285  0    -0.01429 0.00200 0.00360
286  0    -0.01429 -0.00200 0.00240
287  0    -0.01429 -0.00100 0.00240
288  0    -0.01429 0.00000 0.00240
289  0    -0.01429 0.00100 0.00240
290  0    -0.01429 0.00200 0.00240
291  0    -0.01429 -0.00200 0.00120
292  0    -0.01429 -0.00100 0.00120
293  0    -0.01429 0.00000 0.00120
294  0    -0.01429 0.00100 0.00120
295  0    -0.01429 0.00200 0.00120
296  0    -0.01429 -0.00200 0.00000
297  0    -0.01429 -0.00100 0.00000
298  0    -0.01429 0.00000 0.00000
299  0    -0.01429 0.00100 0.00000
300  0    -0.01429 0.00200 0.00000
301  0    -0.01310 -0.00200 0.00600
302  0    -0.01310 -0.00100 0.00600
303  0    -0.01310 0.00000 0.00600
304  0    -0.01310 0.00100 0.00600
305  0    -0.01310 0.00200 0.00600
306  0    -0.01310 -0.00200 0.00480
307  0    -0.01310 -0.00100 0.00480
308  0    -0.01310 0.00000 0.00480
309  0    -0.01310 0.00100 0.00480
310  0    -0.01310 0.00200 0.00480
311  0    -0.01310 -0.00200 0.00360
312  0    -0.01310 -0.00100 0.00360
313  0    -0.01310 0.00000 0.00360
314  0    -0.01310 0.00100 0.00360
315  0    -0.01310 0.00200 0.00360
316  0    -0.01310 -0.00200 0.00240
317  0    -0.01310 -0.00100 0.00240
318  0    -0.01310 0.00000 0.00240
319  0    -0.01310 0.00100 0.00240
320  0    -0.01310 0.00200 0.00240
321  0    -0.01310 -0.00200 0.00120
322  0    -0.01310 -0.00100 0.00120
323  0    -0.01310 0.00000 0.00120
324  0    -0.01310 0.00100 0.00120
325  0    -0.01310 0.00200 0.00120
326  0    -0.01310 -0.00200 0.00000
327  0    -0.01310 -0.00100 0.00000
328  0    -0.01310 0.00000 0.00000
329  0    -0.01310 0.00100 0.00000
330  0    -0.01310 0.00200 0.00000
331  0    -0.01190 -0.00200 0.00600
332  0    -0.01190 -0.00100 0.00600
333  0    -0.01190 0.00000 0.00600
334  0    -0.01190 0.00100 0.00600
335  0    -0.01190 0.00200 0.00600
336  0    -0.01190 -0.00200 0.00480
337  0    -0.01190 -0.00100 0.00480
338  0    -0.01190 0.00000 0.00480
339  0    -0.01190 0.00100 0.00480
340  0    -0.01190 0.00200 0.00480
341  0    -0.01190 -0.00200 0.00360
342  0    -0.01190 -0.00100 0.00360
343  0    -0.01190 0.00000 0.00360
344  0    -0.01190 0.00100 0.00360
345  0    -0.01190 0.00200 0.00360
346  0    -0.01190 -0.00200 0.00240
347  0    -0.01190 -0.00100 0.00240
348  0    -0.01190 0.00000 0.00240
349  0    -0.01190 0.00100 0.00240
350  0    -0.01190 0.00200 0.00240
351  0    -0.01190 -0.00200 0.00120
352  0    -0.01190 -0.00100 0.00120
353  0    -0.01190 0.00000 0.00120
354  0    -0.01190 0.00100 0.00120
355  0    -0.01190 0.00200 0.00120
356  0    -0.01190 -0.00200 0.00000
357  0    -0.01190 -0.00100 0.00000
358  0    -0.01190 0.00000 0.00000
359  0    -0.01190 0.00100 0.00000
360  0    -0.01190 0.00200 0.00000
361  0    -0.01071 -0.00200 0.00600
362  0    -0.01071 -0.00100 0.00600
363  0    -0.01071 0.00000 0.00600
364  0    -0.01071 0.00100 0.00600
365  0    -0.01071 0.00200 0.00600
366  0    -0.01071 -0.00200 0.00480
367  0    -0.01071 -0.00100 0.00480
368  0    -0.01071 0.00000 0.00480
369  0    -0.01071 0.00100 0.00480
370  0    -0.01071 0.00200 0.00480
371  0    -0.01071 -0.00200 0.00360
372  0    -0.01071 -0.00100 0.00360
373  0    -0.01071 0.00000 0.00360
374  0    -0.01071 0.00100 0.00360
375  0    -0.01071 0.00200 0.00360
376  0    -0.01071 -0.00200 0.00240
377  0    -0.01071 -0.00100 0.00240
378  0    -0.01071 0.00000 0.00240
379  0    -0.01071 0.00100 0.00240
380  0    -0.01071 0.00200 0.00240
381  0    -0.01071 -0.00200 0.00120
382  0    -0.01071 -0.00100 0.00120
383  0    -0.01071 0.00000 0.00120
384  0    -0.01071 0.00100 0.00120
385  0    -0.01071 0.00200 0.00120
386  0    -0.01071 -0.00200 0.00000
387  0    -0.01071 -0.00100 0.00000
388  0    -0.01071 0.00000 0.00000
389  0    -0.01071 0.00100 0.00000
390  0    -0.01071 0.00200 0.00000
391  0    -0.00952 -0.00200 0.00600
392  0    -0.00952 -0.00100 0.00600
393  0    -0.00952 0.00000 0.00600
394  0    -0.00952 0.00100 0.00600
395  0    -0.00952 0.00200 0.00600
396  0    -0.00952 -0.00200 0.00480
397  0    -0.00952 -0.00100 0.00480
398  0    -0.00952 0.00000 0.00480
399  0    -0.00952 0.00100 0.00480
400  0    -0.00952 0.00200 0.00480
401  0    -0.00952 -0.00200 0.00360
402  0    -0.00952 -0.00100 0.00360
403  0    -0.00952 0.00000 0.00360
404  0    -0.00952 0.00100 0.00360
405  0    -0.00952 0.00200 0.00360
406  0    -0.00952 -0.00200 0.00240
407  0    -0.00952 -0.00100 0.00240
408  0    -0.00952 0.00000 0.00240
409  0    -0.00952 0.00100 0.00240
410  0    -0.00952 0.00200 0.00240
411  0    -0.00952 -0.00200 0.00120
412  0    -0.00952 -0.00100 0.00120
413  0    -0.00952 0.00000 0.00120
414  0    -0.00952 0.00100 0.00120
415  0    -0.00952 0.00200 0.00120
416  0    -0.00952 -0.00200 0.00000
417  0    -0.00952 -0.00100 0.00000
418  0    -0.00952 0.00000 0.00000
419  0    -0.00952 0.00100 0.00000
420  0    -0.00952 0.00200 0.00000
421  0    -0.00833 -0.00200 0.00600
422  0    -0.00833 -0.00100 0.00600
423  0    -0.00833 0.00000 0.00600
424  0    -0.00833 0.00100 0.00600
425  0    -0.00833 0.00200 0.00600
426  0    -0.00833 -0.00200 0.00480
427  0    -0.00833 -0.00100 0.00480
428  0    -0.00833 0.00000 0.00480
429  0    -0.00833 0.00100 0.00480
430  0    -0.00833 0.00200 0.00480
431  0    -0.00833 -0.00200 0.00360
432  0    -0.00833 -0.00100 0.00360
433  0    -0.00833 0.00000 0.00360
434  0    -0.00833 0.00100 0.00360
435  0    -0.00833 0.00200 0.00360
436  0    -0.00833 -0.00200 0.00240
437  0    -0.00833 -0.00100 0.00240
438  0    -0.00833 0.00000 0.00240
439  0    -0.00833 0.00100 0.00240
440  0    -0.00833 0.00200 0.00240
441  0    -0.00833 -0.00200 0.00120
442  0    -0.00833 -0.00100 0.00120
443  0    -0.00833 0.00000 0.00120
444  0    -0.00833 0.00100 0.00120
445  0    -0.00833 0.00200 0.00120
446  0    -0.00833 -0.00200 0.00000
447  0    -0.00833 -0.00100 0.00000
448  0    -0.00833 0.00000 0.00000
449  0    -0.00833 0.00100 0.00000
450  0    -0.00833 0.00200 0.00000
451  0    -0.00714 -0.00200 0.00600
452  0    -0.00714 -0.00100 0.00600
453  0    -0.00714 0.00000 0.00600
454  0    -0.00714 0.00100 0.00600
455  0    -0.00714 0.00200 0.00600
456  0    -0.00714 -0.00200 0.00480
457  0    -0.00714 -0.00100 0.00480
458  0    -0.00714 0.00000 0.00480
459  0    -0.00714 0.00100 0.00480
460  0    -0.00714 0.00200 0.00480
461  0    -0.00714 -0.00200 0.00360
462  0    -0.00714 -0.00100 0.00360
463  0    -0.00714 0.00000 0.00360
464  0    -0.00714 0.00100 0.00360
465  0    -0.00714 0.00200 0.00360
466  0    -0.00714 -0.00200 0.00240
467  0    -0.00714 -0.00100 0.00240
468  0    -0.00714 0.00000 0.00240
469  0    -0.00714 0.00100 0.00240
470  0    -0.00714 0.00200 0.00240
471  0    -0.00714 -0.00200 0.00120
472  0    -0.00714 -0.00100 0.00120
473  0    -0.00714 0.00000 0.00120
474  0    -0.00714 0.00100 0.00120
475  0    -0.00714 0.00200 0.00120
476  0    -0.00714 -0.00200 0.00000
477  0    -0.00714 -0.00100 0.00000
478  0    -0.00714 0.00000 0.00000
479  0    -0.00714 0.00100 0.00000
480  0    -0.00714 0.00200 0.00000
481  0    -0.00595 -0.00200 0.00600
482  0    -0.00595 -0.00100 0.00600
483  0    -0.00595 0.00000 0.00600
484  0    -0.00595 0.00100 0.00600
485  0    -0.00595 0.00200 0.00600
486  0    -0.00595 -0.00200 0.00480
487  0    -0.00595 -0.00100 0.00480
488  0    -0.00595 0.00000 0.00480
489  0    -0.00595 0.00100 0.00480
490  0    -0.00595 0.00200 0.00480
491  0    -0.00595 -0.00200 0.00360
492  0    -0.00595 -0.00100 0.00360
493  0    -0.00595 0.00000 0.00360
494  0    -0.00595 0.00100 0.00360
495  0    -0.00595 0.00200 0.00360
496  0    -0.00595 -0.00200 0.00240
497  0    -0.00595 -0.00100 0.00240
498  0    -0.00595 0.00000 0.00240
499  0    -0.00595 0.00100 0.00240
500  0    -0.00595 0.00200 0.00240
501  0    -0.00595 -0.00200 0.00120
502  0    -0.00595 -0.00100 0.00120
503  0    -0.00595 0.00000 0.00120
504  0    -0.00595 0.00100 0.00120
505  0    -0.00595 0.00200 0.00120
506  0    -0.00595 -0.00200 0.00000
507  0    -0.00595 -0.00100 0.00000
508  0    -0.00595 0.00000 0.00000
509  0    -0.00595 0.00100 0.00000
510  0    -0.00595 0.00200 0.00000
511  0    -0.00476 -0.00200 0.00600
512  0    -0.00476 -0.00100 0.00600
513  0    -0.00476 0.00000 0.00600
514  0    -0.00476 0.00100 0.00600
515  0    -0.00476 0.00200 0.00600
516  0    -0.00476 -0.00200 0.00480
517  0    -0.00476 -0.00100 0.00480
518  0    -0.00476 0.00000 0.00480
519  0    -0.00476 0.00100 0.00480
520  0    -0.00476 0.00200 0.00480
521  0    -0.00476 -0.00200 0.00360
522  0    -0.00476 -0.00100 0.00360
523  0    -0.00476 0.00000 0.00360
524  0    -0.00476 0.00100 0.00360
525  0    -0.00476 0.00200 0.00360
526  0    -0.00476 -0.00200 0.00240
527  0    -0.00476 -0.00100 0.00240
528  0    -0.00476 0.00000 0.00240
529  0    -0.00476 0.00100 0.00240
530  0    -0.00476 0.00200 0.00240
531  0    -0.00476 -0.00200 0.00120
532  0    -0.00476 -0.00100 0.00120
533  0    -0.00476 0.00000 0.00120
534  0    -0.00476 0.00100 0.00120
535  0    -0.00476 0.00200 0.00120
536  0    -0.00476 -0.00200 0.00000
537  0    -0.00476 -0.00100 0.00000
538  0    -0.00476 0.00000 0.00000
539  0    -0.00476 0.00100 0.00000
540  0    -0.00476 0.00200 0.00000
541  0    -0.00357 -0.00200 0.00600
542  0    -0.00357 -0.00100 0.00600
543  0    -0.00357 0.00000 0.00600
544  0    -0.00357 0.00100 0.00600
545  0    -0.00357 0.00200 0.00600
546  0    -0.00357 -0.00200 0.00480
547  0    -0.00357 -0.00100 0.00480
548  0    -0.00357 0.00000 0.00480
549  0    -0.00357 0.00100 0.00480
550  0    -0.00357 0.00200 0.00480
551  0    -0.00357 -0.00200 0.00360
552  0    -0.00357 -0.00100 0.00360
553  0    -0.00357 0.00000 0.00360
554  0    -0.00357 0.00100 0.00360
555  0    -0.00357 0.00200 0.00360
556  0    -0.00357 -0.00200 0.00240
557  0    -0.00357 -0.00100 0.00240
558  0    -0.00357 0.00000 0.00240
559  0    -0.00357 0.00100 0.00240
560  0    -0.00357 0.00200 0.00240
561  0    -0.00357 -0.00200 0.00120
562  0    -0.00357 -0.00100 0.00120
563  0    -0.00357 0.00000 0.00120
564  0    -0.00357 0.00100 0.00120
565  0    -0.00357 0.00200 0.00120
566  0    -0.00357 -0.00200 0.00000
567  0    -0.00357 -0.00100 0.00000
568  0    -0.00357 0.00000 0.00000
569  0    -0.00357 0.00100 0.00000
570  0    -0.00357 0.00200 0.00000
571  0    -0.00238 -0.00200 0.00600
572  0    -0.00238 -0.00100 0.00600
573  0    -0.00238 0.00000 0.00600
574  0    -0.00238 0.00100 0.00600
575  0    -0.00238 0.00200 0.00600
576  0    -0.00238 -0.00200 0.00480
577  0    -0.00238 -0.00100 0.00480
578  0    -0.00238 0.00000 0.00480
579  0    -0.00238 0.00100 0.00480
580  0    -0.00238 0.00200 0.00480
581  0    -0.00238 -0.00200 0.00360
582  0    -0.00238 -0.00100 0.00360
583  0    -0.00238 0.00000 0.00360
584  0    -0.00238 0.00100 0.00360
585  0    -0.00238 0.00200 0.00360
586  0    -0.00238 -0.00200 0.00240
587  0    -0.00238 -0.00100 0.00240
588  0    -0.00238 0.00000 0.00240
589  0    -0.00238 0.00100 0.00240
590  0    -0.00238 0.00200 0.00240
591  0    -0.00238 -0.00200 0.00120
592  0    -0.00238 -0.00100 0.00120
593  0    -0.00238 0.00000 0.00120
594  0    -0.00238 0.00100 0.00120
595  0    -0.00238 0.00200 0.00120
596  0    -0.00238 -0.00200 0.00000
597  0    -0.00238 -0.00100 0.00000
598  0    -0.00238 0.00000 0.00000
599  0    -0.00238 0.00100 0.00000
600  0    -0.00238 0.00200 0.00000
601  0    -0.00119 -0.00200 0.00600
602  0    -0.00119 -0.00100 0.00600
603  0    -0.00119 0.00000 0.00600
604  0    -0.00119 0.00100 0.00600
605  0    -0.00119 0.00200 0.00600
606  0    -0.00119 -0.00200 0.00480
607  0    -0.00119 -0.00100 0.00480
608  0    -0.00119 0.00000 0.00480
609  0    -0.00119 0.00100 0.00480
610  0    -0.00119 0.00200 0.00480
611  0    -0.00119 -0.00200 0.00360
612  0    -0.00119 -0.00100 0.00360
613  0    -0.00119 0.00000 0.00360
614  0    -0.00119 0.00100 0.00360
615  0    -0.00119 0.00200 0.00360
616  0    -0.00119 -0.00200 0.00240
617  0    -0.00119 -0.00100 0.00240
618  0    -0.00119 0.00000 0.00240
619  0    -0.00119 0.00100 0.00240
620  0    -0.00119 0.00200 0.00240
621  0    -0.00119 -0.00200 0.00120
622  0    -0.00119 -0.00100 0.00120
623  0    -0.00119 0.00000 0.00120
624  0    -0.00119 0.00100 0.00120
625  0    -0.00119 0.00200 0.00120
626  0    -0.00119 -0.00200 0.00000
627  0    -0.00119 -0.00100 0.00000
628  0    -0.00119 0.00000 0.00000
629  0    -0.00119 0.00100 0.00000
630  0    -0.00119 0.00200 0.00000
631  0    0.00000 -0.00200 0.00600
632  0    0.00000 -0.00100 0.00600
633  0    0.00000 0.00000 0.00600
634  0    0.00000 0.00100 0.00600
635  0    0.00000 0.00200 0.00600
636  0    0.00000 -0.00200 0.00480
637  0    0.00000 -0.00100 0.00480
638  0    0.00000 0.00000 0.00480
639  0    0.00000 0.00100 0.00480
640  0    0.00000 0.00200 0.00480
641  0    0.00000 -0.00200 0.00360
642  0    0.00000 -0.00100 0.00360
643  0    0.00000 0.00000 0.00360
644  0    0.00000 0.00100 0.00360
645  0    0.00000 0.00200 0.00360
646  0    0.00000 -0.00200 0.00240
647  0    0.00000 -0.00100 0.00240
648  0    0.00000 0.00000 0.00240
649  0    0.00000 0.00100 0.00240
650  0    0.00000 0.00200 0.00240
651  0    0.00000 -0.00200 0.00120
652  0    0.00000 -0.00100 0.00120
653  0    0.00000 0.00000 0.00120
654  0    0.00000 0.00100 0.00120
655  0    0.00000 0.00200 0.00120
656  0    0.00000 -0.00200 0.00000
657  0    0.00000 -0.00100 0.00000
658  0    0.00000 0.00000 0.00000
659  0    0.00000 0.00100 0.00000
660  0    0.00000 0.00200 0.00000
661  0    0.00119 -0.00200 0.00600
662  0    0.00119 -0.00100 0.00600
663  0    0.00119 0.00000 0.00600
664  0    0.00119 0.00100 0.00600
665  0    0.00119 0.00200 0.00600
666  0    0.00119 -0.00200 0.00480
667  0    0.00119 -0.00100 0.00480
668  0    0.00119 0.00000 0.00480
669  0    0.00119 0.00100 0.00480
670  0    0.00119 0.00200 0.00480
671  0    0.00119 -0.00200 0.00360
672  0    0.00119 -0.00100 0.00360
673  0    0.00119 0.00000 0.00360
674  0    0.00119 0.00100 0.00360
675  0    0.00119 0.00200 0.00360
676  0    0.00119 -0.00200 0.00240
677  0    0.00119 -0.00100 0.00240
678  0    0.00119 0.00000 0.00240
679  0    0.00119 0.00100 0.00240
680  0    0.00119 0.00200 0.00240
681  0    0.00119 -0.00200 0.00120
682  0    0.00119 -0.00100 0.00120
683  0    0.00119 0.00000 0.00120
684  0    0.00119 0.00100 0.00120
685  0    0.00119 0.00200 0.00120
686  0    0.00119 -0.00200 0.00000
687  0    0.00119 -0.00100 0.00000
688  0    0.00119 0.00000 0.00000
689  0    0.00119 0.00100 0.00000
690  0    0.00119 0.00200 0.00000
691  0    0.00238 -0.00200 0.00600
692  0    0.00238 -0.00100 0.00600
693  0    0.00238 0.00000 0.00600
694  0    0.00238 0.00100 0.00600
695  0    0.00238 0.00200 0.00600
696  0    0.00238 -0.00200 0.00480
697  0    0.00238 -0.00100 0.00480
698  0    0.00238 0.00000 0.00480
699  0    0.00238 0.00100 0.00480
700  0    0.00238 0.00200 0.00480
701  0    0.00238 -0.00200 0.00360
702  0    0.00238 -0.00100 0.00360
703  0    0.00238 0.00000 0.00360
704  0    0.00238 0.00100 0.00360
705  0    0.00238 0.00200 0.00360
706  0    0.00238 -0.00200 0.00240
707  0    0.00238 -0.00100 0.00240
708  0    0.00238 0.00000 0.00240
709  0    0.00238 0.00100 0.00240
710  0    0.00238 0.00200 0.00240
711  0    0.00238 -0.00200 0.00120
712  0    0.00238 -0.00100 0.00120
713  0    0.00238 0.00000 0.00120
714  0    0.00238 0.00100 0.00120
715  0    0.00238 0.00200 0.00120
716  0    0.00238 -0.00200 0.00000
717  0    0.00238 -0.00100 0.00000
718  0    0.00238 0.00000 0.00000
719  0    0.00238 0.00100 0.00000
720  0    0.00238 0.00200 0.00000
721  0    0.00357 -0.00200 0.00600
722  0    0.00357 -0.00100 0.00600
723  0    0.00357 0.00000 0.00600
724  0    0.00357 0.00100 0.00600
725  0    0.00357 0.00200 0.00600
726  0    0.00357 -0.00200 0.00480
727  0    0.00357 -0.00100 0.00480
728  0    0.00357 0.00000 0.00480
729  0    0.00357 0.00100 0.00480
730  0    0.00357 0.00200 0.00480
731  0    0.00357 -0.00200 0.00360
732  0    0.00357 -0.00100 0.00360
733  0    0.00357 0.00000 0.00360
734  0    0.00357 0.00100 0.00360
735  0    0.00357 0.00200 0.00360
736  0    0.00357 -0.00200 0.00240
737  0    0.00357 -0.00100 0.00240
738  0    0.00357 0.00000 0.00240
739  0    0.00357 0.00100 0.00240
740  0    0.00357 0.00200 0.00240
741  0    0.00357 -0.00200 0.00120
742  0    0.00357 -0.00100 0.00120
743  0    0.00357 0.00000 0.00120
744  0    0.00357 0.00100 0.00120
745  0    0.00357 0.00200 0.00120
746  0    0.00357 -0.00200 0.00000
747  0    0.00357 -0.00100 0.00000
748  0    0.00357 0.00000 0.00000
749  0    0.00357 0.00100 0.00000
750  0    0.00357 0.00200 0.00000
751  0    0.00476 -0.00200 0.00600
752  0    0.00476 -0.00100 0.00600
753  0    0.00476 0.00000 0.00600
754  0    0.00476 0.00100 0.00600
755  0    0.00476 0.00200 0.00600
756  0    0.00476 -0.00200 0.00480
757  0    0.00476 -0.00100 0.00480
758  0    0.00476 0.00000 0.00480
759  0    0.00476 0.00100 0.00480
760  0    0.00476 0.00200 0.00480
761  0    0.00476 -0.00200 0.00360
762  0    0.00476 -0.00100 0.00360
763  0    0.00476 0.00000 0.00360
764  0    0.00476 0.00100 0.00360
765  0    0.00476 0.00200 0.00360
766  0    0.00476 -0.00200 0.00240
767  0    0.00476 -0.00100 0.00240
768  0    0.00476 0.00000 0.00240
769  0    0.00476 0.00100 0.00240
770  0    0.00476 0.00200 0.00240
771  0    0.00476 -0.00200 0.00120
772  0    0.00476 -0.00100 0.00120
773  0    0.00476 0.00000 0.00120
774  0    0.00476 0.00100 0.00120
775  0    0.00476 0.00200 0.00120
776  0    0.00476 -0.00200 0.00000
777  0    0.00476 -0.00100 0.00000
778  0    0.00476 0.00000 0.00000
779  0    0.00476 0.00100 0.00000
780  0    0.00476 0.00200 0.00000
781  0    0.00595 -0.00200 0.00600
782  0    0.00595 -0.00100 0.00600
783  0    0.00595 0.00000 0.00600
784  0    0.00595 0.00100 0.00600
785  0    0.00595 0.00200 0.00600
786  0    0.00595 -0.00200 0.00480
787  0    0.00595 -0.00100 0.00480
788  0    0.00595 0.00000 0.00480
789  0    0.00595 0.00100 0.00480
790  0    0.00595 0.00200 0.00480
791  0    0.00595 -0.00200 0.00360
792  0    0.00595 -0.00100 0.00360
793  0    0.00595 0.00000 0.00360
794  0    0.00595 0.00100 0.00360
795  0    0.00595 0.00200 0.00360
796  0    0.00595 -0.00200 0.00240
797  0    0.00595 -0.00100 0.00240
798  0    0.00595 0.00000 0.00240
799  0    0.00595 0.00100 0.00240
800  0    0.00595 0.00200 0.00240
801  0    0.00595 -0.00200 0.00120
802  0    0.00595 -0.00100 0.00120
803  0    0.00595 0.00000 0.00120
804  0    0.00595 0.00100 0.00120
805  0    0.00595 0.00200 0.00120
806  0    0.00595 -0.00200 0.00000
807  0    0.00595 -0.00100 0.00000
808  0    0.00595 0.00000 0.00000
809  0    0.00595 0.00100 0.00000
810  0    0.00595 0.00200 0.00000
811  0    0.00714 -0.00200 0.00600
812  0    0.00714 -0.00100 0.00600
813  0    0.00714 0.00000 0.00600
814  0    0.00714 0.00100 0.00600
815  0    0.00714 0.00200 0.00600
816  0    0.00714 -0.00200 0.00480
817  0    0.00714 -0.00100 0.00480
818  0    0.00714 0.00000 0.00480
819  0    0.00714 0.00100 0.00480
820  0    0.00714 0.00200 0.00480
821  0    0.00714 -0.00200 0.00360
822  0    0.00714 -0.00100 0.00360
823  0    0.00714 0.00000 0.00360
824  0    0.00714 0.00100 0.00360
825  0    0.00714 0.00200 0.00360
826  0    0.00714 -0.00200 0.00240
827  0    0.00714 -0.00100 0.00240
828  0    0.00714 0.00000 0.00240
829  0    0.00714 0.00100 0.00240
830  0    0.00714 0.00200 0.00240
831  0    0.00714 -0.00200 0.00120
832  0    0.00714 -0.00100 0.00120
833  0    0.00714 0.00000 0.00120
834  0    0.00714 0.00100 0.00120
835  0    0.00714 0.00200 0.00120
836  0    0.00714 -0.00200 0.00000
837  0    0.00714 -0.00100 0.00000
838  0    0.00714 0.00000 0.00000
839  0    0.00714 0.00100 0.00000
840  0    0.00714 0.00200 0.00000
841  0    0.00833 -0.00200 0.00600
842  0    0.00833 -0.00100 0.00600
843  0    0.00833 0.00000 0.00600
844  0    0.00833 0.00100 0.00600
845  0    0.00833 0.00200 0.00600
846  0    0.00833 -0.00200 0.00480
847  0    0.00833 -0.00100 0.00480
848  0    0.00833 0.00000 0.00480
849  0    0.00833 0.00100 0.00480
850  0    0.00833 0.00200 0.00480
851  0    0.00833 -0.00200 0.00360
852  0    0.00833 -0.00100 0.00360
853  0    0.00833 0.00000 0.00360
854  0    0.00833 0.00100 0.00360
855  0    0.00833 0.00200 0.00360
856  0    0.00833 -0.00200 0.00240
857  0    0.00833 -0.00100 0.00240
858  0    0.00833 0.00000 0.00240
859  0    0.00833 0.00100 0.00240
860  0    0.00833 0.00200 0.00240
861  0    0.00833 -0.00200 0.00120
862  0    0.00833 -0.00100 0.00120
863  0    0.00833 0.00000 0.00120
864  0    0.00833 0.00100 0.00120
865  0    0.00833 0.00200 0.00120
866  0    0.00833 -0.00200 0.00000
867  0    0.00833 -0.00100 0.00000
868  0    0.00833 0.00000 0.00000
869  0    0.00833 0.00100 0.00000
870  0    0.00833 0.00200 0.00000
871  0    0.00952 -0.00200 0.00600
872  0    0.00952 -0.00100 0.00600
873  0    0.00952 0.00000 0.00600
874  0    0.00952 0.00100 0.00600
875  0    0.00952 0.00200 0.00600
876  0    0.00952 -0.00200 0.00480
877  0    0.00952 -0.00100 0.00480
878  0    0.00952 0.00000 0.00480
879  0    0.00952 0.00100 0.00480
880  0    0.00952 0.00200 0.00480
881  0    0.00952 -0.00200 0.00360
882  0    0.00952 -0.00100 0.00360
883  0    0.00952 0.00000 0.00360
884  0    0.00952 0.00100 0.00360
885  0    0.00952 0.00200 0.00360
886  0    0.00952 -0.00200 0.00240
887  0    0.00952 -0.00100 0.00240
888  0    0.00952 0.00000 0.00240
889  0    0.00952 0.00100 0.00240
890  0    0.00952 0.00200 0.00240
891  0    0.00952 -0.00200 0.00120
892  0    0.00952 -0.00100 0.00120
893  0    0.00952 0.00000 0.00120
894  0    0.00952 0.00100 0.00120
895  0    0.00952 0.00200 0.00120
896  0    0.00952 -0.00200 0.00000
897  0    0.00952 -0.00100 0.00000
898  0    0.00952 0.00000 0.00000
899  0    0.00952 0.00100 0.00000
900  0    0.00952 0.00200 0.00000
901  0    0.01071 -0.00200 0.00600
902  0    0.01071 -0.00100 0.00600
903  0    0.01071 0.00000 0.00600
904  0    0.01071 0.00100 0.00600
905  0    0.01071 0.00200 0.00600
906  0    0.01071 -0.00200 0.00480
907  0    0.01071 -0.00100 0.00480
908  0    0.01071 0.00000 0.00480
909  0    0.01071 0.00100 0.00480
910  0    0.01071 0.00200 0.00480
911  0    0.01071 -0.00200 0.00360
912  0    0.01071 -0.00100 0.00360
913  0    0.01071 0.00000 0.00360
914  0    0.01071 0.00100 0.00360
915  0    0.01071 0.00200 0.00360
916  0    0.01071 -0.00200 0.00240
917  0    0.01071 -0.00100 0.00240
918  0    0.01071 0.00000 0.00240
919  0    0.01071 0.00100 0.00240
920  0    0.01071 0.00200 0.00240
921  0    0.01071 -0.00200 0.00120
922  0    0.01071 -0.00100 0.00120
923  0    0.01071 0.00000 0.00120
924  0    0.01071 0.00100 0.00120
925  0    0.01071 0.00200 0.00120
926  0    0.01071 -0.00200 0.00000
927  0    0.01071 -0.00100 0.00000
928  0    0.01071 0.00000 0.00000
929  0    0.01071 0.00100 0.00000
930  0    0.01071 0.00200 0.00000
931  0    0.01190 -0.00200 0.00600
932  0    0.01190 -0.00100 0.00600
933  0    0.01190 0.00000 0.00600
934  0    0.01190 0.00100 0.00600
935  0    0.01190 0.00200 0.00600
936  0    0.01190 -0.00200 0.00480
937  0    0.01190 -0.00100 0.00480
938  0    0.01190 0.00000 0.00480
939  0    0.01190 0.00100 0.00480
940  0    0.01190 0.00200 0.00480
941  0    0.01190 -0.00200 0.00360
942  0    0.01190 -0.00100 0.00360
943  0    0.01190 0.00000 0.00360
944  0    0.01190 0.00100 0.00360
945  0    0.01190 0.00200 0.00360
946  0    0.01190 -0.00200 0.00240
947  0    0.01190 -0.00100 0.00240
948  0    0.01190 0.00000 0.00240
949  0    0.01190 0.00100 0.00240
950  0    0.01190 0.00200 0.00240
951  0    0.01190 -0.00200 0.00120
952  0    0.01190 -0.00100 0.00120
953  0    0.01190 0.00000 0.00120
954  0    0.01190 0.00100 0.00120
955  0    0.01190 0.00200 0.00120
956  0    0.01190 -0.00200 0.00000
957  0    0.01190 -0.00100 0.00000
958  0    0.01190 0.00000 0.00000
959  0    0.01190 0.00100 0.00000
960  0    0.01190 0.00200 0.00000
961  0    0.01310 -0.00200 0.00600
962  0    0.01310 -0.00100 0.00600
963  0    0.01310 0.00000 0.00600
964  0    0.01310 0.00100 0.00600
965  0    0.01310 0.00200 0.00600
966  0    0.01310 -0.00200 0.00480
967  0    0.01310 -0.00100 0.00480
968  0    0.01310 0.00000 0.00480
969  0    0.01310 0.00100 0.00480
970  0    0.01310 0.00200 0.00480
971  0    0.01310 -0.00200 0.00360
972  0    0.01310 -0.00100 0.00360
973  0    0.01310 0.00000 0.00360
974  0    0.01310 0.00100 0.00360
975  0    0.01310 0.00200 0.00360
976  0    0.01310 -0.00200 0.00240
977  0    0.01310 -0.00100 0.00240
978  0    0.01310 0.00000 0.00240
979  0    0.01310 0.00100 0.00240
980  0    0.01310 0.00200 0.00240
981  0    0.01310 -0.00200 0.00120
982  0    0.01310 -0.00100 0.00120
983  0    0.01310 0.00000 0.00120
984  0    0.01310 0.00100 0.00120
985  0    0.01310 0.00200 0.00120
986  0    0.01310 -0.00200 0.00000
987  0    0.01310 -0.00100 0.00000
988  0    0.01310 0.00000 0.00000
989  0    0.01310 0.00100 0.00000
990  0    0.01310 0.00200 0.00000
991  0    0.01429 -0.00200 0.00600
992  0    0.01429 -0.00100 0.00600
993  0    0.01429 0.00000 0.00600
994  0    0.01429 0.00100 0.00600
995  0    0.01429 0.00200 0.00600
996  0    0.01429 -0.00200 0.00480
997  0    0.01429 -0.00100 0.00480
998  0    0.01429 0.00000 0.00480
999  0    0.01429 0.00100 0.00480
1000 0    0.01429 0.00200 0.00480
1001 0    0.01429 -0.00200 0.00360
1002 0    0.01429 -0.00100 0.00360
1003 0    0.01429 0.00000 0.00360
1004 0    0.01429 0.00100 0.00360
1005 0    0.01429 0.00200 0.00360
1006 0    0.01429 -0.00200 0.00240
1007 0    0.01429 -0.00100 0.00240
1008 0    0.01429 0.00000 0.00240
1009 0    0.01429 0.00100 0.00240
1010 0    0.01429 0.00200 0.00240
1011 0    0.01429 -0.00200 0.00120
1012 0    0.01429 -0.00100 0.00120
1013 0    0.01429 0.00000 0.00120
1014 0    0.01429 0.00100 0.00120
1015 0    0.01429 0.00200 0.00120
1016 0    0.01429 -0.00200 0.00000
1017 0    0.01429 -0.00100 0.00000
1018 0    0.01429 0.00000 0.00000
1019 0    0.01429 0.00100 0.00000
1020 0    0.01429 0.00200 0.00000
1021 0    0.01548 -0.00200 0.00600
1022 0    0.01548 -0.00100 0.00600
1023 0    0.01548 0.00000 0.00600
1024 0    0.01548 0.00100 0.00600
1025 0    0.01548 0.00200 0.00600
1026 0    0.01548 -0.00200 0.00480
1027 0    0.01548 -0.00100 0.00480
1028 0    0.01548 0.00000 0.00480
1029 0    0.01548 0.00100 0.00480
1030 0    0.01548 0.00200 0.00480
1031 0    0.01548 -0.00200 0.00360
1032 0    0.01548 -0.00100 0.00360
1033 0    0.01548 0.00000 0.00360
1034 0    0.01548 0.00100 0.00360
1035 0    0.01548 0.00200 0.00360
1036 0    0.01548 -0.00200 0.00240
1037 0    0.01548 -0.00100 0.00240
1038 0    0.01548 0.00000 0.00240
1039 0    0.01548 0.00100 0.00240
1040 0    0.01548 0.00200 0.00240
1041 0    0.01548 -0.00200 0.00120
1042 0    0.01548 -0.00100 0.00120
1043 0    0.01548 0.00000 0.00120
1044 0    0.01548 0.00100 0.00120
1045 0    0.01548 0.00200 0.00120
1046 0    0.01548 -0.00200 0.00000
1047 0    0.01548 -0.00100 0.00000
1048 0    0.01548 0.00000 0.00000
1049 0    0.01548 0.00100 0.00000
1050 0    0.01548 0.00200 0.00000
1051 0    0.01667 -0.00200 0.00600
1052 0    0.01667 -0.00100 0.00600
1053 0    0.01667 0.00000 0.00600
1054 0    0.01667 0.00100 0.00600
1055 0    0.01667 0.00200 0.00600
1056 0    0.01667 -0.00200 0.00480
1057 0    0.01667 -0.00100 0.00480
1058 0    0.01667 0.00000 0.00480
1059 0    0.01667 0.00100 0.00480
1060 0    0.01667 0.00200 0.00480
1061 0    0.01667 -0.00200 0.00360
1062 0    0.01667 -0.00100 0.00360
1063 0    0.01667 0.00000 0.00360
1064 0    0.01667 0.00100 0.00360
1065 0    0.01667 0.00200 0.00360
1066 0    0.01667 -0.00200 0.00240
1067 0    0.01667 -0.00100 0.00240
1068 0    0.01667 0.00000 0.00240
1069 0    0.01667 0.00100 0.00240
1070 0    0.01667 0.00200 0.00240
1071 0    0.01667 -0.00200 0.00120
1072 0    0.01667 -0.00100 0.00120
1073 0    0.01667 0.00000 0.00120
1074 0    0.01667 0.00100 0.00120
1075 0    0.01667 0.00200 0.00120
1076 0    0.01667 -0.00200 0.00000
1077 0    0.01667 -0.00100 0.00000
1078 0    0.01667 0.00000 0.00000
1079 0    0.01667 0.00100 0.00000
1080 0    0.01667 0.00200 0.00000
1081 0    0.01786 -0.00200 0.00600
1082 0    0.01786 -0.00100 0.00600
1083 0    0.01786 0.00000 0.00600
1084 0    0.01786 0.00100 0.00600
1085 0    0.01786 0.00200 0.00600
1086 0    0.01786 -0.00200 0.00480
1087 0    0.01786 -0.00100 0.00480
1088 0    0.01786 0.00000 0.00480
1089 0    0.01786 0.00100 0.00480
1090 0    0.01786 0.00200 0.00480
1091 0    0.01786 -0.00200 0.00360
1092 0    0.01786 -0.00100 0.00360
1093 0    0.01786 0.00000 0.00360
1094 0    0.01786 0.00100 0.00360
1095 0    0.01786 0.00200 0.00360
1096 0    0.01786 -0.00200 0.00240
1097 0    0.01786 -0.00100 0.00240
1098 0    0.01786 0.00000 0.00240
1099 0    0.01786 0.00100 0.00240
1100 0    0.01786 0.00200 0.00240
1101 0    0.01786 -0.00200 0.00120
1102 0    0.01786 -0.00100 0.00120
1103 0    0.01786 0.00000 0.00120
1104 0    0.01786 0.00100 0.00120
1105 0    0.01786 0.00200 0.00120
1106 0    0.01786 -0.00200 0.00000
1107 0    0.01786 -0.00100 0.00000
1108 0    0.01786 0.00000 0.00000
1109 0    0.01786 0.00100 0.00000
1110 0    0.01786 0.00200 0.00000
1111 0    0.01905 -0.00200 0.00600
1112 0    0.01905 -0.00100 0.00600
1113 0    0.01905 0.00000 0.00600
1114 0    0.01905 0.00100 0.00600
1115 0    0.01905 0.00200 0.00600
1116 0    0.01905 -0.00200 0.00480
1117 0    0.01905 -0.00100 0.00480
1118 0    0.01905 0.00000 0.00480
1119 0    0.01905 0.00100 0.00480
1120 0    0.01905 0.00200 0.00480
1121 0    0.01905 -0.00200 0.00360
1122 0    0.01905 -0.00100 0.00360
1123 0    0.01905 0.00000 0.00360
1124 0    0.01905 0.00100 0.00360
1125 0    0.01905 0.00200 0.00360
1126 0    0.01905 -0.00200 0.00240
1127 0    0.01905 -0.00100 0.00240
1128 0    0.01905 0.00000 0.00240
1129 0    0.01905 0.00100 0.00240
1130 0    0.01905 0.00200 0.00240
1131 0    0.01905 -0.00200 0.00120
1132 0    0.01905 -0.00100 0.00120
1133 0    0.01905 0.00000 0.00120
1134 0    0.01905 0.00100 0.00120
1135 0    0.01905 0.00200 0.00120
1136 0    0.01905 -0.00200 0.00000
1137 0    0.01905 -0.00100 0.00000
1138 0    0.01905 0.00000 0.00000
1139 0    0.01905 0.00100 0.00000
1140 0    0.01905 0.00200 0.00000
1141 0    0.02024 -0.00200 0.00600
1142 0    0.02024 -0.00100 0.00600
1143 0    0.02024 0.00000 0.00600
1144 0    0.02024 0.00100 0.00600
1145 0    0.02024 0.00200 0.00600
1146 0    0.02024 -0.00200 0.00480
1147 0    0.02024 -0.00100 0.00480
1148 0    0.02024 0.00000 0.00480
1149 0    0.02024 0.00100 0.00480
1150 0    0.02024 0.00200 0.00480
1151 0    0.02024 -0.00200 0.00360
1152 0    0.02024 -0.00100 0.00360
1153 0    0.02024 0.00000 0.00360
1154 0    0.02024 0.00100 0.00360
1155 0    0.02024 0.00200 0.00360
1156 0    0.02024 -0.00200 0.00240
1157 0    0.02024 -0.00100 0.00240
1158 0    0.02024 0.00000 0.00240
1159 0    0.02024 0.00100 0.00240
1160 0    0.02024 0.00200 0.00240
1161 0    0.02024 -0.00200 0.00120
1162 0    0.02024 -0.00100 0.00120
1163 0    0.02024 0.00000 0.00120
1164 0    0.02024 0.00100 0.00120
1165 0    0.02024 0.00200 0.00120
1166 0    0.02024 -0.00200 0.00000
1167 0    0.02024 -0.00100 0.00000
1168 0    0.02024 0.00000 0.00000
1169 0    0.02024 0.00100 0.00000
1170 0    0.02024 0.00200 0.00000
1171 0    0.02143 -0.00200 0.00600
1172 0    0.02143 -0.00100 0.00600
1173 0    0.02143 0.00000 0.00600
1174 0    0.02143 0.00100 0.00600
1175 0    0.02143 0.00200 0.00600
1176 0    0.02143 -0.00200 0.00480
1177 0    0.02143 -0.00100 0.00480
1178 0    0.02143 0.00000 0.00480
1179 0    0.02143 0.00100 0.00480
1180 0    0.02143 0.00200 0.00480
1181 0    0.02143 -0.00200 0.00360
1182 0    0.02143 -0.00100 0.00360
1183 0    0.02143 0.00000 0.00360
1184 0    0.02143 0.00100 0.00360
1185 0    0.02143 0.00200 0.00360
1186 0    0.02143 -0.00200 0.00240
1187 0    0.02143 -0.00100 0.00240
1188 0    0.02143 0.00000 0.00240
1189 0    0.02143 0.00100 0.00240
1190 0    0.02143 0.00200 0.00240
1191 0    0.02143 -0.00200 0.00120
1192 0    0.02143 -0.00100 0.00120
1193 0    0.02143 0.00000 0.00120
1194 0    0.02143 0.00100 0.00120
1195 0    0.02143 0.00200 0.00120
1196 0    0.02143 -0.00200 0.00000
1197 0    0.02143 -0.00100 0.00000
1198 0    0.02143 0.00000 0.00000
1199 0    0.02143 0.00100 0.00000
1200 0    0.02143 0.00200 0.00000
1201 0    0.02262 -0.00200 0.00600
1202 0    0.02262 -0.00100 0.00600
1203 0    0.02262 0.00000 0.00600
1204 0    0.02262 0.00100 0.00600
1205 0    0.02262 0.00200 0.00600
1206 0    0.02262 -0.00200 0.00480
1207 0    0.02262 -0.00100 0.00480
1208 0    0.02262 0.00000 0.00480
1209 0    0.02262 0.00100 0.00480
1210 0    0.02262 0.00200 0.00480
1211 0    0.02262 -0.00200 0.00360
1212 0    0.02262 -0.00100 0.00360
1213 0    0.02262 0.00000 0.00360
1214 0    0.02262 0.00100 0.00360
1215 0    0.02262 0.00200 0.00360
1216 0    0.02262 -0.00200 0.00240
1217 0    0.02262 -0.00100 0.00240
1218 0    0.02262 0.00000 0.00240
1219 0    0.02262 0.00100 0.00240
1220 0    0.02262 0.00200 0.00240
1221 0    0.02262 -0.00200 0.00120
1222 0    0.02262 -0.00100 0.00120
1223 0    0.02262 0.00000 0.00120
1224 0    0.02262 0.00100 0.00120
1225 0    0.02262 0.00200 0.00120
1226 0    0.02262 -0.00200 0.00000
1227 0    0.02262 -0.00100 0.00000
1228 0    0.02262 0.00000 0.00000
1229 0    0.02262 0.00100 0.00000
1230 0    0.02262 0.00200 0.00000
1231 0    0.02381 -0.00200 0.00600
1232 0    0.02381 -0.00100 0.00600
1233 0    0.02381 0.00000 0.00600
1234 0    0.02381 0.00100 0.00600
1235 0    0.02381 0.00200 0.00600
1236 0    0.02381 -0.00200 0.00480
1237 0    0.02381 -0.00100 0.00480
1238 0    0.02381 0.00000 0.00480
1239 0    0.02381 0.00100 0.00480
1240 0    0.02381 0.00200 0.00480
1241 0    0.02381 -0.00200 0.00360
1242 0    0.02381 -0.00100 0.00360
1243 0    0.02381 0.00000 0.00360
1244 0    0.02381 0.00100 0.00360
1245 0    0.02381 0.00200 0.00360
1246 0    0.02381 -0.00200 0.00240
1247 0    0.02381 -0.00100 0.00240
1248 0    0.02381 0.00000 0.00240
1249 0    0.02381 0.00100 0.00240
1250 0    0.02381 0.00200 0.00240
1251 0    0.02381 -0.00200 0.00120
1252 0    0.02381 -0.00100 0.00120
1253 0    0.02381 0.00000 0.00120
1254 0    0.02381 0.00100 0.00120
1255 0    0.02381 0.00200 0.00120
1256 0    0.02381 -0.00200 0.00000
1257 0    0.02381 -0.00100 0.00000
1258 0    0.02381 0.00000 0.00000
1259 0    0.02381 0.00100 0.00000
1260 0    0.02381 0.00200 0.00000
1261 1    0.02500 -0.00200 0.00600
1262 1    0.02500 -0.00100 0.00600
1263 1    0.02500 0.00000 0.00600
1264 1    0.02500 0.00100 0.00600
1265 1    0.02500 0.00200 0.00600
1266 1    0.02500 -0.00200 0.00480
1267 1    0.02500 -0.00100 0.00480
1268 1    0.02500 0.00000 0.00480
1269 1    0.02500 0.00100 0.00480
1270 1    0.02500 0.00200 0.00480
1271 1    0.02500 -0.00200 0.00360
1272 1    0.02500 -0.00100 0.00360
1273 1    0.02500 0.00000 0.00360
1274 1    0.02500 0.00100 0.00360
1275 1    0.02500 0.00200 0.00360
1276 1    0.02500 -0.00200 0.00240
1277 1    0.02500 -0.00100 0.00240
1278 1    0.02500 0.00000 0.00240
1279 1    0.02500 0.00100 0.00240
1280 1    0.02500 0.00200 0.00240
1281 1    0.02500 -0.00200 0.00120
1282 1    0.02500 -0.00100 0.00120
1283 1    0.02500 0.00000 0.00120
1284 1    0.02500 0.00100 0.00120
1285 1    0.02500 0.00200 0.00120
1286 1    0.02500 -0.00200 0.00000
1287 1    0.02500 -0.00100 0.00000
1288 1    0.02500 0.00000 0.00000
1289 1    0.02500 0.00100 0.00000
1290 1    0.02500 0.00200 0.00000
840
1   1   0   31  32  37  36  1   2   7   6   
2   1   0   32  33  38  37  2   3   8   7   
3   1   0   33  34  39  38  3   4   9   8   
4   1   0   34  35  40  39  4   5   10  9   
5   1   0   36  37  42  41  6   7   12  11  
6   1   0   37  38  43  42  7   8   13  12  
7   1   0   38  39  44  43  8   9   14  13  
8   1   0   39  40  45  44  9   10  15  14  
9   1   0   41  42  47  46  11  12  17  16  
10  1   0   42  43  48  47  12  13  18  17  
11  1   0   43  44  49  48  13  14  19  18  
12  1   0   44  45  50  49  14  15  20  19  
13  1   0   46  47  52  51  16  17  22  21  
14  1   0   47  48  53  52  17  18  23  22  
15  1   0   48  49  54  53  18  19  24  23  
16  1   0   49  50  55  54  19  20  25  24  
17  1   0   51  52  57  56  21  22  27  26  
18  1   0   52  53  58  57  22  23  28  27  
19  1   0   53  54  59  58  23  24  29  28  
20  1   0   54  55  60  59  24  25  30  29  
21  1   0   61  62  67  66  31  32  37  36  
22  1   0   62  63  68  67  32  33  38  37  
23  1   0   63  64  69  68  33  34  39  38  
24  1   0   64  65  70  69  34  35  40  39  
25  1   0   66  67  72  71  36  37  42  41  
26  1   0   67  68  73  72  37  38  43  42  
27  1   0   68  69  74  73  38  39  44  43  
28  1   0   69  70  75  74  39  40  45  44  
29  1   0   71  72  77  76  41  42  47  46  
30  1   0   72  73  78  77  42  43  48  47  
31  1   0   73  74  79  78  43  44  49  48  
32  1   0   74  75  80  79  44  45  50  49  
33  1   0   76  77  82  81  46  47  52  51  
34  1   0   77  78  83  82  47  48  53  52  
35  1   0   78  79  84  83  48  49  54  53  
36  1   0   79  80  85  84  49  50  55  54  
37  1   0   81  82  87  86  51  52  57  56  
38  1   0   82  83  88  87  52  53  58  57  
39  1   0   83  84  89  88  53  54  59  58  
40  1   0   84  85  90  89  54  55  60  59  
41  1   0   91  92  97  96  61  62  67  66  
42  1   0   92  93  98  97  62  63  68  67  
43  1   0   93  94  99  98  63  64  69  68  
44  1   0   94  95  100 99  64  65  70  69  
45  1   0   96  97  102 101 66  67  72  71  
46  1   0   97  98  103 102 67  68  73  72  
47  1   0   98  99  104 103 68  69  74  73  
48  1   0   99  100 105 104 69  70  75  74  
49  1   0   101 102 107 106 71  72  77  76  
50  1   0   102 103 108 107 72  73  78  77  
51  1   0   103 104 109 108 73  74  79  78  
52  1   0   104 105 110 109 74  75  80  79  
53  1   0   106 107 112 111 76  77  82  81  
54  1   0   107 108 113 112 77  78  83  82  
55  1   0   108 109 114 113 78  79  84  83  
56  1   0   109 110 115 114 79  80  85  84  
57  1   0   111 112 117 116 81  82  87  86  
58  1   0   112 113 118 117 82  83  88  87  
59  1   0   113 114 119 118 83  84  89  88  
60  1   0   114 115 120 119 84  85  90  89  
61  1   0   121 122 127 126 91  92  97  96  
62  1   0   122 123 128 127 92  93  98  97  
63  1   0   123 124 129 128 93  94  99  98  
64  1   0   124 125 130 129 94  95  100 99  
65  1   0   126 127 132 131 96  97  102 101 
66  1   0   127 128 133 132 97  98  103 102 
67  1   0   128 129 134 133 98  99  104 103 
68  1   0   129 130 135 134 99  100 105 104 
69  1   0   131 132 137 136 101 102 107 106 
70  1   0   132 133 138 137 102 103 108 107 
71  1   0   133 134 139 138 103 104 109 108 
72  1   0   134 135 140 139 104 105 110 109 
73  1   0   136 137 142 141 106 107 112 111 
74  1   0   137 138 143 142 107 108 113 112 
75  1   0   138 139 144 143 108 109 114 113 
76  1   0   139 140 145 144 109 110 115 114 
77  1   0   141 142 147 146 111 112 117 116 
78  1   0   142 143 148 147 112 113 118 117 
79  1   0   143 144 149 148 113 114 119 118 
80  1   0   144 145 150 149 114 115 120 119 
81  1   0   151 152 157 156 121 122 127 126 
82  1   0   152 153 158 157 122 123 128 127 
83  1   0   153 154 159 158 123 124 129 128 
84  1   0   154 155 160 159 124 125 130 129 
85  1   0   156 157 162 161 126 127 132 131 
86  1   0   157 158 163 162 127 128 133 132 
87  1   0   158 159 164 163 128 129 134 133 
88  1   0   159 160 165 164 129 130 135 134 
89  1   0   161 162 167 166 131 132 137 136 
90  1   0   162 163 168 167 132 133 138 137 
91  1   0   163 164 169 168 133 134 139 138 
92  1   0   164 165 170 169 134 135 140 139 
93  1   0   166 167 172 171 136 137 142 141 
94  1   0   167 168 173 172 137 138 143 142 
95  1   0   168 169 174 173 138 139 144 143 
96  1   0   169 170 175 174 139 140 145 144 
97  1   0   171 172 177 176 141 142 147 146 
98  1   0   172 173 178 177 142 143 148 147 
99  1   0   173 174 179 178 143 144 149 148 
100 1   0   174 175 180 179 144 145 150 149 
101 1   0   181 182 187 186 151 152 157 156 
102 1   0   182 183 188 187 152 153 158 157 
103 1   0   183 184 189 188 153 154 159 158 
104 1   0   184 185 190 189 154 155 160 159 
105 1   0   186 187 192 191 156 157 162 161 
106 1   0   187 188 193 192 157 158 163 162 
107 1   0   188 189 194 193 158 159 164 163 
108 1   0   189 190 195 194 159 160 165 164 
109 1   0   191 192 197 196 161 162 167 166 
110 1   0   192 193 198 197 162 163 168 167 
111 1   0   193 194 199 198 163 164 169 168 
112 1   0   194 195 200 199 164 165 170 169 
113 1   0   196 197 202 201 166 167 172 171 
114 1   0   197 198 203 202 167 168 173 172 
115 1   0   198 199 204 203 168 169 174 173 
116 1   0   199 200 205 204 169 170 175 174 
117 1   0   201 202 207 206 171 172 177 176 
118 1   0   202 203 208 207 172 173 178 177 
119 1   0   203 204 209 208 173 174 179 178 
120 1   0   204 205 210 209 174 175 180 179 
121 1   0   211 212 217 216 181 182 187 186 
122 1   0   212 213 218 217 182 183 188 187 
123 1   0   213 214 219 218 183 184 189 188 
124 1   0   214 215 220 219 184 185 190 189 
125 1   0   216 217 222 221 186 187 192 191 
126 1   0   217 218 223 222 187 188 193 192 
127 1   0   218 219 224 223 188 189 194 193 
128 1   0   219 220 225 224 189 190 195 194 
129 1   0   221 222 227 226 191 192 197 196 
130 1   0   222 223 228 227 192 193 198 197 
131 1   0   223 224 229 228 193 194 199 198 
132 1   0   224 225 230 229 194 195 200 199 
133 1   0   226 227 232 231 196 197 202 201 
134 1   0   227 228 233 232 197 198 203 202 
135 1   0   228 229 234 233 198 199 204 203 
136 1   0   229 230 235 234 199 200 205 204 
137 1   0   231 232 237 236 201 202 207 206 
138 1   0   232 233 238 237 202 203 208 207 
139 1   0   233 234 239 238 203 204 209 208 
140 1   0   234 235 240 239 204 205 210 209 
141 1   0   241 242 247 246 211 212 217 216 
142 1   0   242 243 248 247 212 213 218 217 
143 1   0   243 244 249 248 213 214 219 218 
144 1   0   244 245 250 249 214 215 220 219 
145 1   0   246 247 252 251 216 217 222 221 
146 1   0   247 248 253 252 217 218 223 222 
147 1   0   248 249 254 253 218 219 224 223 
148 1   0   249 250 255 254 219 220 225 224 
149 1   0   251 252 257 256 221 222 227 226 
150 1   0   252 253 258 257 222 223 228 227 
151 1   0   253 254 259 258 223 224 229 228 
152 1   0   254 255 260 259 224 225 230 229 
153 1   0   256 257 262 261 226 227 232 231 
154 1   0   257 258 263 262 227 228 233 232 
155 1   0   258 259 264 263 228 229 234 233 
156 1   0   259 260 265 264 229 230 235 234 
157 1   0   261 262 267 266 231 232 237 236 
158 1   0   262 263 268 267 232 233 238 237 
159 1   0   263 264 269 268 233 234 239 238 
160 1   0   264 265 270 269 234 235 240 239 
161 1   0   271 272 277 276 241 242 247 246 
162 1   0   272 273 278 277 242 243 248 247 
163 1   0   273 274 279 278 243 244 249 248 
164 1   0   274 275 280 279 244 245 250 249 
165 1   0   276 277 282 281 246 247 252 251 
166 1   0   277 278 283 282 247 248 253 252 
167 1   0   278 279 284 283 248 249 254 253 
168 1   0   279 280 285 284 249 250 255 254 
169 1   0   281 282 287 286 251 252 257 256 
170 1   0   282 283 288 287 252 253 258 257 
171 1   0   283 284 289 288 253 254 259 258 
172 1   0   284 285 290 289 254 255 260 259 
173 1   0   286 287 292 291 256 257 262 261 
174 1   0   287 288 293 292 257 258 263 262 
175 1   0   288 289 294 293 258 259 264 263 
176 1   0   289 290 295 294 259 260 265 264 
177 1   0   291 292 297 296 261 262 267 266 
178 1   0   292 293 298 297 262 263 268 267 
179 1   0   293 294 299 298 263 264 269 268 
180 1   0   294 295 300 299 264 265 270 269 
181 1   0   301 302 307 306 271 272 277 276 
182 1   0   302 303 308 307 272 273 278 277 
183 1   0   303 304 309 308 273 274 279 278 
184 1   0   304 305 310 309 274 275 280 279 
185 1   0   306 307 312 311 276 277 282 281 
186 1   0   307 308 313 312 277 278 283 282 
187 1   0   308 309 314 313 278 279 284 283 
188 1   0   309 310 315 314 279 280 285 284 
189 1   0   311 312 317 316 281 282 287 286 
190 1   0   312 313 318 317 282 283 288 287 
191 1   0   313 314 319 318 283 284 289 288 
192 1   0   314 315 320 319 284 285 290 289 
193 1   0   316 317 322 321 286 287 292 291 
194 1   0   317 318 323 322 287 288 293 292 
195 1   0   318 319 324 323 288 289 294 293 
196 1   0   319 320 325 324 289 290 295 294 
197 1   0   321 322 327 326 291 292 297 296 
198 1   0   322 323 328 327 292 293 298 297 
199 1   0   323 324 329 328 293 294 299 298 
200 1   0   324 325 330 329 294 295 300 299 
201 1   0   331 332 337 336 301 302 307 306 
202 1   0   332 333 338 337 302 303 308 307 
203 1   0   333 334 339 338 303 304 309 308 
204 1   0   334 335 340 339 304 305 310 309 
205 1   0   336 337 342 341 306 307 312 311 
206 1   0   337 338 343 342 307 308 313 312 
207 1   0   338 339 344 343 308 309 314 313 
208 1   0   339 340 345 344 309 310 315 314 
209 1   0   341 342 347 346 311 312 317 316 
210 1   0   342 343 348 347 312 313 318 317 
211 1   0   343 344 349 348 313 314 319 318 
212 1   0   344 345 350 349 314 315 320 319 
213 1   0   346 347 352 351 316 317 322 321 
214 1   0   347 348 353 352 317 318 323 322 
215 1   0   348 349 354 353 318 319 324 323 
216 1   0   349 350 355 354 319 320 325 324 
217 1   0   351 352 357 356 321 322 327 326 
218 1   0   352 353 358 357 322 323 328 327 
219 1   0   353 354 359 358 323 324 329 328 
220 1   0   354 355 360 359 324 325 330 329 
221 1   0   361 362 367 366 331 332 337 336 
222 1   0   362 363 368 367 332 333 338 337 
223 1   0   363 364 369 368 333 334 339 338 
224 1   0   364 365 370 369 334 335 340 339 
225 1   0   366 367 372 371 336 337 342 341 
226 1   0   367 368 373 372 337 338 343 342 
227 1   0   368 369 374 373 338 339 344 343 
228 1   0   369 370 375 374 339 340 345 344 
229 1   0   371 372 377 376 341 342 347 346 
230 1   0   372 373 378 377 342 343 348 347 
231 1   0   373 374 379 378 343 344 349 348 
232 1   0   374 375 380 379 344 345 350 349 
233 1   0   376 377 382 381 346 347 352 351 
234 1   0   377 378 383 382 347 348 353 352 
235 1   0   378 379 384 383 348 349 354 353 
236 1   0   379 380 385 384 349 350 355 354 
237 1   0   381 382 387 386 351 352 357 356 
238 1   0   382 383 388 387 352 353 358 357 
239 1   0   383 384 389 388 353 354 359 358 
240 1   0   384 385 390 389 354 355 360 359 
241 1   0   391 392 397 396 361 362 367 366 
242 1   0   392 393 398 397 362 363 368 367 
243 1   0   393 394 399 398 363 364 369 368 
244 1   0   394 395 400 399 364 365 370 369 
245 1   0   396 397 402 401 366 367 372 371 
246 1   0   397 398 403 402 367 368 373 372 
247 1   0   398 399 404 403 368 369 374 373 
248 1   0   399 400 405 404 369 370 375 374 
249 1   0   401 402 407 406 371 372 377 376 
250 1   0   402 403 408 407 372 373 378 377 
251 1   0   403 404 409 408 373 374 379 378 
252 1   0   404 405 410 409 374 375 380 379 
253 1   0   406 407 412 411 376 377 382 381 
254 1   0   407 408 413 412 377 378 383 382 
255 1   0   408 409 414 413 378 379 384 383 
256 1   0   409 410 415 414 379 380 385 384 
257 1   0   411 412 417 416 381 382 387 386 
258 1   0   412 413 418 417 382 383 388 387 
259 1   0   413 414 419 418 383 384 389 388 
260 1   0   414 415 420 419 384 385 390 389 
261 1   0   421 422 427 426 391 392 397 396 
262 1   0   422 423 428 427 392 393 398 397 
263 1   0   423 424 429 428 393 394 399 398 
264 1   0   424 425 430 429 394 395 400 399 
265 1   0   426 427 432 431 396 397 402 401 
266 1   0   427 428 433 432 397 398 403 402 
267 1   0   428 429 434 433 398 399 404 403 
268 1   0   429 430 435 434 399 400 405 404 
269 1   0   431 432 437 436 401 402 407 406 
270 1   0   432 433 438 437 402 403 408 407 
271 1   0   433 434 439 438 403 404 409 408 
272 1   0   434 435 440 439 404 405 410 409 
273 1   0   436 437 442 441 406 407 412 411 
274 1   0   437 438 443 442 407 408 413 412 
275 1   0   438 439 444 443 408 409 414 413 
276 1   0   439 440 445 444 409 410 415 414 
277 1   0   441 442 447 446 411 412 417 416 
278 1   0   442 443 448 447 412 413 418 417 
279 1   0   443 444 449 448 413 414 419 418 
280 1   0   444 445 450 449 414 415 420 419 
281 1   0   451 452 457 456 421 422 427 426 
282 1   0   452 453 458 457 422 423 428 427 
283 1   0   453 454 459 458 423 424 429 428 
284 1   0   454 455 460 459 424 425 430 429 
285 1   0   456 457 462 461 426 427 432 431 
286 1   0   457 458 463 462 427 428 433 432 
287 1   0   458 459 464 463 428 429 434 433 
288 1   0   459 460 465 464 429 430 435 434 
289 1   0   461 462 467 466 431 432 437 436 
290 1   0   462 463 468 467 432 433 438 437 
291 1   0   463 464 469 468 433 434 439 438 
292 1   0   464 465 470 469 434 435 440 439 
293 1   0   466 467 472 471 436 437 442 441 
294 1   0   467 468 473 472 437 438 443 442 
295 1   0   468 469 474 473 438 439 444 443 
296 1   0   469 470 475 474 439 440 445 444 
297 1   0   471 472 477 476 441 442 447 446 
298 1   0   472 473 478 477 442 443 448 447 
299 1   0   473 474 479 478 443 444 449 448 
300 1   0   474 475 480 479 444 445 450 449 
301 1   0   481 482 487 486 451 452 457 456 
302 1   0   482 483 488 487 452 453 458 457 
303 1   0   483 484 489 488 453 454 459 458 
304 1   0   484 485 490 489 454 455 460 459 
305 1   0   486 487 492 491 456 457 462 461 
306 1   0   487 488 493 492 457 458 463 462 
307 1   0   488 489 494 493 458 459 464 463 
308 1   0   489 490 495 494 459 460 465 464 
309 1   0   491 492 497 496 461 462 467 466 
310 1   0   492 493 498 497 462 463 468 467 
311 1   0   493 494 499 498 463 464 469 468 
312 1   0   494 495 500 499 464 465 470 469 
313 1   0   496 497 502 501 466 467 472 471 
314 1   0   497 498 503 502 467 468 473 472 
315 1   0   498 499 504 503 468 469 474 473 
316 1   0   499 500 505 504 469 470 475 474 
317 1   0   501 502 507 506 471 472 477 476 
318 1   0   502 503 508 507 472 473 478 477 
319 1   0   503 504 509 508 473 474 479 478 
320 1   0   504 505 510 509 474 475 480 479 
321 1   0   511 512 517 516 481 482 487 486 
322 1   0   512 513 518 517 482 483 488 487 
323 1   0   513 514 519 518 483 484 489 488 
324 1   0   514 515 520 519 484 485 490 489 
325 1   0   516 517 522 521 486 487 492 491 
326 1   0   517 518 523 522 487 488 493 492 
327 1   0   518 519 524 523 488 489 494 493 
328 1   0   519 520 525 524 489 490 495 494 
329 1   0   521 522 527 526 491 492 497 496 
330 1   0   522 523 528 527 492 493 498 497 
331 1   0   523 524 529 528 493 494 499 498 
332 1   0   524 525 530 529 494 495 500 499 
333 1   0   526 527 532 531 496 497 502 501 
334 1   0   527 528 533 532 497 498 503 502 
335 1   0   528 529 534 533 498 499 504 503 
336 1   0   529 530 535 534 499 500 505 504 
337 1   0   531 532 537 536 501 502 507 506 
338 1   0   532 533 538 537 502 503 508 507 
339 1   0   533 534 539 538 503 504 509 508 
340 1   0   534 535 540 539 504 505 510 509 
341 1   0   541 542 547 546 511 512 517 516 
342 1   0   542 543 548 547 512 513 518 517 
343 1   0   543 544 549 548 513 514 519 518 
344 1   0   544 545 550 549 514 515 520 519 
345 1   0   546 547 552 551 516 517 522 521 
346 1   0   547 548 553 552 517 518 523 522 
347 1   0   548 549 554 553 518 519 524 523 
348 1   0   549 550 555 554 519 520 525 524 
349 1   0   551 552 557 556 521 522 527 526 
350 1   0   552 553 558 557 522 523 528 527 
351 1   0   553 554 559 558 523 524 529 528 
352 1   0   554 555 560 559 524 525 530 529 
353 1   0   556 557 562 561 526 527 532 531 
354 1   0   557 558 563 562 527 528 533 532 
355 1   0   558 559 564 563 528 529 534 533 
356 1   0   559 560 565 564 529 530 535 534 
357 1   0   561 562 567 566 531 532 537 536 
358 1   0   562 563 568 567 532 533 538 537 
359 1   0   563 564 569 568 533 534 539 538 
360 1   0   564 565 570 569 534 535 540 539 
361 1   0   571 572 577 576 541 542 547 546 
362 1   0   572 573 578 577 542 543 548 547 
363 1   0   573 574 579 578 543 544 549 548 
364 1   0   574 575 580 579 544 545 550 549 
365 1   0   576 577 582 581 546 547 552 551 
366 1   0   577 578 583 582 547 548 553 552 
367 1   0   578 579 584 583 548 549 554 553 
368 1   0   579 580 585 584 549 550 555 554 
369 1   0   581 582 587 586 551 552 557 556 
370 1   0   582 583 588 587 552 553 558 557 
371 1   0   583 584 589 588 553 554 559 558 
372 1   0   584 585 590 589 554 555 560 559 
373 1   0   586 587 592 591 556 557 562 561 
374 1   0   587 588 593 592 557 558 563 562 
375 1   0   588 589 594 593 558 559 564 563 
376 1   0   589 590 595 594 559 560 565 564 
377 1   0   591 592 597 596 561 562 567 566 
378 1   0   592 593 598 597 562 563 568 567 
379 1   0   593 594 599 598 563 564 569 568 
380 1   0   594 595 600 599 564 565 570 569 
381 1   0   601 602 607 606 571 572 577 576 
382 1   0   602 603 608 607 572 573 578 577 
383 1   0   603 604 609 608 573 574 579 578 
384 1   0   604 605 610 609 574 575 580 579 
385 1   0   606 607 612 611 576 577 582 581 
386 1   0   607 608 613 612 577 578 583 582 
387 1   0   608 609 614 613 578 579 584 583 
388 1   0   609 610 615 614 579 580 585 584 
389 1   0   611 612 617 616 581 582 587 586 
390 1   0   612 613 618 617 582 583 588 587 
391 1   0   613 614 619 618 583 584 589 588 
392 1   0   614 615 620 619 584 585 590 589 
393 1   0   616 617 622 621 586 587 592 591 
394 1   0   617 618 623 622 587 588 593 592 
395 1   0   618 619 624 623 588 589 594 593 
396 1   0   619 620 625 624 589 590 595 594 
397 1   0   621 622 627 626 591 592 597 596 
398 1   0   622 623 628 627 592 593 598 597 
399 1   0   623 624 629 628 593 594 599 598 
400 1   0   624 625 630 629 594 595 600 599 
401 1   0   631 632 637 636 601 602 607 606 
402 1   0   632 633 638 637 602 603 608 607 
403 1   0   633 634 639 638 603 604 609 608 
404 1   0   634 635 640 639 604 605 610 609 
405 1   0   636 637 642 641 606 607 612 611 
406 1   0   637 638 643 642 607 608 613 612 
407 1   0   638 639 644 643 608 609 614 613 
408 1   0   639 640 645 644 609 610 615 614 
409 1   0   641 642 647 646 611 612 617 616 
410 1   0   642 643 648 647 612 613 618 617 
411 1   0   643 644 649 648 613 614 619 618 
412 1   0   644 645 650 649 614 615 620 619 
413 1   0   646 647 652 651 616 617 622 621 
414 1   0   647 648 653 652 617 618 623 622 
415 1   0   648 649 654 653 618 619 624 623 
416 1   0   649 650 655 654 619 620 625 624 
417 1   0   651 652 657 656 621 622 627 626 
418 1   0   652 653 658 657 622 623 628 627 
419 1   0   653 654 659 658 623 624 629 628 
420 1   0   654 655 660 659 624 625 630 629 
421 1   0   661 662 667 666 631 632 637 636 
422 1   0   662 663 668 667 632 633 638 637 
423 1   0   663 664 669 668 633 634 639 638 
424 1   0   664 665 670 669 634 635 640 639 
425 1   0   666 667 672 671 636 637 642 641 
426 1   0   667 668 673 672 637 638 643 642 
427 1   0   668 669 674 673 638 639 644 643 
428 1   0   669 670 675 674 639 640 645 644 
429 1   0   671 672 677 676 641 642 647 646 
430 1   0   672 673 678 677 642 643 648 647 
431 1   0   673 674 679 678 643 644 649 648 
432 1   0   674 675 680 679 644 645 650 649 
433 1   0   676 677 682 681 646 647 652 651 
434 1   0   677 678 683 682 647 648 653 652 
435 1   0   678 679 684 683 648 649 654 653 
436 1   0   679 680 685 684 649 650 655 654 
437 1   0   681 682 687 686 651 652 657 656 
438 1   0   682 683 688 687 652 653 658 657 
439 1   0   683 684 689 688 653 654 659 658 
440 1   0   684 685 690 689 654 655 660 659 
441 1   0   691 692 697 696 661 662 667 666 
442 1   0   692 693 698 697 662 663 668 667 
443 1   0   693 694 699 698 663 664 669 668 
444 1   0   694 695 700 699 664 665 670 669 
445 1   0   696 697 702 701 666 667 672 671 
446 1   0   697 698 703 702 667 668 673 672 
447 1   0   698 699 704 703 668 669 674 673 
448 1   0   699 700 705 704 669 670 675 674 
449 1   0   701 702 707 706 671 672 677 676 
450 1   0   702 703 708 707 672 673 678 677 
451 1   0   703 704 709 708 673 674 679 678 
452 1   0   704 705 710 709 674 675 680 679 
453 1   0   706 707 712 711 676 677 682 681 
454 1   0   707 708 713 712 677 678 683 682 
455 1   0   708 709 714 713 678 679 684 683 
456 1   0   709 710 715 714 679 680 685 684 
457 1   0   711 712 717 716 681 682 687 686 
458 1   0   712 713 718 717 682 683 688 687 
459 1   0   713 714 719 718 683 684 689 688 
460 1   0   714 715 720 719 684 685 690 689 
461 1   0   721 722 727 726 691 692 697 696 
462 1   0   722 723 728 727 692 693 698 697 
463 1   0   723 724 729 728 693 694 699 698 
464 1   0   724 725 730 729 694 695 700 699 
465 1   0   726 727 732 731 696 697 702 701 
466 1   0   727 728 733 732 697 698 703 702 
467 1   0   728 729 734 733 698 699 704 703 
468 1   0   729 730 735 734 699 700 705 704 
469 1   0   731 732 737 736 701 702 707 706 
470 1   0   732 733 738 737 702 703 708 707 
471 1   0   733 734 739 738 703 704 709 708 
472 1   0   734 735 740 739 704 705 710 709 
473 1   0   736 737 742 741 706 707 712 711 
474 1   0   737 738 743 742 707 708 713 712 
475 1   0   738 739 744 743 708 709 714 713 
476 1   0   739 740 745 744 709 710 715 714 
477 1   0   741 742 747 746 711 712 717 716 
478 1   0   742 743 748 747 712 713 718 717 
479 1   0   743 744 749 748 713 714 719 718 
480 1   0   744 745 750 749 714 715 720 719 
481 1   0   751 752 757 756 721 722 727 726 
482 1   0   752 753 758 757 722 723 728 727 
483 1   0   753 754 759 758 723 724 729 728 
484 1   0   754 755 760 759 724 725 730 729 
485 1   0   756 757 762 761 726 727 732 731 
486 1   0   757 758 763 762 727 728 733 732 
487 1   0   758 759 764 763 728 729 734 733 
488 1   0   759 760 765 764 729 730 735 734 
489 1   0   761 762 767 766 731 732 737 736 
490 1   0   762 763 768 767 732 733 738 737 
491 1   0   763 764 769 768 733 734 739 738 
492 1   0   764 765 770 769 734 735 740 739 
493 1   0   766 767 772 771 736 737 742 741 
494 1   0   767 768 773 772 737 738 743 742 
495 1   0   768 769 774 773 738 739 744 743 
496 1   0   769 770 775 774 739 740 745 744 
497 1   0   771 772 777 776 741 742 747 746 
498 1   0   772 773 778 777 742 743 748 747 
499 1   0   773 774 779 778 743 744 749 748 
500 1   0   774 775 780 779 744 745 750 749 
501 1   0   781 782 787 786 751 752 757 756 
502 1   0   782 783 788 787 752 753 758 757 
503 1   0   783 784 789 788 753 754 759 758 
504 1   0   784 785 790 789 754 755 760 759 
505 1   0   786 787 792 791 756 757 762 761 
506 1   0   787 788 793 792 757 758 763 762 
507 1   0   788 789 794 793 758 759 764 763 
508 1   0   789 790 795 794 759 760 765 764 
509 1   0   791 792 797 796 761 762 767 766 
510 1   0   792 793 798 797 762 763 768 767 
511 1   0   793 794 799 798 763 764 769 768 
512 1   0   794 795 800 799 764 765 770 769 
513 1   0   796 797 802 801 766 767 772 771 
514 1   0   797 798 803 802 767 768 773 772 
515 1   0   798 799 804 803 768 769 774 773 
516 1   0   799 800 805 804 769 770 775 774 
517 1   0   801 802 807 806 771 772 777 776 
518 1   0   802 803 808 807 772 773 778 777 
519 1   0   803 804 809 808 773 774 779 778 
520 1   0   804 805 810 809 774 775 780 779 
521 1   0   811 812 817 816 781 782 787 786 
522 1   0   812 813 818 817 782 783 788 787 
523 1   0   813 814 819 818 783 784 789 788 
524 1   0   814 815 820 819 784 785 790 789 
525 1   0   816 817 822 821 786 787 792 791 
526 1   0   817 818 823 822 787 788 793 792 
527 1   0   818 819 824 823 788 789 794 793 
528 1   0   819 820 825 824 789 790 795 794 
529 1   0   821 822 827 826 791 792 797 796 
530 1   0   822 823 828 827 792 793 798 797 
531 1   0   823 824 829 828 793 794 799 798 
532 1   0   824 825 830 829 794 795 800 799 
533 1   0   826 827 832 831 796 797 802 801 
534 1   0   827 828 833 832 797 798 803 802 
535 1   0   828 829 834 833 798 799 804 803 
536 1   0   829 830 835 834 799 800 805 804 
537 1   0   831 832 837 836 801 802 807 806 
538 1   0   832 833 838 837 802 803 808 807 
539 1   0   833 834 839 838 803 804 809 808 
540 1   0   834 835 840 839 804 805 810 809 
541 1   0   841 842 847 846 811 812 817 816 
542 1   0   842 843 848 847 812 813 818 817 
543 1   0   843 844 849 848 813 814 819 818 
544 1   0   844 845 850 849 814 815 820 819 
545 1   0   846 847 852 851 816 817 822 821 
546 1   0   847 848 853 852 817 818 823 822 
547 1   0   848 849 854 853 818 819 824 823 
548 1   0   849 850 855 854 819 820 825 824 
549 1   0   851 852 857 856 821 822 827 826 
550 1   0   852 853 858 857 822 823 828 827 
551 1   0   853 854 859 858 823 824 829 828 
552 1   0   854 855 860 859 824 825 830 829 
553 1   0   856 857 862 861 826 827 832 831 
554 1   0   857 858 863 862 827 828 833 832 
555 1   0   858 859 864 863 828 829 834 833 
556 1   0   859 860 865 864 829 830 835 834 
557 1   0   861 862 867 866 831 832 837 836 
558 1   0   862 863 868 867 832 833 838 837 
559 1   0   863 864 869 868 833 834 839 838 
560 1   0   864 865 870 869 834 835 840 839 
561 1   0   871 872 877 876 841 842 847 846 
562 1   0   872 873 878 877 842 843 848 847 
563 1   0   873 874 879 878 843 844 849 848 
564 1   0   874 875 880 879 844 845 850 849 
565 1   0   876 877 882 881 846 847 852 851 
566 1   0   877 878 883 882 847 848 853 852 
567 1   0   878 879 884 883 848 849 854 853 
568 1   0   879 880 885 884 849 850 855 854 
569 1   0   881 882 887 886 851 852 857 856 
570 1   0   882 883 888 887 852 853 858 857 
571 1   0   883 884 889 888 853 854 859 858 
572 1   0   884 885 890 889 854 855 860 859 
573 1   0   886 887 892 891 856 857 862 861 
574 1   0   887 888 893 892 857 858 863 862 
575 1   0   888 889 894 893 858 859 864 863 
576 1   0   889 890 895 894 859 860 865 864 
577 1   0   891 892 897 896 861 862 867 866 
578 1   0   892 893 898 897 862 863 868 867 
579 1   0   893 894 899 898 863 864 869 868 
580 1   0   894 895 900 899 864 865 870 869 
581 1   0   901 902 907 906 871 872 877 876 
582 1   0   902 903 908 907 872 873 878 877 
583 1   0   903 904 909 908 873 874 879 878 
584 1   0   904 905 910 909 874 875 880 879 
585 1   0   906 907 912 911 876 877 882 881 
586 1   0   907 908 913 912 877 878 883 882 
587 1   0   908 909 914 913 878 879 884 883 
588 1   0   909 910 915 914 879 880 885 884 
589 1   0   911 912 917 916 881 882 887 886 
590 1   0   912 913 918 917 882 883 888 887 
591 1   0   913 914 919 918 883 884 889 888 
592 1   0   914 915 920 919 884 885 890 889 
593 1   0   916 917 922 921 886 887 892 891 
594 1   0   917 918 923 922 887 888 893 892 
595 1   0   918 919 924 923 888 889 894 893 
596 1   0   919 920 925 924 889 890 895 894 
597 1   0   921 922 927 926 891 892 897 896 
598 1   0   922 923 928 927 892 893 898 897 
599 1   0   923 924 929 928 893 894 899 898 
600 1   0   924 925 930 929 894 895 900 899 
601 1   0   931 932 937 936 901 902 907 906 
602 1   0   932 933 938 937 902 903 908 907 
603 1   0   933 934 939 938 903 904 909 908 
604 1   0   934 935 940 939 904 905 910 909 
605 1   0   936 937 942 941 906 907 912 911 
606 1   0   937 938 943 942 907 908 913 912 
607 1   0   938 939 944 943 908 909 914 913 
608 1   0   939 940 945 944 909 910 915 914 
609 1   0   941 942 947 946 911 912 917 916 
610 1   0   942 943 948 947 912 913 918 917 
611 1   0   943 944 949 948 913 914 919 918 
612 1   0   944 945 950 949 914 915 920 919 
613 1   0   946 947 952 951 916 917 922 921 
614 1   0   947 948 953 952 917 918 923 922 
615 1   0   948 949 954 953 918 919 924 923 
616 1   0   949 950 955 954 919 920 925 924 
617 1   0   951 952 957 956 921 922 927 926 
618 1   0   952 953 958 957 922 923 928 927 
619 1   0   953 954 959 958 923 924 929 928 
620 1   0   954 955 960 959 924 925 930 929 
621 1   0   961 962 967 966 931 932 937 936 
622 1   0   962 963 968 967 932 933 938 937 
623 1   0   963 964 969 968 933 934 939 938 
624 1   0   964 965 970 969 934 935 940 939 
625 1   0   966 967 972 971 936 937 942 941 
626 1   0   967 968 973 972 937 938 943 942 
627 1   0   968 969 974 973 938 939 944 943 
628 1   0   969 970 975 974 939 940 945 944 
629 1   0   971 972 977 976 941 942 947 946 
630 1   0   972 973 978 977 942 943 948 947 
631 1   0   973 974 979 978 943 944 949 948 
632 1   0   974 975 980 979 944 945 950 949 
633 1   0   976 977 982 981 946 947 952 951 
634 1   0   977 978 983 982 947 948 953 952 
635 1   0   978 979 984 983 948 949 954 953 
636 1   0   979 980 985 984 949 950 955 954 
637 1   0   981 982 987 986 951 952 957 956 
638 1   0   982 983 988 987 952 953 958 957 
639 1   0   983 984 989 988 953 954 959 958 
640 1   0   984 985 990 989 954 955 960 959 
641 1   0   991 992 997 996 961 962 967 966 
642 1   0   992 993 998 997 962 963 968 967 
643 1   0   993 994 999 998 963 964 969 968 
644 1   0   994 995 1000 999 964 965 970 969 
645 1   0   996 997 1002 1001 966 967 972 971 
646 1   0   997 998 1003 1002 967 968 973 972 
647 1   0   998 999 1004 1003 968 969 974 973 
648 1   0   999 1000 1005 1004 969 970 975 974 
649 1   0   1001 1002 1007 1006 971 972 977 976 
650 1   0   1002 1003 1008 1007 972 973 978 977 
651 1   0   1003 1004 1009 1008 973 974 979 978 
652 1   0   1004 1005 1010 1009 974 975 980 979 
653 1   0   1006 1007 1012 1011 976 977 982 981 
654 1   0   1007 1008 1013 1012 977 978 983 982 
655 1   0   1008 1009 1014 1013 978 979 984 983 
656 1   0   1009 1010 1015 1014 979 980 985 984 
657 1   0   1011 1012 1017 1016 981 982 987 986 
658 1   0   1012 1013 1018 1017 982 983 988 987 
659 1   0   1013 1014 1019 1018 983 984 989 988 
660 1   0   1014 1015 1020 1019 984 985 990 989 
661 1   0   1021 1022 1027 1026 991 992 997 996 
662 1   0   1022 1023 1028 1027 992 993 998 997 
663 1   0   1023 1024 1029 1028 993 994 999 998 
664 1   0   1024 1025 1030 1029 994 995 1000 999 
665 1   0   1026 1027 1032 1031 996 997 1002 1001 
666 1   0   1027 1028 1033 1032 997 998 1003 1002 
667 1   0   1028 1029 1034 1033 998 999 1004 1003 
668 1   0   1029 1030 1035 1034 999 1000 1005 1004 
669 1   0   1031 1032 1037 1036 1001 1002 1007 1006 
670 1   0   1032 1033 1038 1037 1002 1003 1008 1007 
671 1   0   1033 1034 1039 1038 1003 1004 1009 1008 
672 1   0   1034 1035 1040 1039 1004 1005 1010 1009 
673 1   0   1036 1037 1042 1041 1006 1007 1012 1011 
674 1   0   1037 1038 1043 1042 1007 1008 1013 1012 
675 1   0   1038 1039 1044 1043 1008 1009 1014 1013 
676 1   0   1039 1040 1045 1044 1009 1010 1015 1014 
677 1   0   1041 1042 1047 1046 1011 1012 1017 1016 
678 1   0   1042 1043 1048 1047 1012 1013 1018 1017 
679 1   0   1043 1044 1049 1048 1013 1014 1019 1018 
680 1   0   1044 1045 1050 1049 1014 1015 1020 1019 
681 1   0   1051 1052 1057 1056 1021 1022 1027 1026 
682 1   0   1052 1053 1058 1057 1022 1023 1028 1027 
683 1   0   1053 1054 1059 1058 1023 1024 1029 1028 
684 1   0   1054 1055 1060 1059 1024 1025 1030 1029 
685 1   0   1056 1057 1062 1061 1026 1027 1032 1031 
686 1   0   1057 1058 1063 1062 1027 1028 1033 1032 
687 1   0   1058 1059 1064 1063 1028 1029 1034 1033 
688 1   0   1059 1060 1065 1064 1029 1030 1035 1034 
689 1   0   1061 1062 1067 1066 1031 1032 1037 1036 
690 1   0   1062 1063 1068 1067 1032 1033 1038 1037 
691 1   0   1063 1064 1069 1068 1033 1034 1039 1038 
692 1   0   1064 1065 1070 1069 1034 1035 1040 1039 
693 1   0   1066 1067 1072 1071 1036 1037 1042 1041 
694 1   0   1067 1068 1073 1072 1037 1038 1043 1042 
695 1   0   1068 1069 1074 1073 1038 1039 1044 1043 
696 1   0   1069 1070 1075 1074 1039 1040 1045 1044 
697 1   0   1071 1072 1077 1076 1041 1042 1047 1046 
698 1   0   1072 1073 1078 1077 1042 1043 1048 1047 
699 1   0   1073 1074 1079 1078 1043 1044 1049 1048 
700 1   0   1074 1075 1080 1079 1044 1045 1050 1049 
701 1   0   1081 1082 1087 1086 1051 1052 1057 1056 
702 1   0   1082 1083 1088 1087 1052 1053 1058 1057 
703 1   0   1083 1084 1089 1088 1053 1054 1059 1058 
704 1   0   1084 1085 1090 1089 1054 1055 1060 1059 
705 1   0   1086 1087 1092 1091 1056 1057 1062 1061 
706 1   0   1087 1088 1093 1092 1057 1058 1063 1062 
707 1   0   1088 1089 1094 1093 1058 1059 1064 1063 
708 1   0   1089 1090 1095 1094 1059 1060 1065 1064 
709 1   0   1091 1092 1097 1096 1061 1062 1067 1066 
710 1   0   1092 1093 1098 1097 1062 1063 1068 1067 
711 1   0   1093 1094 1099 1098 1063 1064 1069 1068 
712 1   0   1094 1095 1100 1099 1064 1065 1070 1069 
713 1   0   1096 1097 1102 1101 1066 1067 1072 1071 
714 1   0   1097 1098 1103 1102 1067 1068 1073 1072 
715 1   0   1098 1099 1104 1103 1068 1069 1074 1073 
716 1   0   1099 1100 1105 1104 1069 1070 1075 1074 
717 1   0   1101 1102 1107 1106 1071 1072 1077 1076 
718 1   0   1102 1103 1108 1107 1072 1073 1078 1077 
719 1   0   1103 1104 1109 1108 1073 1074 1079 1078 
720 1   0   1104 1105 1110 1109 1074 1075 1080 1079 
721 1   0   1111 1112 1117 1116 1081 1082 1087 1086 
722 1   0   1112 1113 1118 1117 1082 1083 1088 1087 
723 1   0   1113 1114 1119 1118 1083 1084 1089 1088 
724 1   0   1114 1115 1120 1119 1084 1085 1090 1089 
725 1   0   1116 1117 1122 1121 1086 1087 1092 1091 
726 1   0   1117 1118 1123 1122 1087 1088 1093 1092 
727 1   0   1118 1119 1124 1123 1088 1089 1094 1093 
728 1   0   1119 1120 1125 1124 1089 1090 1095 1094 
729 1   0   1121 1122 1127 1126 1091 1092 1097 1096 
730 1   0   1122 1123 1128 1127 1092 1093 1098 1097 
731 1   0   1123 1124 1129 1128 1093 1094 1099 1098 
732 1   0   1124 1125 1130 1129 1094 1095 1100 1099 
733 1   0   1126 1127 1132 1131 1096 1097 1102 1101 
734 1   0   1127 1128 1133 1132 1097 1098 1103 1102 
735 1   0   1128 1129 1134 1133 1098 1099 1104 1103 
736 1   0   1129 1130 1135 1134 1099 1100 1105 1104 
737 1   0   1131 1132 1137 1136 1101 1102 1107 1106 
738 1   0   1132 1133 1138 1137 1102 1103 1108 1107 
739 1   0   1133 1134 1139 1138 1103 1104 1109 1108 
740 1   0   1134 1135 1140 1139 1104 1105 1110 1109 
741 1   0   1141 1142 1147 1146 1111 1112 1117 1116 
742 1   0   1142 1143 1148 1147 1112 1113 1118 1117 
743 1   0   1143 1144 1149 1148 1113 1114 1119 1118 
744 1   0   1144 1145 1150 1149 1114 1115 1120 1119 
745 1   0   1146 1147 1152 1151 1116 1117 1122 1121 
746 1   0   1147 1148 1153 1152 1117 1118 1123 1122 
747 1   0   1148 1149 1154 1153 1118 1119 1124 1123 
748 1   0   1149 1150 1155 1154 1119 1120 1125 1124 
749 1   0   1151 1152 1157 1156 1121 1122 1127 1126 
750 1   0   1152 1153 1158 1157 1122 1123 1128 1127 
751 1   0   1153 1154 1159 1158 1123 1124 1129 1128 
752 1   0   1154 1155 1160 1159 1124 1125 1130 1129 
753 1   0   1156 1157 1162 1161 1126 1127 1132 1131 
754 1   0   1157 1158 1163 1162 1127 1128 1133 1132 
755 1   0   1158 1159 1164 1163 1128 1129 1134 1133 
756 1   0   1159 1160 1165 1164 1129 1130 1135 1134 
757 1   0   1161 1162 1167 1166 1131 1132 1137 1136 
758 1   0   1162 1163 1168 1167 1132 1133 1138 1137 
759 1   0   1163 1164 1169 1168 1133 1134 1139 1138 
760 1   0   1164 1165 1170 1169 1134 1135 1140 1139 
761 1   0   1171 1172 1177 1176 1141 1142 1147 1146 
762 1   0   1172 1173 1178 1177 1142 1143 1148 1147 
763 1   0   1173 1174 1179 1178 1143 1144 1149 1148 
764 1   0   1174 1175 1180 1179 1144 1145 1150 1149 
765 1   0   1176 1177 1182 1181 1146 1147 1152 1151 
766 1   0   1177 1178 1183 1182 1147 1148 1153 1152 
767 1   0   1178 1179 1184 1183 1148 1149 1154 1153 
768 1   0   1179 1180 1185 1184 1149 1150 1155 1154 
769 1   0   1181 1182 1187 1186 1151 1152 1157 1156 
770 1   0   1182 1183 1188 1187 1152 1153 1158 1157 
771 1   0   1183 1184 1189 1188 1153 1154 1159 1158 
772 1   0   1184 1185 1190 1189 1154 1155 1160 1159 
773 1   0   1186 1187 1192 1191 1156 1157 1162 1161 
774 1   0   1187 1188 1193 1192 1157 1158 1163 1162 
775 1   0   1188 1189 1194 1193 1158 1159 1164 1163 
776 1   0   1189 1190 1195 1194 1159 1160 1165 1164 
777 1   0   1191 1192 1197 1196 1161 1162 1167 1166 
778 1   0   1192 1193 1198 1197 1162 1163 1168 1167 
779 1   0   1193 1194 1199 1198 1163 1164 1169 1168 
780 1   0   1194 1195 1200 1199 1164 1165 1170 1169 
781 1   0   1201 1202 1207 1206 1171 1172 1177 1176 
782 1   0   1202 1203 1208 1207 1172 1173 1178 1177 
783 1   0   1203 1204 1209 1208 1173 1174 1179 1178 
784 1   0   1204 1205 1210 1209 1174 1175 1180 1179 
785 1   0   1206 1207 1212 1211 1176 1177 1182 1181 
786 1   0   1207 1208 1213 1212 1177 1178 1183 1182 
787 1   0   1208 1209 1214 1213 1178 1179 1184 1183 
788 1   0   1209 1210 1215 1214 1179 1180 1185 1184 
789 1   0   1211 1212 1217 1216 1181 1182 1187 1186 
790 1   0   1212 1213 1218 1217 1182 1183 1188 1187 
791 1   0   1213 1214 1219 1218 1183 1184 1189 1188 
792 1   0   1214 1215 1220 1219 1184 1185 1190 1189 
793 1   0   1216 1217 1222 1221 1186 1187 1192 1191 
794 1   0   1217 1218 1223 1222 1187 1188 1193 1192 
795 1   0   1218 1219 1224 1223 1188 1189 1194 1193 
796 1   0   1219 1220 1225 1224 1189 1190 1195 1194 
797 1   0   1221 1222 1227 1226 1191 1192 1197 1196 
798 1   0   1222 1223 1228 1227 1192 1193 1198 1197 
799 1   0   1223 1224 1229 1228 1193 1194 1199 1198 
800 1   0   1224 1225 1230 1229 1194 1195 1200 1199 
801 1   0   1231 1232 1237 1236 1201 1202 1207 1206 
802 1   0   1232 1233 1238 1237 1202 1203 1208 1207 
803 1   0   1233 1234 1239 1238 1203 1204 1209 1208 
804 1   0   1234 1235 1240 1239 1204 1205 1210 1209 
805 1   0   1236 1237 1242 1241 1206 1207 1212 1211 
806 1   0   1237 1238 1243 1242 1207 1208 1213 1212 
807 1   0   1238 1239 1244 1243 1208 1209 1214 1213 
808 1   0   1239 1240 1245 1244 1209 1210 1215 1214 
809 1   0   1241 1242 1247 1246 1211 1212 1217 1216 
810 1   0   1242 1243 1248 1247 1212 1213 1218 1217 
811 1   0   1243 1244 1249 1248 1213 1214 1219 1218 
812 1   0   1244 1245 1250 1249 1214 1215 1220 1219 
813 1   0   1246 1247 1252 1251 1216 1217 1222 1221 
814 1   0   1247 1248 1253 1252 1217 1218 1223 1222 
815 1   0   1248 1249 1254 1253 1218 1219 1224 1223 
816 1   0   1249 1250 1255 1254 1219 1220 1225 1224 
817 1   0   1251 1252 1257 1256 1221 1222 1227 1226 
818 1   0   1252 1253 1258 1257 1222 1223 1228 1227 
819 1   0   1253 1254 1259 1258 1223 1224 1229 1228 
820 1   0   1254 1255 1260 1259 1224 1225 1230 1229 
821 1   0   1261 1262 1267 1266 1231 1232 1237 1236 
822 1   0   1262 1263 1268 1267 1232 1233 1238 1237 
823 1   0   1263 1264 1269 1268 1233 1234 1239 1238 
824 1   0   1264 1265 1270 1269 1234 1235 1240 1239 
825 1   0   1266 1267 1272 1271 1236 1237 1242 1241 
826 1   0   1267 1268 1273 1272 1237 1238 1243 1242 
827 1   0   1268 1269 1274 1273 1238 1239 1244 1243 
828 1   0   1269 1270 1275 1274 1239 1240 1245 1244 
829 1   0   1271 1272 1277 1276 1241 1242 1247 1246 
830 1   0   1272 1273 1278 1277 1242 1243 1248 1247 
831 1   0   1273 1274 1279 1278 1243 1244 1249 1248 
832 1   0   1274 1275 1280 1279 1244 1245 1250 1249 
833 1   0   1276 1277 1282 1281 1246 1247 1252 1251 
834 1   0   1277 1278 1283 1282 1247 1248 1253 1252 
835 1   0   1278 1279 1284 1283 1248 1249 1254 1253 
836 1   0   1279 1280 1285 1284 1249 1250 1255 1254 
837 1   0   1281 1282 1287 1286 1251 1252 1257 1256 
838 1   0   1282 1283 1288 1287 1252 1253 1258 1257 
839 1   0   1283 1284 1289 1288 1253 1254 1259 1258 
840 1   0   1284 1285 1290 1289 1254 1255 1260 1259 
1
1 1 7.8e9 76.92e9 115.4e9
0.1000
0 30 0 0.0 0.0 0.0
1261 1   0.00100 
1262 1   0.00100 
1263 1   0.00100 
1264 1   0.00100 
1265 1   0.00100 
1266 1   0.00100 
1267 1   0.00100 
1268 1   0.00100 
1269 1   0.00100 
1270 1   0.00100 
1271 1   0.00100 
1272 1   0.00100 
1273 1   0.00100 
1274 1   0.00100 
1275 1   0.00100 
1276 1   0.00100 
1277 1   0.00100 
1278 1   0.00100 
1279 1   0.00100 
1280 1   0.00100 
1281 1   0.00100 
1282 1   0.00100 
1283 1   0.00100 
1284 1   0.00100 
1285 1   0.00100 
1286 1   0.00100 
1287 1   0.00100 
1288 1   0.00100 
1289 1   0.00100 
1290 1   0.00100 
1 20.0 1.0 25 1.e-6 0.0 0.0 1 1 3 2