3-D EmbeddedElt 
Explicit Analysis	1
Embedded Elements	0
VolumeCorrection 	0
1
hexa8
456
1    4    -0.01453 -0.01690 0.05000
2    4    -0.02953 -0.00190 0.05000
3    4    -0.03198 -0.01690 0.05000
4    4    -0.01453 -0.01690 0.00000
5    4    -0.02953 -0.00190 0.00000
6    4    -0.03198 -0.01690 0.00000
7    4    0.01951 0.04151 0.05000
8    4    0.04250 0.00250 0.05000
9    4    0.04250 0.00250 0.00000
10   4    0.01951 0.04151 0.00000
11   4    -0.01074 0.09284 0.05000
12   4    0.00863 0.05996 0.05000
13   4    0.00863 0.05996 0.00000
14   4    -0.01074 0.09284 0.00000
15   4    -0.00197 -0.06184 0.05000
16   4    0.06185 -0.03034 0.05000
17   4    0.00500 0.04625 0.05000
18   4    -0.03000 0.08125 0.05000
19   4    0.06185 -0.03034 0.00000
20   4    -0.03000 0.08125 0.00000
21   4    0.00500 0.04625 0.00000
22   4    -0.00197 -0.06184 0.00000
23   4    -0.02325 -0.01690 0.05000
24   4    -0.02203 -0.00940 0.05000
25   0    -0.01453 -0.01690 0.02500
26   4    -0.03075 -0.00940 0.05000
27   0    -0.02953 -0.00190 0.02500
28   0    -0.03198 -0.01690 0.02500
29   4    -0.02203 -0.00940 0.00000
30   4    -0.02325 -0.01690 0.00000
31   4    -0.03075 -0.00940 0.00000
32   4    0.02717 0.02851 0.05000
33   4    0.03484 0.01550 0.05000
34   4    0.04013 0.02112 0.05000
35   4    0.03492 0.03173 0.05000
36   0    0.01951 0.04151 0.02500
37   0    0.04250 0.00250 0.02500
38   4    0.03484 0.01550 0.00000
39   4    0.02717 0.02851 0.00000
40   0    0.03492 0.03173 0.00000
41   0    0.04013 0.02112 0.00000
42   4    -0.00105 0.07640 0.05000
43   4    0.01232 0.07621 0.05000
44   4    0.01370 0.08722 0.05000
45   4    0.01306 0.09457 0.05000
46   4    0.00979 0.09885 0.05000
47   4    0.00318 0.09888 0.05000
48   0    -0.01074 0.09284 0.02500
49   0    0.00863 0.05996 0.02500
50   4    -0.00105 0.07640 0.00000
51   0    0.00318 0.09888 0.00000
52   0    0.00979 0.09885 0.00000
53   0    0.01306 0.09457 0.00000
54   0    0.01370 0.08722 0.00000
55   0    0.01232 0.07621 0.00000
56   4    0.00186 -0.05610 0.05000
57   4    0.00053 -0.04934 0.05000
58   4    -0.00521 -0.04550 0.05000
59   4    -0.01197 -0.04684 0.05000
60   4    -0.01581 -0.05257 0.05000
61   4    -0.01447 -0.05934 0.05000
62   4    -0.00874 -0.06317 0.05000
63   4    0.05540 -0.01939 0.05000
64   4    0.04895 -0.00845 0.05000
65   4    -0.05890 0.06999 0.05000
66   4    -0.08162 0.04888 0.05000
67   4    -0.09494 0.02087 0.05000
68   4    -0.09701 -0.01008 0.05000
69   4    -0.08751 -0.03960 0.05000
70   4    -0.06780 -0.06355 0.05000
71   4    -0.04065 -0.07854 0.05000
72   4    -0.00988 -0.08246 0.05000
73   4    0.02016 -0.07477 0.05000
74   4    0.04525 -0.05654 0.05000
75   0    0.06185 -0.03034 0.02500
76   0    0.00500 0.04625 0.02500
77   0    -0.03000 0.08125 0.02500
78   4    0.04895 -0.00845 0.00000
79   4    0.05540 -0.01939 0.00000
80   4    0.04525 -0.05654 0.00000
81   4    0.02016 -0.07477 0.00000
82   4    -0.00988 -0.08246 0.00000
83   4    -0.04065 -0.07854 0.00000
84   4    -0.06780 -0.06355 0.00000
85   4    -0.08751 -0.03960 0.00000
86   4    -0.09701 -0.01008 0.00000
87   4    -0.09494 0.02087 0.00000
88   4    -0.08162 0.04888 0.00000
89   4    -0.05890 0.06999 0.00000
90   4    0.00186 -0.05610 0.00000
91   4    0.00053 -0.04934 0.00000
92   4    -0.00521 -0.04550 0.00000
93   4    -0.01197 -0.04684 0.00000
94   4    -0.01581 -0.05257 0.00000
95   4    -0.01447 -0.05934 0.00000
96   4    -0.00874 -0.06317 0.00000
97   4    0.07638 -0.01169 0.05000
98   4    0.08659 0.00279 0.05000
99   4    0.09083 0.01056 0.05000
100  4    0.09203 0.01481 0.05000
101  4    0.09107 0.01766 0.05000
102  4    0.08732 0.01854 0.05000
103  4    0.08061 0.01739 0.05000
104  4    0.06768 0.01304 0.05000
105  0    0.06768 0.01304 0.00000
106  0    0.08061 0.01739 0.00000
107  0    0.08732 0.01854 0.00000
108  0    0.09107 0.01766 0.00000
109  0    0.09203 0.01481 0.00000
110  0    0.09083 0.01056 0.00000
111  0    0.08659 0.00279 0.00000
112  0    0.07638 -0.01169 0.00000
113  4    -0.02534 -0.01190 0.05000
114  0    -0.02203 -0.00940 0.02500
115  0    -0.02325 -0.01690 0.02500
116  0    -0.03075 -0.00940 0.02500
117  0    -0.02534 -0.01190 0.00000
118  4    0.03636 0.02078 0.05000
119  4    0.03240 0.02781 0.05000
120  0    0.03636 0.02078 0.00000
121  0    0.03240 0.02781 0.00000
122  0    0.03492 0.03173 0.02500
123  0    0.04013 0.02112 0.02500
124  0    0.03484 0.01550 0.02500
125  0    0.02717 0.02851 0.02500
126  4    0.00491 0.08500 0.05000
127  4    0.00898 0.08839 0.05000
128  4    0.00866 0.09370 0.05000
129  0    0.00491 0.08500 0.00000
130  0    0.00898 0.08839 0.00000
131  0    0.00866 0.09370 0.00000
132  0    0.00318 0.09888 0.02500
133  0    0.00979 0.09885 0.02500
134  0    0.01306 0.09457 0.02500
135  0    0.01370 0.08722 0.02500
136  0    0.01232 0.07621 0.02500
137  0    -0.00105 0.07640 0.02500
138  4    0.01141 -0.04932 0.05000
139  4    -0.02671 -0.05157 0.05000
140  4    -0.01151 -0.03818 0.05000
141  4    0.00070 -0.03825 0.05000
142  4    -0.01672 -0.06977 0.05000
143  4    -0.02356 -0.04356 0.05000
144  4    0.00981 -0.06235 0.05000
145  4    -0.04348 -0.01576 0.05000
146  4    -0.03875 0.00159 0.05000
147  4    -0.03100 -0.02741 0.05000
148  4    -0.01398 -0.02417 0.05000
149  4    -0.01558 0.00004 0.05000
150  4    -0.00770 -0.00673 0.05000
151  4    0.02886 -0.00334 0.05000
152  4    0.03397 -0.01704 0.05000
153  4    -0.01893 0.06090 0.05000
154  4    0.01665 0.02085 0.05000
155  4    0.02311 0.00937 0.05000
156  4    0.00904 0.03025 0.05000
157  4    -0.04176 -0.00648 0.05000
158  4    -0.04259 -0.02706 0.05000
159  4    -0.01916 -0.03181 0.05000
160  4    -0.00466 -0.01905 0.05000
161  4    -0.02546 0.00586 0.05000
162  4    0.00004 -0.01231 0.05000
163  4    0.01491 -0.05432 0.05000
164  4    -0.03546 -0.06569 0.05000
165  4    -0.00022 -0.03106 0.05000
166  4    -0.03134 -0.04412 0.05000
167  4    0.01460 -0.04037 0.05000
168  4    -0.01949 -0.04062 0.05000
169  4    0.02233 -0.02060 0.05000
170  4    0.01116 0.00444 0.05000
171  4    -0.03249 -0.03684 0.05000
172  4    -0.01276 -0.03113 0.05000
173  4    0.00734 -0.03615 0.05000
174  4    -0.02677 -0.03784 0.05000
175  4    -0.03631 0.00995 0.05000
176  4    0.00040 0.00073 0.05000
177  4    0.00211 -0.02273 0.05000
178  4    0.01305 -0.02477 0.05000
179  4    0.03696 -0.03729 0.05000
180  4    0.01553 -0.00829 0.05000
181  4    -0.04798 0.01416 0.05000
182  4    0.02322 -0.05239 0.05000
183  4    -0.00284 0.03635 0.05000
184  4    0.00569 0.01471 0.05000
185  4    -0.02197 0.01586 0.05000
186  4    -0.04327 -0.04428 0.05000
187  4    0.02400 -0.03357 0.05000
188  4    -0.05348 -0.00107 0.05000
189  4    0.00250 0.02298 0.05000
190  4    -0.05683 -0.01387 0.05000
191  4    -0.00770 0.01131 0.05000
192  4    -0.05454 -0.05265 0.05000
193  4    -0.02161 0.02764 0.05000
194  4    -0.06816 -0.03373 0.05000
195  4    -0.06712 0.01253 0.05000
196  4    -0.00741 0.02481 0.05000
197  4    -0.04007 0.02736 0.05000
198  4    -0.01984 0.04189 0.05000
199  4    -0.04395 0.05224 0.05000
200  4    -0.07335 -0.01136 0.05000
201  4    -0.05940 0.03561 0.05000
202  4    -0.00775 -0.06861 0.05000
203  4    -0.02195 -0.02480 0.05000
204  4    -0.00654 -0.02491 0.05000
205  4    0.00858 -0.04414 0.05000
206  4    -0.00540 -0.03827 0.05000
207  4    0.00167 -0.06630 0.05000
208  4    -0.00479 -0.07449 0.05000
209  4    0.00467 -0.07171 0.05000
210  4    -0.01674 -0.03723 0.05000
211  4    -0.03005 -0.05622 0.05000
212  4    -0.00629 -0.03128 0.05000
213  4    -0.02402 -0.03438 0.05000
214  4    0.00788 -0.01716 0.05000
215  4    0.01884 -0.04374 0.05000
216  4    -0.05388 -0.02975 0.05000
217  4    0.00494 -0.00653 0.05000
218  4    -0.03941 -0.03634 0.05000
219  4    -0.03305 0.01743 0.05000
220  4    -0.03517 0.04071 0.05000
221  4    0.00569 -0.02875 0.05000
222  4    -0.00146 -0.02618 0.05000
223  4    0.01494 -0.03352 0.05000
224  4    -0.04721 0.00493 0.05000
225  4    0.01141 -0.04932 0.00000
226  4    -0.02671 -0.05157 0.00000
227  4    -0.01151 -0.03818 0.00000
228  4    0.00070 -0.03825 0.00000
229  4    -0.01672 -0.06977 0.00000
230  4    -0.02356 -0.04356 0.00000
231  4    0.00981 -0.06235 0.00000
232  4    -0.04348 -0.01576 0.00000
233  4    -0.03875 0.00159 0.00000
234  4    -0.03100 -0.02741 0.00000
235  4    -0.01398 -0.02417 0.00000
236  4    -0.01558 0.00004 0.00000
237  4    -0.00770 -0.00673 0.00000
238  4    0.02886 -0.00334 0.00000
239  4    0.03397 -0.01704 0.00000
240  4    -0.01893 0.06090 0.00000
241  4    0.01665 0.02085 0.00000
242  4    0.02311 0.00937 0.00000
243  4    0.00904 0.03025 0.00000
244  4    -0.04176 -0.00648 0.00000
245  4    -0.04259 -0.02706 0.00000
246  4    -0.01916 -0.03181 0.00000
247  4    -0.00466 -0.01905 0.00000
248  4    -0.02546 0.00586 0.00000
249  4    0.00004 -0.01231 0.00000
250  4    0.01491 -0.05432 0.00000
251  4    -0.03546 -0.06569 0.00000
252  4    -0.00022 -0.03106 0.00000
253  4    -0.03134 -0.04412 0.00000
254  4    0.01460 -0.04037 0.00000
255  4    -0.01949 -0.04062 0.00000
256  4    0.02233 -0.02060 0.00000
257  4    0.01116 0.00444 0.00000
258  4    -0.03249 -0.03684 0.00000
259  4    -0.01276 -0.03113 0.00000
260  4    0.00734 -0.03615 0.00000
261  4    -0.02677 -0.03784 0.00000
262  4    -0.03631 0.00995 0.00000
263  4    0.00040 0.00073 0.00000
264  4    0.00211 -0.02273 0.00000
265  4    0.01305 -0.02477 0.00000
266  4    0.03696 -0.03729 0.00000
267  4    0.01553 -0.00829 0.00000
268  4    -0.04798 0.01416 0.00000
269  4    0.02322 -0.05239 0.00000
270  4    -0.00284 0.03635 0.00000
271  4    0.00569 0.01471 0.00000
272  4    -0.02197 0.01586 0.00000
273  4    -0.04327 -0.04428 0.00000
274  4    0.02400 -0.03357 0.00000
275  4    -0.05348 -0.00107 0.00000
276  4    0.00250 0.02298 0.00000
277  4    -0.05683 -0.01387 0.00000
278  4    -0.00770 0.01131 0.00000
279  4    -0.05454 -0.05265 0.00000
280  4    -0.02161 0.02764 0.00000
281  4    -0.06816 -0.03373 0.00000
282  4    -0.06712 0.01253 0.00000
283  4    -0.00741 0.02481 0.00000
284  4    -0.04007 0.02736 0.00000
285  4    -0.01984 0.04189 0.00000
286  4    -0.04395 0.05224 0.00000
287  4    -0.07335 -0.01136 0.00000
288  4    -0.05940 0.03561 0.00000
289  4    -0.00775 -0.06861 0.00000
290  4    -0.02195 -0.02480 0.00000
291  4    -0.00654 -0.02491 0.00000
292  4    0.00858 -0.04414 0.00000
293  4    -0.00540 -0.03827 0.00000
294  4    0.00167 -0.06630 0.00000
295  4    -0.00479 -0.07449 0.00000
296  4    0.00467 -0.07171 0.00000
297  4    -0.01674 -0.03723 0.00000
298  4    -0.03005 -0.05622 0.00000
299  4    -0.00629 -0.03128 0.00000
300  4    -0.02402 -0.03438 0.00000
301  4    0.00788 -0.01716 0.00000
302  4    0.01884 -0.04374 0.00000
303  4    -0.05388 -0.02975 0.00000
304  4    0.00494 -0.00653 0.00000
305  4    -0.03941 -0.03634 0.00000
306  4    -0.03305 0.01743 0.00000
307  4    -0.03517 0.04071 0.00000
308  4    0.00569 -0.02875 0.00000
309  4    -0.00146 -0.02618 0.00000
310  4    0.01494 -0.03352 0.00000
311  4    -0.04721 0.00493 0.00000
312  0    -0.00197 -0.06184 0.02500
313  0    0.00186 -0.05610 0.02500
314  0    0.00053 -0.04934 0.02500
315  0    -0.00521 -0.04550 0.02500
316  0    -0.01197 -0.04684 0.02500
317  0    -0.01581 -0.05257 0.02500
318  0    -0.01447 -0.05934 0.02500
319  0    -0.00874 -0.06317 0.02500
320  0    0.05540 -0.01939 0.02500
321  0    0.04895 -0.00845 0.02500
322  0    0.04525 -0.05654 0.02500
323  0    0.02016 -0.07477 0.02500
324  0    -0.00988 -0.08246 0.02500
325  0    -0.04065 -0.07854 0.02500
326  0    -0.06780 -0.06355 0.02500
327  0    -0.08751 -0.03960 0.02500
328  0    -0.09701 -0.01008 0.02500
329  0    -0.09494 0.02087 0.02500
330  0    -0.08162 0.04888 0.02500
331  0    -0.05890 0.06999 0.02500
332  4    0.08453 0.01056 0.05000
333  4    0.06999 -0.00663 0.05000
334  4    0.07794 0.00825 0.05000
335  4    0.06647 0.00214 0.05000
336  4    0.07909 0.00223 0.05000
337  4    0.08824 0.01190 0.05000
338  4    0.08923 0.01499 0.05000
339  0    0.08453 0.01056 0.00000
340  0    0.06999 -0.00663 0.00000
341  0    0.07794 0.00825 0.00000
342  0    0.06647 0.00214 0.00000
343  0    0.07909 0.00223 0.00000
344  0    0.08824 0.01190 0.00000
345  0    0.08923 0.01499 0.00000
346  0    0.06768 0.01304 0.02500
347  0    0.08061 0.01739 0.02500
348  0    0.08732 0.01854 0.02500
349  0    0.09107 0.01766 0.02500
350  0    0.09203 0.01481 0.02500
351  0    0.09083 0.01056 0.02500
352  0    0.08659 0.00279 0.02500
353  0    0.07638 -0.01169 0.02500
354  0    -0.00697 -0.05434 0.00000
355  4    -0.00697 -0.05434 0.05000
356  0    -0.02534 -0.01190 0.02500
357  0    0.03636 0.02078 0.02500
358  0    0.03240 0.02781 0.02500
359  0    0.00491 0.08500 0.02500
360  0    0.00898 0.08839 0.02500
361  0    0.00866 0.09370 0.02500
362  0    0.01141 -0.04932 0.02500
363  0    -0.02671 -0.05157 0.02500
364  0    -0.01151 -0.03818 0.02500
365  0    0.00070 -0.03825 0.02500
366  0    -0.01672 -0.06977 0.02500
367  0    -0.02356 -0.04356 0.02500
368  0    0.00981 -0.06235 0.02500
369  0    -0.04348 -0.01576 0.02500
370  0    -0.03875 0.00159 0.02500
371  0    -0.03100 -0.02741 0.02500
372  0    -0.01398 -0.02417 0.02500
373  0    -0.01558 0.00004 0.02500
374  0    -0.00770 -0.00673 0.02500
375  0    0.02886 -0.00334 0.02500
376  0    0.03397 -0.01704 0.02500
377  0    -0.01893 0.06090 0.02500
378  0    0.01665 0.02085 0.02500
379  0    0.02311 0.00937 0.02500
380  0    0.00904 0.03025 0.02500
381  0    -0.04176 -0.00648 0.02500
382  0    -0.04259 -0.02706 0.02500
383  0    -0.01916 -0.03181 0.02500
384  0    -0.00466 -0.01905 0.02500
385  0    -0.02546 0.00586 0.02500
386  0    0.00004 -0.01231 0.02500
387  0    0.01491 -0.05432 0.02500
388  0    -0.03546 -0.06569 0.02500
389  0    -0.00022 -0.03106 0.02500
390  0    -0.03134 -0.04412 0.02500
391  0    0.01460 -0.04037 0.02500
392  0    -0.01949 -0.04062 0.02500
393  0    0.02233 -0.02060 0.02500
394  0    0.01116 0.00444 0.02500
395  0    -0.03249 -0.03684 0.02500
396  0    -0.01276 -0.03113 0.02500
397  0    0.00734 -0.03615 0.02500
398  0    -0.02677 -0.03784 0.02500
399  0    -0.03631 0.00995 0.02500
400  0    0.00040 0.00073 0.02500
401  0    0.00211 -0.02273 0.02500
402  0    0.01305 -0.02477 0.02500
403  0    0.03696 -0.03729 0.02500
404  0    0.01553 -0.00829 0.02500
405  0    -0.04798 0.01416 0.02500
406  0    0.02322 -0.05239 0.02500
407  0    -0.00284 0.03635 0.02500
408  0    0.00569 0.01471 0.02500
409  0    -0.02197 0.01586 0.02500
410  0    -0.04327 -0.04428 0.02500
411  0    0.02400 -0.03357 0.02500
412  0    -0.05348 -0.00107 0.02500
413  0    0.00250 0.02298 0.02500
414  0    -0.05683 -0.01387 0.02500
415  0    -0.00770 0.01131 0.02500
416  0    -0.05454 -0.05265 0.02500
417  0    -0.02161 0.02764 0.02500
418  0    -0.06816 -0.03373 0.02500
419  0    -0.06712 0.01253 0.02500
420  0    -0.00741 0.02481 0.02500
421  0    -0.04007 0.02736 0.02500
422  0    -0.01984 0.04189 0.02500
423  0    -0.04395 0.05224 0.02500
424  0    -0.07335 -0.01136 0.02500
425  0    -0.05940 0.03561 0.02500
426  0    -0.00775 -0.06861 0.02500
427  0    -0.02195 -0.02480 0.02500
428  0    -0.00654 -0.02491 0.02500
429  0    0.00858 -0.04414 0.02500
430  0    -0.00540 -0.03827 0.02500
431  0    0.00167 -0.06630 0.02500
432  0    -0.00479 -0.07449 0.02500
433  0    0.00467 -0.07171 0.02500
434  0    -0.01674 -0.03723 0.02500
435  0    -0.03005 -0.05622 0.02500
436  0    -0.00629 -0.03128 0.02500
437  0    -0.02402 -0.03438 0.02500
438  0    0.00788 -0.01716 0.02500
439  0    0.01884 -0.04374 0.02500
440  0    -0.05388 -0.02975 0.02500
441  0    0.00494 -0.00653 0.02500
442  0    -0.03941 -0.03634 0.02500
443  0    -0.03305 0.01743 0.02500
444  0    -0.03517 0.04071 0.02500
445  0    0.00569 -0.02875 0.02500
446  0    -0.00146 -0.02618 0.02500
447  0    0.01494 -0.03352 0.02500
448  0    -0.04721 0.00493 0.02500
449  0    0.08453 0.01056 0.02500
450  0    0.06999 -0.00663 0.02500
451  0    0.07794 0.00825 0.02500
452  0    0.06647 0.00214 0.02500
453  0    0.07909 0.00223 0.02500
454  0    0.08824 0.01190 0.02500
455  0    0.08923 0.01499 0.02500
456  0    -0.00697 -0.05434 0.02500
270
1   1   0   115 25  114 356 23  1   24  113 
2   1   0   114 27  116 356 24  2   26  113 
3   1   0   116 28  115 356 26  3   23  113 
4   1   0   115 30  117 356 25  4   29  114 
5   1   0   117 31  116 356 29  5   27  114 
6   1   0   115 28  116 356 30  6   31  117 
7   1   0   119 32  7   35  358 125 36  122 
8   1   0   119 118 33  32  358 357 124 125 
9   1   0   118 34  8   33  357 123 37  124 
10  1   0   118 119 35  34  357 358 122 123 
11  1   0   358 125 36  122 121 39  10  40  
12  1   0   358 357 124 125 121 120 38  39  
13  1   0   357 123 37  124 120 41  9   38  
14  1   0   357 358 122 123 120 121 40  41  
15  1   0   127 44  43  126 360 135 136 359 
16  1   0   42  11  47  126 137 48  132 359 
17  1   0   44  127 128 45  135 360 361 134 
18  1   0   128 127 126 47  361 360 359 132 
19  1   0   126 43  12  42  359 136 49  137 
20  1   0   47  46  45  128 132 133 134 361 
21  1   0   360 135 136 359 130 54  55  129 
22  1   0   137 48  132 359 50  14  51  129 
23  1   0   135 360 361 134 54  130 131 53  
24  1   0   361 360 359 132 131 130 129 51  
25  1   0   359 136 49  137 129 55  13  50  
26  1   0   132 133 134 361 51  52  53  131 
27  1   0   207 202 62  15  431 426 319 312 
28  1   0   57  205 138 56  314 429 362 313 
29  1   0   56  138 163 144 313 362 387 368 
30  1   0   64  63  179 152 321 320 403 376 
31  1   0   8   64  152 151 37  321 376 375 
32  1   0   141 57  58  206 365 314 315 430 
33  1   0   32  33  155 154 125 124 379 378 
34  1   0   1   24  149 150 25  114 373 374 
35  1   0   220 199 153 198 444 423 377 422 
36  1   0   175 161 2   146 399 385 27  370 
37  1   0   181 197 219 175 405 421 443 399 
38  1   0   146 224 181 175 370 448 405 399 
39  1   0   2   26  157 146 27  116 381 370 
40  1   0   145 190 188 157 369 414 412 381 
41  1   0   145 3   147 158 369 28  371 382 
42  1   0   213 168 143 174 437 392 367 398 
43  1   0   210 140 59  168 434 364 316 392 
44  1   0   159 210 168 213 383 434 392 437 
45  1   0   1   148 203 23  25  372 427 115 
46  1   0   61  142 164 211 318 366 388 435 
47  1   0   72  71  164 142 324 325 388 366 
48  1   0   161 149 24  2   385 373 114 27  
49  1   0   17  153 42  12  76  377 137 49  
50  1   0   11  42  153 18  48  137 377 77  
51  1   0   154 155 170 184 378 379 394 408 
52  1   0   172 159 203 148 396 383 427 372 
53  1   0   138 215 182 163 362 439 406 387 
54  1   0   150 162 160 1   374 386 384 25  
55  1   0   7   32  154 156 36  125 378 380 
56  1   0   183 17  7   156 407 76  36  380 
57  1   0   178 169 187 223 402 393 411 447 
58  1   0   166 143 60  139 390 367 317 363 
59  1   0   186 211 164 192 410 435 388 416 
60  1   0   206 58  59  140 430 315 316 364 
61  1   0   182 215 187 179 406 439 411 403 
62  1   0   212 165 141 206 436 389 365 430 
63  1   0   142 202 208 72  366 426 432 324 
64  1   0   60  61  211 139 317 318 435 363 
65  1   0   168 59  60  143 392 316 317 367 
66  1   0   182 73  144 163 406 323 368 387 
67  1   0   56  144 207 15  313 368 431 312 
68  1   0   69  194 192 70  327 418 416 326 
69  1   0   157 26  3   145 381 116 28  369 
70  1   0   224 188 195 181 448 412 419 405 
71  1   0   23  203 147 3   115 427 371 28  
72  1   0   140 210 159 172 364 434 383 396 
73  1   0   185 219 197 193 409 443 421 417 
74  1   0   152 169 180 151 376 393 404 375 
75  1   0   176 170 180 217 400 394 404 441 
76  1   0   151 155 33  8   375 379 124 37  
77  1   0   74  179 63  16  322 403 320 75  
78  1   0   222 204 160 177 446 428 384 401 
79  1   0   193 198 183 196 417 422 407 420 
80  1   0   184 191 196 189 408 415 420 413 
81  1   0   216 194 200 190 440 418 424 414 
82  1   0   186 218 171 166 410 442 395 390 
83  1   0   218 158 147 171 442 382 371 395 
84  1   0   204 148 1   160 428 372 25  384 
85  1   0   150 149 191 176 374 373 415 400 
86  1   0   191 185 193 196 415 409 417 420 
87  1   0   217 162 150 176 441 386 374 400 
88  1   0   179 74  73  182 403 322 323 406 
89  1   0   169 152 179 187 393 376 403 411 
90  1   0   139 211 186 166 363 435 410 390 
91  1   0   165 212 204 222 389 436 428 446 
92  1   0   57  141 173 205 314 365 397 429 
93  1   0   223 167 205 173 447 391 429 397 
94  1   0   206 140 172 212 430 364 396 436 
95  1   0   180 170 155 151 404 394 379 375 
96  1   0   141 165 221 173 365 389 445 397 
97  1   0   184 189 156 154 408 413 380 378 
98  1   0   148 204 212 172 372 428 436 396 
99  1   0   147 213 174 171 371 437 398 395 
100 1   0   171 174 143 166 395 398 367 390 
101 1   0   195 201 197 181 419 425 421 405 
102 1   0   169 178 214 180 393 402 438 404 
103 1   0   162 217 180 214 386 441 404 438 
104 1   0   162 214 177 160 386 438 401 384 
105 1   0   196 183 156 189 420 407 380 413 
106 1   0   67  195 200 68  329 419 424 328 
107 1   0   183 198 153 17  407 422 377 76  
108 1   0   158 216 190 145 382 440 414 369 
109 1   0   192 194 216 186 416 418 440 410 
110 1   0   170 176 191 184 394 400 415 408 
111 1   0   175 219 185 161 399 443 409 385 
112 1   0   161 185 191 149 385 409 415 373 
113 1   0   173 221 178 223 397 445 402 447 
114 1   0   215 167 223 187 439 391 447 411 
115 1   0   68  200 194 69  328 424 418 327 
116 1   0   146 157 188 224 370 381 412 448 
117 1   0   195 188 190 200 419 412 414 424 
118 1   0   164 71  70  192 388 325 326 416 
119 1   0   153 199 65  18  377 423 331 77  
120 1   0   66  65  199 201 330 331 423 425 
121 1   0   158 218 186 216 382 442 410 440 
122 1   0   66  201 195 67  330 425 419 329 
123 1   0   197 201 199 220 421 425 423 444 
124 1   0   202 142 61  62  426 366 318 319 
125 1   0   205 167 215 138 429 391 439 362 
126 1   0   203 159 213 147 427 383 437 371 
127 1   0   73  209 207 144 323 433 431 368 
128 1   0   72  208 209 73  324 432 433 323 
129 1   0   209 208 202 207 433 432 426 431 
130 1   0   177 221 165 222 401 445 389 446 
131 1   0   198 193 197 220 422 417 421 444 
132 1   0   177 214 178 221 401 438 402 445 
133 1   0   431 426 319 312 294 289 96  22  
134 1   0   314 429 362 313 91  292 225 90  
135 1   0   313 362 387 368 90  225 250 231 
136 1   0   321 320 403 376 78  79  266 239 
137 1   0   37  321 376 375 9   78  239 238 
138 1   0   365 314 315 430 228 91  92  293 
139 1   0   125 124 379 378 39  38  242 241 
140 1   0   25  114 373 374 4   29  236 237 
141 1   0   444 423 377 422 307 286 240 285 
142 1   0   399 385 27  370 262 248 5   233 
143 1   0   405 421 443 399 268 284 306 262 
144 1   0   370 448 405 399 233 311 268 262 
145 1   0   27  116 381 370 5   31  244 233 
146 1   0   369 414 412 381 232 277 275 244 
147 1   0   369 28  371 382 232 6   234 245 
148 1   0   437 392 367 398 300 255 230 261 
149 1   0   434 364 316 392 297 227 93  255 
150 1   0   383 434 392 437 246 297 255 300 
151 1   0   25  372 427 115 4   235 290 30  
152 1   0   318 366 388 435 95  229 251 298 
153 1   0   324 325 388 366 82  83  251 229 
154 1   0   385 373 114 27  248 236 29  5   
155 1   0   76  377 137 49  21  240 50  13  
156 1   0   48  137 377 77  14  50  240 20  
157 1   0   378 379 394 408 241 242 257 271 
158 1   0   396 383 427 372 259 246 290 235 
159 1   0   362 439 406 387 225 302 269 250 
160 1   0   374 386 384 25  237 249 247 4   
161 1   0   36  125 378 380 10  39  241 243 
162 1   0   407 76  36  380 270 21  10  243 
163 1   0   402 393 411 447 265 256 274 310 
164 1   0   390 367 317 363 253 230 94  226 
165 1   0   410 435 388 416 273 298 251 279 
166 1   0   430 315 316 364 293 92  93  227 
167 1   0   406 439 411 403 269 302 274 266 
168 1   0   436 389 365 430 299 252 228 293 
169 1   0   366 426 432 324 229 289 295 82  
170 1   0   317 318 435 363 94  95  298 226 
171 1   0   392 316 317 367 255 93  94  230 
172 1   0   406 323 368 387 269 81  231 250 
173 1   0   313 368 431 312 90  231 294 22  
174 1   0   327 418 416 326 85  281 279 84  
175 1   0   381 116 28  369 244 31  6   232 
176 1   0   448 412 419 405 311 275 282 268 
177 1   0   115 427 371 28  30  290 234 6   
178 1   0   364 434 383 396 227 297 246 259 
179 1   0   409 443 421 417 272 306 284 280 
180 1   0   376 393 404 375 239 256 267 238 
181 1   0   400 394 404 441 263 257 267 304 
182 1   0   375 379 124 37  238 242 38  9   
183 1   0   322 403 320 75  80  266 79  19  
184 1   0   446 428 384 401 309 291 247 264 
185 1   0   417 422 407 420 280 285 270 283 
186 1   0   408 415 420 413 271 278 283 276 
187 1   0   440 418 424 414 303 281 287 277 
188 1   0   410 442 395 390 273 305 258 253 
189 1   0   442 382 371 395 305 245 234 258 
190 1   0   428 372 25  384 291 235 4   247 
191 1   0   374 373 415 400 237 236 278 263 
192 1   0   415 409 417 420 278 272 280 283 
193 1   0   441 386 374 400 304 249 237 263 
194 1   0   403 322 323 406 266 80  81  269 
195 1   0   393 376 403 411 256 239 266 274 
196 1   0   363 435 410 390 226 298 273 253 
197 1   0   389 436 428 446 252 299 291 309 
198 1   0   314 365 397 429 91  228 260 292 
199 1   0   447 391 429 397 310 254 292 260 
200 1   0   430 364 396 436 293 227 259 299 
201 1   0   404 394 379 375 267 257 242 238 
202 1   0   365 389 445 397 228 252 308 260 
203 1   0   408 413 380 378 271 276 243 241 
204 1   0   372 428 436 396 235 291 299 259 
205 1   0   371 437 398 395 234 300 261 258 
206 1   0   395 398 367 390 258 261 230 253 
207 1   0   419 425 421 405 282 288 284 268 
208 1   0   393 402 438 404 256 265 301 267 
209 1   0   386 441 404 438 249 304 267 301 
210 1   0   386 438 401 384 249 301 264 247 
211 1   0   420 407 380 413 283 270 243 276 
212 1   0   329 419 424 328 87  282 287 86  
213 1   0   407 422 377 76  270 285 240 21  
214 1   0   382 440 414 369 245 303 277 232 
215 1   0   416 418 440 410 279 281 303 273 
216 1   0   394 400 415 408 257 263 278 271 
217 1   0   399 443 409 385 262 306 272 248 
218 1   0   385 409 415 373 248 272 278 236 
219 1   0   397 445 402 447 260 308 265 310 
220 1   0   439 391 447 411 302 254 310 274 
221 1   0   328 424 418 327 86  287 281 85  
222 1   0   370 381 412 448 233 244 275 311 
223 1   0   419 412 414 424 282 275 277 287 
224 1   0   388 325 326 416 251 83  84  279 
225 1   0   377 423 331 77  240 286 89  20  
226 1   0   330 331 423 425 88  89  286 288 
227 1   0   382 442 410 440 245 305 273 303 
228 1   0   330 425 419 329 88  288 282 87  
229 1   0   421 425 423 444 284 288 286 307 
230 1   0   426 366 318 319 289 229 95  96  
231 1   0   429 391 439 362 292 254 302 225 
232 1   0   427 383 437 371 290 246 300 234 
233 1   0   323 433 431 368 81  296 294 231 
234 1   0   324 432 433 323 82  295 296 81  
235 1   0   433 432 426 431 296 295 289 294 
236 1   0   401 445 389 446 264 308 252 309 
237 1   0   422 417 421 444 285 280 284 307 
238 1   0   401 438 402 445 264 301 265 308 
239 1   0   335 333 63  64  452 450 320 321 
240 1   0   98  97  333 336 352 353 450 453 
241 1   0   335 104 103 334 452 346 347 451 
242 1   0   337 99  98  332 454 351 352 449 
243 1   0   337 332 102 338 454 449 348 455 
244 1   0   334 103 102 332 451 347 348 449 
245 1   0   332 98  336 334 449 352 453 451 
246 1   0   333 97  16  63  450 353 75  320 
247 1   0   100 338 102 101 350 455 348 349 
248 1   0   333 335 334 336 450 452 451 453 
249 1   0   64  8   104 335 321 37  346 452 
250 1   0   100 99  337 338 350 351 454 455 
251 1   0   452 450 320 321 342 340 79  78  
252 1   0   352 353 450 453 111 112 340 343 
253 1   0   452 346 347 451 342 105 106 341 
254 1   0   454 351 352 449 344 110 111 339 
255 1   0   454 449 348 455 344 339 107 345 
256 1   0   451 347 348 449 341 106 107 339 
257 1   0   449 352 453 451 339 111 343 341 
258 1   0   450 353 75  320 340 112 19  79  
259 1   0   350 455 348 349 109 345 107 108 
260 1   0   450 452 451 453 340 342 341 343 
261 1   0   321 37  346 452 78  9   105 342 
262 1   0   350 351 454 455 109 110 344 345 
263 1   0   456 312 319 318 354 22  96  95  
264 1   0   315 314 456 316 92  91  354 93  
265 1   0   456 314 313 312 354 91  90  22  
266 1   0   456 318 317 316 354 95  94  93  
267 1   0   355 15  62  61  456 312 319 318 
268 1   0   58  57  355 59  315 314 456 316 
269 1   0   355 57  56  15  456 314 313 312 
270 1   0   355 61  60  59  456 318 317 316 
1
1 1 7800.0 76.92e9 115.4e9
0.0010
0 152 0 0.0 0.0 0.0
1   3   0.00010 
2   3   0.00010 
3   3   0.00010 
7   3   0.00010 
8   3   0.00010 
11  3   0.00010 
12  3   0.00010 
15  3   0.00010 
16  3   0.00010 
17  3   0.00010 
18  3   0.00010 
23  3   0.00010 
24  3   0.00010 
26  3   0.00010 
32  3   0.00010 
33  3   0.00010 
34  3   0.00010 
35  3   0.00010 
42  3   0.00010 
43  3   0.00010 
44  3   0.00010 
45  3   0.00010 
46  3   0.00010 
47  3   0.00010 
56  3   0.00010 
57  3   0.00010 
58  3   0.00010 
59  3   0.00010 
60  3   0.00010 
61  3   0.00010 
62  3   0.00010 
63  3   0.00010 
64  3   0.00010 
65  3   0.00010 
66  3   0.00010 
67  3   0.00010 
68  3   0.00010 
69  3   0.00010 
70  3   0.00010 
71  3   0.00010 
72  3   0.00010 
73  3   0.00010 
74  3   0.00010 
97  3   0.00010 
98  3   0.00010 
99  3   0.00010 
100 3   0.00010 
101 3   0.00010 
102 3   0.00010 
103 3   0.00010 
104 3   0.00010 
113 3   0.00010 
118 3   0.00010 
119 3   0.00010 
126 3   0.00010 
127 3   0.00010 
128 3   0.00010 
138 3   0.00010 
139 3   0.00010 
140 3   0.00010 
141 3   0.00010 
142 3   0.00010 
143 3   0.00010 
144 3   0.00010 
145 3   0.00010 
146 3   0.00010 
147 3   0.00010 
148 3   0.00010 
149 3   0.00010 
150 3   0.00010 
151 3   0.00010 
152 3   0.00010 
153 3   0.00010 
154 3   0.00010 
155 3   0.00010 
156 3   0.00010 
157 3   0.00010 
158 3   0.00010 
159 3   0.00010 
160 3   0.00010 
161 3   0.00010 
162 3   0.00010 
163 3   0.00010 
164 3   0.00010 
165 3   0.00010 
166 3   0.00010 
167 3   0.00010 
168 3   0.00010 
169 3   0.00010 
170 3   0.00010 
171 3   0.00010 
172 3   0.00010 
173 3   0.00010 
174 3   0.00010 
175 3   0.00010 
176 3   0.00010 
177 3   0.00010 
178 3   0.00010 
179 3   0.00010 
180 3   0.00010 
181 3   0.00010 
182 3   0.00010 
183 3   0.00010 
184 3   0.00010 
185 3   0.00010 
186 3   0.00010 
187 3   0.00010 
188 3   0.00010 
189 3   0.00010 
190 3   0.00010 
191 3   0.00010 
192 3   0.00010 
193 3   0.00010 
194 3   0.00010 
195 3   0.00010 
196 3   0.00010 
197 3   0.00010 
198 3   0.00010 
199 3   0.00010 
200 3   0.00010 
201 3   0.00010 
202 3   0.00010 
203 3   0.00010 
204 3   0.00010 
205 3   0.00010 
206 3   0.00010 
207 3   0.00010 
208 3   0.00010 
209 3   0.00010 
210 3   0.00010 
211 3   0.00010 
212 3   0.00010 
213 3   0.00010 
214 3   0.00010 
215 3   0.00010 
216 3   0.00010 
217 3   0.00010 
218 3   0.00010 
219 3   0.00010 
220 3   0.00010 
221 3   0.00010 
222 3   0.00010 
223 3   0.00010 
224 3   0.00010 
332 3   0.00010 
333 3   0.00010 
334 3   0.00010 
335 3   0.00010 
336 3   0.00010 
337 3   0.00010 
338 3   0.00010 
355 3   0.00010 
1 20.0 1.0 25 1.e-6 0.0 0.0 1 1 3 2