1.14474e-04 5.96007e+04  5.22168e+04 5.22168e+04 
2.28949e-04 8.34270e+04  1.62527e+05 1.89885e+05 
3.43398e-04 9.02187e+04  3.48989e+05 3.84840e+05 
4.57768e-04 6.70530e+04  6.26502e+05 6.35073e+05 
5.72144e-04 5.63838e+04  9.61963e+05 9.62007e+05 
6.86510e-04 5.68081e+04  1.38412e+06 1.38417e+06 
8.00875e-04 6.83039e+04  1.88613e+06 1.89700e+06 
9.15228e-04 8.41777e+04  2.44979e+06 2.47973e+06 
1.02955e-03 7.57327e+04  3.10009e+06 3.11981e+06 
1.14382e-03 6.04076e+04  3.82243e+06 3.82591e+06 
1.25809e-03 5.69595e+04  4.61513e+06 4.61640e+06 
1.37234e-03 6.13260e+04  5.49311e+06 5.49761e+06 
1.48659e-03 7.44020e+04  6.43889e+06 6.45790e+06 
1.60082e-03 7.80453e+04  7.45869e+06 7.48207e+06 
1.71502e-03 6.63834e+04  8.55842e+06 8.56848e+06 
1.82919e-03 5.87670e+04  9.72658e+06 9.72954e+06 
1.94334e-03 5.92043e+04  1.09731e+07 1.09764e+07 
2.05749e-03 6.68845e+04  1.22955e+07 1.23064e+07 
2.17162e-03 7.50128e+04  1.36870e+07 1.37073e+07 
2.28573e-03 7.07507e+04  1.51562e+07 1.51716e+07 
2.39980e-03 6.20480e+04  1.66981e+07 1.67043e+07 
2.51386e-03 5.93746e+04  1.83124e+07 1.83162e+07 
2.62790e-03 6.28514e+04  2.00040e+07 2.00110e+07 
2.74194e-03 7.02606e+04  2.17665e+07 2.17816e+07 
2.85595e-03 7.18538e+04  2.36020e+07 2.36190e+07 
2.96993e-03 6.55552e+04  2.55124e+07 2.55224e+07 
3.08389e-03 6.08325e+04  2.74940e+07 2.74993e+07 
3.19784e-03 6.13559e+04  2.95502e+07 2.95559e+07 
3.31177e-03 6.63130e+04  3.16797e+07 3.16906e+07 
3.42569e-03 7.04417e+04  3.38802e+07 3.38957e+07 
3.53958e-03 6.78885e+04  3.61545e+07 3.61671e+07 
3.65345e-03 6.29385e+04  3.85007e+07 3.85081e+07 
3.76729e-03 6.13733e+04  4.09191e+07 4.09250e+07 
3.88113e-03 6.39151e+04  4.34111e+07 4.34195e+07 
3.99495e-03 6.80949e+04  4.59742e+07 4.59871e+07 
4.10874e-03 6.85575e+04  4.86092e+07 4.86227e+07 
4.22252e-03 6.49415e+04  5.13165e+07 5.13260e+07 
4.33627e-03 6.22378e+04  5.40949e+07 5.41017e+07 
4.45001e-03 6.28618e+04  5.69457e+07 5.69531e+07 
4.56373e-03 6.59694e+04  5.98680e+07 5.98788e+07 
4.67743e-03 6.79633e+04  6.28612e+07 6.28741e+07 
4.79111e-03 6.62566e+04  6.59259e+07 6.59370e+07 
4.90477e-03 6.34439e+04  6.90616e+07 6.90697e+07 
5.01841e-03 6.27293e+04  7.22683e+07 7.22757e+07 
5.13203e-03 6.45267e+04  7.55465e+07 7.55557e+07 
5.24564e-03 6.68133e+04  7.88949e+07 7.89066e+07 
5.35923e-03 6.67184e+04  8.23141e+07 8.23256e+07 
5.47279e-03 6.45646e+04  8.58038e+07 8.58130e+07 
5.58634e-03 6.31336e+04  8.93637e+07 8.93715e+07 
5.69987e-03 6.37802e+04  9.29944e+07 9.30028e+07 
5.81338e-03 6.56647e+04  9.66951e+07 9.67056e+07 
5.92687e-03 6.65166e+04  1.00466e+08 1.00477e+08 
6.04034e-03 6.53254e+04  1.04306e+08 1.04316e+08 
6.15380e-03 6.37579e+04  1.08217e+08 1.08225e+08 
6.26723e-03 6.35665e+04  1.12197e+08 1.12205e+08 
6.38064e-03 6.47962e+04  1.16247e+08 1.16256e+08 
6.49404e-03 6.59720e+04  1.20366e+08 1.20377e+08 
6.60742e-03 6.56511e+04  1.24555e+08 1.24565e+08 
6.72078e-03 6.43602e+04  1.28812e+08 1.28821e+08 
6.83412e-03 6.36873e+04  1.33139e+08 1.33148e+08 
6.94744e-03 6.42714e+04  1.37535e+08 1.37544e+08 
7.06075e-03 6.53594e+04  1.42000e+08 1.42010e+08 
7.17403e-03 6.56211e+04  1.46534e+08 1.46544e+08 
7.28730e-03 6.47944e+04  1.51136e+08 1.51146e+08 
7.40054e-03 6.39640e+04  1.55807e+08 1.55815e+08 
7.51377e-03 6.40403e+04  1.60546e+08 1.60555e+08 
7.62698e-03 6.48417e+04  1.65354e+08 1.65363e+08 
7.74017e-03 6.53791e+04  1.70229e+08 1.70239e+08 
7.85334e-03 6.50133e+04  1.75173e+08 1.75183e+08 
7.96650e-03 6.42602e+04  1.80185e+08 1.80194e+08 
8.07963e-03 6.40122e+04  1.85264e+08 1.85273e+08 
8.19275e-03 6.44802e+04  1.90412e+08 1.90421e+08 
8.30585e-03 6.50602e+04  1.95627e+08 1.95637e+08 
8.41893e-03 6.50429e+04  2.00909e+08 2.00919e+08 
8.53199e-03 6.44916e+04  2.06259e+08 2.06268e+08 
8.64503e-03 6.40945e+04  2.11676e+08 2.11685e+08 
8.75805e-03 6.42712e+04  2.17161e+08 2.17170e+08 
8.87106e-03 6.47566e+04  2.22712e+08 2.22722e+08 
8.98405e-03 6.49443e+04  2.28331e+08 2.28340e+08 
9.09702e-03 6.46236e+04  2.34016e+08 2.34025e+08 
9.20996e-03 6.42122e+04  2.39768e+08 2.39777e+08 
9.32290e-03 6.41798e+04  2.45586e+08 2.45595e+08 
9.43581e-03 6.45139e+04  2.51471e+08 2.51481e+08 
9.54870e-03 6.47821e+04  2.57423e+08 2.57432e+08 
9.66158e-03 6.46587e+04  2.63441e+08 2.63450e+08 
9.77444e-03 6.43154e+04  2.69525e+08 2.69534e+08 
9.88728e-03 6.41624e+04  2.75675e+08 2.75683e+08 
1.00000e-02 6.43434e+04  2.81885e+08 2.81894e+08 
