3-D EmbeddedElt 
Explicit Analysis	1
Embedded Elements	0
VolumeCorrection 	0
1
hexa8
500
1    4    -0.00350 -0.00350 0.00100
2    4    -0.00350 -0.00272 0.00100
3    4    -0.00350 -0.00194 0.00100
4    4    -0.00350 -0.00117 0.00100
5    4    -0.00350 -0.00039 0.00100
6    4    -0.00350 0.00039 0.00100
7    4    -0.00350 0.00117 0.00100
8    4    -0.00350 0.00194 0.00100
9    4    -0.00350 0.00272 0.00100
10   4    -0.00350 0.00350 0.00100
11   0    -0.00350 -0.00350 0.00075
12   0    -0.00350 -0.00272 0.00075
13   0    -0.00350 -0.00194 0.00075
14   0    -0.00350 -0.00117 0.00075
15   0    -0.00350 -0.00039 0.00075
16   0    -0.00350 0.00039 0.00075
17   0    -0.00350 0.00117 0.00075
18   0    -0.00350 0.00194 0.00075
19   0    -0.00350 0.00272 0.00075
20   0    -0.00350 0.00350 0.00075
21   0    -0.00350 -0.00350 0.00050
22   0    -0.00350 -0.00272 0.00050
23   0    -0.00350 -0.00194 0.00050
24   0    -0.00350 -0.00117 0.00050
25   0    -0.00350 -0.00039 0.00050
26   0    -0.00350 0.00039 0.00050
27   0    -0.00350 0.00117 0.00050
28   0    -0.00350 0.00194 0.00050
29   0    -0.00350 0.00272 0.00050
30   0    -0.00350 0.00350 0.00050
31   0    -0.00350 -0.00350 0.00025
32   0    -0.00350 -0.00272 0.00025
33   0    -0.00350 -0.00194 0.00025
34   0    -0.00350 -0.00117 0.00025
35   0    -0.00350 -0.00039 0.00025
36   0    -0.00350 0.00039 0.00025
37   0    -0.00350 0.00117 0.00025
38   0    -0.00350 0.00194 0.00025
39   0    -0.00350 0.00272 0.00025
40   0    -0.00350 0.00350 0.00025
41   4    -0.00350 -0.00350 0.00000
42   4    -0.00350 -0.00272 0.00000
43   4    -0.00350 -0.00194 0.00000
44   4    -0.00350 -0.00117 0.00000
45   4    -0.00350 -0.00039 0.00000
46   4    -0.00350 0.00039 0.00000
47   4    -0.00350 0.00117 0.00000
48   4    -0.00350 0.00194 0.00000
49   4    -0.00350 0.00272 0.00000
50   4    -0.00350 0.00350 0.00000
51   4    -0.00272 -0.00350 0.00100
52   4    -0.00272 -0.00272 0.00100
53   4    -0.00272 -0.00194 0.00100
54   4    -0.00272 -0.00117 0.00100
55   4    -0.00272 -0.00039 0.00100
56   4    -0.00272 0.00039 0.00100
57   4    -0.00272 0.00117 0.00100
58   4    -0.00272 0.00194 0.00100
59   4    -0.00272 0.00272 0.00100
60   4    -0.00272 0.00350 0.00100
61   0    -0.00272 -0.00350 0.00075
62   0    -0.00272 -0.00272 0.00075
63   0    -0.00272 -0.00194 0.00075
64   0    -0.00272 -0.00117 0.00075
65   0    -0.00272 -0.00039 0.00075
66   0    -0.00272 0.00039 0.00075
67   0    -0.00272 0.00117 0.00075
68   0    -0.00272 0.00194 0.00075
69   0    -0.00272 0.00272 0.00075
70   0    -0.00272 0.00350 0.00075
71   0    -0.00272 -0.00350 0.00050
72   0    -0.00272 -0.00272 0.00050
73   0    -0.00272 -0.00194 0.00050
74   0    -0.00272 -0.00117 0.00050
75   0    -0.00272 -0.00039 0.00050
76   0    -0.00272 0.00039 0.00050
77   0    -0.00272 0.00117 0.00050
78   0    -0.00272 0.00194 0.00050
79   0    -0.00272 0.00272 0.00050
80   0    -0.00272 0.00350 0.00050
81   0    -0.00272 -0.00350 0.00025
82   0    -0.00272 -0.00272 0.00025
83   0    -0.00272 -0.00194 0.00025
84   0    -0.00272 -0.00117 0.00025
85   0    -0.00272 -0.00039 0.00025
86   0    -0.00272 0.00039 0.00025
87   0    -0.00272 0.00117 0.00025
88   0    -0.00272 0.00194 0.00025
89   0    -0.00272 0.00272 0.00025
90   0    -0.00272 0.00350 0.00025
91   4    -0.00272 -0.00350 0.00000
92   4    -0.00272 -0.00272 0.00000
93   4    -0.00272 -0.00194 0.00000
94   4    -0.00272 -0.00117 0.00000
95   4    -0.00272 -0.00039 0.00000
96   4    -0.00272 0.00039 0.00000
97   4    -0.00272 0.00117 0.00000
98   4    -0.00272 0.00194 0.00000
99   4    -0.00272 0.00272 0.00000
100  4    -0.00272 0.00350 0.00000
101  4    -0.00194 -0.00350 0.00100
102  4    -0.00194 -0.00272 0.00100
103  4    -0.00194 -0.00194 0.00100
104  4    -0.00194 -0.00117 0.00100
105  4    -0.00194 -0.00039 0.00100
106  4    -0.00194 0.00039 0.00100
107  4    -0.00194 0.00117 0.00100
108  4    -0.00194 0.00194 0.00100
109  4    -0.00194 0.00272 0.00100
110  4    -0.00194 0.00350 0.00100
111  0    -0.00194 -0.00350 0.00075
112  0    -0.00194 -0.00272 0.00075
113  0    -0.00194 -0.00194 0.00075
114  0    -0.00194 -0.00117 0.00075
115  0    -0.00194 -0.00039 0.00075
116  0    -0.00194 0.00039 0.00075
117  0    -0.00194 0.00117 0.00075
118  0    -0.00194 0.00194 0.00075
119  0    -0.00194 0.00272 0.00075
120  0    -0.00194 0.00350 0.00075
121  0    -0.00194 -0.00350 0.00050
122  0    -0.00194 -0.00272 0.00050
123  0    -0.00194 -0.00194 0.00050
124  0    -0.00194 -0.00117 0.00050
125  0    -0.00194 -0.00039 0.00050
126  0    -0.00194 0.00039 0.00050
127  0    -0.00194 0.00117 0.00050
128  0    -0.00194 0.00194 0.00050
129  0    -0.00194 0.00272 0.00050
130  0    -0.00194 0.00350 0.00050
131  0    -0.00194 -0.00350 0.00025
132  0    -0.00194 -0.00272 0.00025
133  0    -0.00194 -0.00194 0.00025
134  0    -0.00194 -0.00117 0.00025
135  0    -0.00194 -0.00039 0.00025
136  0    -0.00194 0.00039 0.00025
137  0    -0.00194 0.00117 0.00025
138  0    -0.00194 0.00194 0.00025
139  0    -0.00194 0.00272 0.00025
140  0    -0.00194 0.00350 0.00025
141  4    -0.00194 -0.00350 0.00000
142  4    -0.00194 -0.00272 0.00000
143  4    -0.00194 -0.00194 0.00000
144  4    -0.00194 -0.00117 0.00000
145  4    -0.00194 -0.00039 0.00000
146  4    -0.00194 0.00039 0.00000
147  4    -0.00194 0.00117 0.00000
148  4    -0.00194 0.00194 0.00000
149  4    -0.00194 0.00272 0.00000
150  4    -0.00194 0.00350 0.00000
151  4    -0.00117 -0.00350 0.00100
152  4    -0.00117 -0.00272 0.00100
153  4    -0.00117 -0.00194 0.00100
154  4    -0.00117 -0.00117 0.00100
155  4    -0.00117 -0.00039 0.00100
156  4    -0.00117 0.00039 0.00100
157  4    -0.00117 0.00117 0.00100
158  4    -0.00117 0.00194 0.00100
159  4    -0.00117 0.00272 0.00100
160  4    -0.00117 0.00350 0.00100
161  0    -0.00117 -0.00350 0.00075
162  0    -0.00117 -0.00272 0.00075
163  0    -0.00117 -0.00194 0.00075
164  0    -0.00117 -0.00117 0.00075
165  0    -0.00117 -0.00039 0.00075
166  0    -0.00117 0.00039 0.00075
167  0    -0.00117 0.00117 0.00075
168  0    -0.00117 0.00194 0.00075
169  0    -0.00117 0.00272 0.00075
170  0    -0.00117 0.00350 0.00075
171  0    -0.00117 -0.00350 0.00050
172  0    -0.00117 -0.00272 0.00050
173  0    -0.00117 -0.00194 0.00050
174  0    -0.00117 -0.00117 0.00050
175  0    -0.00117 -0.00039 0.00050
176  0    -0.00117 0.00039 0.00050
177  0    -0.00117 0.00117 0.00050
178  0    -0.00117 0.00194 0.00050
179  0    -0.00117 0.00272 0.00050
180  0    -0.00117 0.00350 0.00050
181  0    -0.00117 -0.00350 0.00025
182  0    -0.00117 -0.00272 0.00025
183  0    -0.00117 -0.00194 0.00025
184  0    -0.00117 -0.00117 0.00025
185  0    -0.00117 -0.00039 0.00025
186  0    -0.00117 0.00039 0.00025
187  0    -0.00117 0.00117 0.00025
188  0    -0.00117 0.00194 0.00025
189  0    -0.00117 0.00272 0.00025
190  0    -0.00117 0.00350 0.00025
191  4    -0.00117 -0.00350 0.00000
192  4    -0.00117 -0.00272 0.00000
193  4    -0.00117 -0.00194 0.00000
194  4    -0.00117 -0.00117 0.00000
195  4    -0.00117 -0.00039 0.00000
196  4    -0.00117 0.00039 0.00000
197  4    -0.00117 0.00117 0.00000
198  4    -0.00117 0.00194 0.00000
199  4    -0.00117 0.00272 0.00000
200  4    -0.00117 0.00350 0.00000
201  4    -0.00039 -0.00350 0.00100
202  4    -0.00039 -0.00272 0.00100
203  4    -0.00039 -0.00194 0.00100
204  4    -0.00039 -0.00117 0.00100
205  4    -0.00039 -0.00039 0.00100
206  4    -0.00039 0.00039 0.00100
207  4    -0.00039 0.00117 0.00100
208  4    -0.00039 0.00194 0.00100
209  4    -0.00039 0.00272 0.00100
210  4    -0.00039 0.00350 0.00100
211  0    -0.00039 -0.00350 0.00075
212  0    -0.00039 -0.00272 0.00075
213  0    -0.00039 -0.00194 0.00075
214  0    -0.00039 -0.00117 0.00075
215  0    -0.00039 -0.00039 0.00075
216  0    -0.00039 0.00039 0.00075
217  0    -0.00039 0.00117 0.00075
218  0    -0.00039 0.00194 0.00075
219  0    -0.00039 0.00272 0.00075
220  0    -0.00039 0.00350 0.00075
221  0    -0.00039 -0.00350 0.00050
222  0    -0.00039 -0.00272 0.00050
223  0    -0.00039 -0.00194 0.00050
224  0    -0.00039 -0.00117 0.00050
225  0    -0.00039 -0.00039 0.00050
226  0    -0.00039 0.00039 0.00050
227  0    -0.00039 0.00117 0.00050
228  0    -0.00039 0.00194 0.00050
229  0    -0.00039 0.00272 0.00050
230  0    -0.00039 0.00350 0.00050
231  0    -0.00039 -0.00350 0.00025
232  0    -0.00039 -0.00272 0.00025
233  0    -0.00039 -0.00194 0.00025
234  0    -0.00039 -0.00117 0.00025
235  0    -0.00039 -0.00039 0.00025
236  0    -0.00039 0.00039 0.00025
237  0    -0.00039 0.00117 0.00025
238  0    -0.00039 0.00194 0.00025
239  0    -0.00039 0.00272 0.00025
240  0    -0.00039 0.00350 0.00025
241  4    -0.00039 -0.00350 0.00000
242  4    -0.00039 -0.00272 0.00000
243  4    -0.00039 -0.00194 0.00000
244  4    -0.00039 -0.00117 0.00000
245  4    -0.00039 -0.00039 0.00000
246  4    -0.00039 0.00039 0.00000
247  4    -0.00039 0.00117 0.00000
248  4    -0.00039 0.00194 0.00000
249  4    -0.00039 0.00272 0.00000
250  4    -0.00039 0.00350 0.00000
251  4    0.00039 -0.00350 0.00100
252  4    0.00039 -0.00272 0.00100
253  4    0.00039 -0.00194 0.00100
254  4    0.00039 -0.00117 0.00100
255  4    0.00039 -0.00039 0.00100
256  4    0.00039 0.00039 0.00100
257  4    0.00039 0.00117 0.00100
258  4    0.00039 0.00194 0.00100
259  4    0.00039 0.00272 0.00100
260  4    0.00039 0.00350 0.00100
261  0    0.00039 -0.00350 0.00075
262  0    0.00039 -0.00272 0.00075
263  0    0.00039 -0.00194 0.00075
264  0    0.00039 -0.00117 0.00075
265  0    0.00039 -0.00039 0.00075
266  0    0.00039 0.00039 0.00075
267  0    0.00039 0.00117 0.00075
268  0    0.00039 0.00194 0.00075
269  0    0.00039 0.00272 0.00075
270  0    0.00039 0.00350 0.00075
271  0    0.00039 -0.00350 0.00050
272  0    0.00039 -0.00272 0.00050
273  0    0.00039 -0.00194 0.00050
274  0    0.00039 -0.00117 0.00050
275  0    0.00039 -0.00039 0.00050
276  0    0.00039 0.00039 0.00050
277  0    0.00039 0.00117 0.00050
278  0    0.00039 0.00194 0.00050
279  0    0.00039 0.00272 0.00050
280  0    0.00039 0.00350 0.00050
281  0    0.00039 -0.00350 0.00025
282  0    0.00039 -0.00272 0.00025
283  0    0.00039 -0.00194 0.00025
284  0    0.00039 -0.00117 0.00025
285  0    0.00039 -0.00039 0.00025
286  0    0.00039 0.00039 0.00025
287  0    0.00039 0.00117 0.00025
288  0    0.00039 0.00194 0.00025
289  0    0.00039 0.00272 0.00025
290  0    0.00039 0.00350 0.00025
291  4    0.00039 -0.00350 0.00000
292  4    0.00039 -0.00272 0.00000
293  4    0.00039 -0.00194 0.00000
294  4    0.00039 -0.00117 0.00000
295  4    0.00039 -0.00039 0.00000
296  4    0.00039 0.00039 0.00000
297  4    0.00039 0.00117 0.00000
298  4    0.00039 0.00194 0.00000
299  4    0.00039 0.00272 0.00000
300  4    0.00039 0.00350 0.00000
301  4    0.00117 -0.00350 0.00100
302  4    0.00117 -0.00272 0.00100
303  4    0.00117 -0.00194 0.00100
304  4    0.00117 -0.00117 0.00100
305  4    0.00117 -0.00039 0.00100
306  4    0.00117 0.00039 0.00100
307  4    0.00117 0.00117 0.00100
308  4    0.00117 0.00194 0.00100
309  4    0.00117 0.00272 0.00100
310  4    0.00117 0.00350 0.00100
311  0    0.00117 -0.00350 0.00075
312  0    0.00117 -0.00272 0.00075
313  0    0.00117 -0.00194 0.00075
314  0    0.00117 -0.00117 0.00075
315  0    0.00117 -0.00039 0.00075
316  0    0.00117 0.00039 0.00075
317  0    0.00117 0.00117 0.00075
318  0    0.00117 0.00194 0.00075
319  0    0.00117 0.00272 0.00075
320  0    0.00117 0.00350 0.00075
321  0    0.00117 -0.00350 0.00050
322  0    0.00117 -0.00272 0.00050
323  0    0.00117 -0.00194 0.00050
324  0    0.00117 -0.00117 0.00050
325  0    0.00117 -0.00039 0.00050
326  0    0.00117 0.00039 0.00050
327  0    0.00117 0.00117 0.00050
328  0    0.00117 0.00194 0.00050
329  0    0.00117 0.00272 0.00050
330  0    0.00117 0.00350 0.00050
331  0    0.00117 -0.00350 0.00025
332  0    0.00117 -0.00272 0.00025
333  0    0.00117 -0.00194 0.00025
334  0    0.00117 -0.00117 0.00025
335  0    0.00117 -0.00039 0.00025
336  0    0.00117 0.00039 0.00025
337  0    0.00117 0.00117 0.00025
338  0    0.00117 0.00194 0.00025
339  0    0.00117 0.00272 0.00025
340  0    0.00117 0.00350 0.00025
341  4    0.00117 -0.00350 0.00000
342  4    0.00117 -0.00272 0.00000
343  4    0.00117 -0.00194 0.00000
344  4    0.00117 -0.00117 0.00000
345  4    0.00117 -0.00039 0.00000
346  4    0.00117 0.00039 0.00000
347  4    0.00117 0.00117 0.00000
348  4    0.00117 0.00194 0.00000
349  4    0.00117 0.00272 0.00000
350  4    0.00117 0.00350 0.00000
351  4    0.00194 -0.00350 0.00100
352  4    0.00194 -0.00272 0.00100
353  4    0.00194 -0.00194 0.00100
354  4    0.00194 -0.00117 0.00100
355  4    0.00194 -0.00039 0.00100
356  4    0.00194 0.00039 0.00100
357  4    0.00194 0.00117 0.00100
358  4    0.00194 0.00194 0.00100
359  4    0.00194 0.00272 0.00100
360  4    0.00194 0.00350 0.00100
361  0    0.00194 -0.00350 0.00075
362  0    0.00194 -0.00272 0.00075
363  0    0.00194 -0.00194 0.00075
364  0    0.00194 -0.00117 0.00075
365  0    0.00194 -0.00039 0.00075
366  0    0.00194 0.00039 0.00075
367  0    0.00194 0.00117 0.00075
368  0    0.00194 0.00194 0.00075
369  0    0.00194 0.00272 0.00075
370  0    0.00194 0.00350 0.00075
371  0    0.00194 -0.00350 0.00050
372  0    0.00194 -0.00272 0.00050
373  0    0.00194 -0.00194 0.00050
374  0    0.00194 -0.00117 0.00050
375  0    0.00194 -0.00039 0.00050
376  0    0.00194 0.00039 0.00050
377  0    0.00194 0.00117 0.00050
378  0    0.00194 0.00194 0.00050
379  0    0.00194 0.00272 0.00050
380  0    0.00194 0.00350 0.00050
381  0    0.00194 -0.00350 0.00025
382  0    0.00194 -0.00272 0.00025
383  0    0.00194 -0.00194 0.00025
384  0    0.00194 -0.00117 0.00025
385  0    0.00194 -0.00039 0.00025
386  0    0.00194 0.00039 0.00025
387  0    0.00194 0.00117 0.00025
388  0    0.00194 0.00194 0.00025
389  0    0.00194 0.00272 0.00025
390  0    0.00194 0.00350 0.00025
391  4    0.00194 -0.00350 0.00000
392  4    0.00194 -0.00272 0.00000
393  4    0.00194 -0.00194 0.00000
394  4    0.00194 -0.00117 0.00000
395  4    0.00194 -0.00039 0.00000
396  4    0.00194 0.00039 0.00000
397  4    0.00194 0.00117 0.00000
398  4    0.00194 0.00194 0.00000
399  4    0.00194 0.00272 0.00000
400  4    0.00194 0.00350 0.00000
401  4    0.00272 -0.00350 0.00100
402  4    0.00272 -0.00272 0.00100
403  4    0.00272 -0.00194 0.00100
404  4    0.00272 -0.00117 0.00100
405  4    0.00272 -0.00039 0.00100
406  4    0.00272 0.00039 0.00100
407  4    0.00272 0.00117 0.00100
408  4    0.00272 0.00194 0.00100
409  4    0.00272 0.00272 0.00100
410  4    0.00272 0.00350 0.00100
411  0    0.00272 -0.00350 0.00075
412  0    0.00272 -0.00272 0.00075
413  0    0.00272 -0.00194 0.00075
414  0    0.00272 -0.00117 0.00075
415  0    0.00272 -0.00039 0.00075
416  0    0.00272 0.00039 0.00075
417  0    0.00272 0.00117 0.00075
418  0    0.00272 0.00194 0.00075
419  0    0.00272 0.00272 0.00075
420  0    0.00272 0.00350 0.00075
421  0    0.00272 -0.00350 0.00050
422  0    0.00272 -0.00272 0.00050
423  0    0.00272 -0.00194 0.00050
424  0    0.00272 -0.00117 0.00050
425  0    0.00272 -0.00039 0.00050
426  0    0.00272 0.00039 0.00050
427  0    0.00272 0.00117 0.00050
428  0    0.00272 0.00194 0.00050
429  0    0.00272 0.00272 0.00050
430  0    0.00272 0.00350 0.00050
431  0    0.00272 -0.00350 0.00025
432  0    0.00272 -0.00272 0.00025
433  0    0.00272 -0.00194 0.00025
434  0    0.00272 -0.00117 0.00025
435  0    0.00272 -0.00039 0.00025
436  0    0.00272 0.00039 0.00025
437  0    0.00272 0.00117 0.00025
438  0    0.00272 0.00194 0.00025
439  0    0.00272 0.00272 0.00025
440  0    0.00272 0.00350 0.00025
441  4    0.00272 -0.00350 0.00000
442  4    0.00272 -0.00272 0.00000
443  4    0.00272 -0.00194 0.00000
444  4    0.00272 -0.00117 0.00000
445  4    0.00272 -0.00039 0.00000
446  4    0.00272 0.00039 0.00000
447  4    0.00272 0.00117 0.00000
448  4    0.00272 0.00194 0.00000
449  4    0.00272 0.00272 0.00000
450  4    0.00272 0.00350 0.00000
451  4    0.00350 -0.00350 0.00100
452  4    0.00350 -0.00272 0.00100
453  4    0.00350 -0.00194 0.00100
454  4    0.00350 -0.00117 0.00100
455  4    0.00350 -0.00039 0.00100
456  4    0.00350 0.00039 0.00100
457  4    0.00350 0.00117 0.00100
458  4    0.00350 0.00194 0.00100
459  4    0.00350 0.00272 0.00100
460  4    0.00350 0.00350 0.00100
461  0    0.00350 -0.00350 0.00075
462  0    0.00350 -0.00272 0.00075
463  0    0.00350 -0.00194 0.00075
464  0    0.00350 -0.00117 0.00075
465  0    0.00350 -0.00039 0.00075
466  0    0.00350 0.00039 0.00075
467  0    0.00350 0.00117 0.00075
468  0    0.00350 0.00194 0.00075
469  0    0.00350 0.00272 0.00075
470  0    0.00350 0.00350 0.00075
471  0    0.00350 -0.00350 0.00050
472  0    0.00350 -0.00272 0.00050
473  0    0.00350 -0.00194 0.00050
474  0    0.00350 -0.00117 0.00050
475  0    0.00350 -0.00039 0.00050
476  0    0.00350 0.00039 0.00050
477  0    0.00350 0.00117 0.00050
478  0    0.00350 0.00194 0.00050
479  0    0.00350 0.00272 0.00050
480  0    0.00350 0.00350 0.00050
481  0    0.00350 -0.00350 0.00025
482  0    0.00350 -0.00272 0.00025
483  0    0.00350 -0.00194 0.00025
484  0    0.00350 -0.00117 0.00025
485  0    0.00350 -0.00039 0.00025
486  0    0.00350 0.00039 0.00025
487  0    0.00350 0.00117 0.00025
488  0    0.00350 0.00194 0.00025
489  0    0.00350 0.00272 0.00025
490  0    0.00350 0.00350 0.00025
491  4    0.00350 -0.00350 0.00000
492  4    0.00350 -0.00272 0.00000
493  4    0.00350 -0.00194 0.00000
494  4    0.00350 -0.00117 0.00000
495  4    0.00350 -0.00039 0.00000
496  4    0.00350 0.00039 0.00000
497  4    0.00350 0.00117 0.00000
498  4    0.00350 0.00194 0.00000
499  4    0.00350 0.00272 0.00000
500  4    0.00350 0.00350 0.00000
324
1   1   0   51  52  62  61  1   2   12  11  
2   1   0   52  53  63  62  2   3   13  12  
3   1   0   53  54  64  63  3   4   14  13  
4   1   0   54  55  65  64  4   5   15  14  
5   1   0   55  56  66  65  5   6   16  15  
6   1   0   56  57  67  66  6   7   17  16  
7   1   0   57  58  68  67  7   8   18  17  
8   1   0   58  59  69  68  8   9   19  18  
9   1   0   59  60  70  69  9   10  20  19  
10  1   0   61  62  72  71  11  12  22  21  
11  1   0   62  63  73  72  12  13  23  22  
12  1   0   63  64  74  73  13  14  24  23  
13  1   0   64  65  75  74  14  15  25  24  
14  1   0   65  66  76  75  15  16  26  25  
15  1   0   66  67  77  76  16  17  27  26  
16  1   0   67  68  78  77  17  18  28  27  
17  1   0   68  69  79  78  18  19  29  28  
18  1   0   69  70  80  79  19  20  30  29  
19  1   0   71  72  82  81  21  22  32  31  
20  1   0   72  73  83  82  22  23  33  32  
21  1   0   73  74  84  83  23  24  34  33  
22  1   0   74  75  85  84  24  25  35  34  
23  1   0   75  76  86  85  25  26  36  35  
24  1   0   76  77  87  86  26  27  37  36  
25  1   0   77  78  88  87  27  28  38  37  
26  1   0   78  79  89  88  28  29  39  38  
27  1   0   79  80  90  89  29  30  40  39  
28  1   0   81  82  92  91  31  32  42  41  
29  1   0   82  83  93  92  32  33  43  42  
30  1   0   83  84  94  93  33  34  44  43  
31  1   0   84  85  95  94  34  35  45  44  
32  1   0   85  86  96  95  35  36  46  45  
33  1   0   86  87  97  96  36  37  47  46  
34  1   0   87  88  98  97  37  38  48  47  
35  1   0   88  89  99  98  38  39  49  48  
36  1   0   89  90  100 99  39  40  50  49  
37  1   0   101 102 112 111 51  52  62  61  
38  1   0   102 103 113 112 52  53  63  62  
39  1   0   103 104 114 113 53  54  64  63  
40  1   0   104 105 115 114 54  55  65  64  
41  1   0   105 106 116 115 55  56  66  65  
42  1   0   106 107 117 116 56  57  67  66  
43  1   0   107 108 118 117 57  58  68  67  
44  1   0   108 109 119 118 58  59  69  68  
45  1   0   109 110 120 119 59  60  70  69  
46  1   0   111 112 122 121 61  62  72  71  
47  1   0   112 113 123 122 62  63  73  72  
48  1   0   113 114 124 123 63  64  74  73  
49  1   0   114 115 125 124 64  65  75  74  
50  1   0   115 116 126 125 65  66  76  75  
51  1   0   116 117 127 126 66  67  77  76  
52  1   0   117 118 128 127 67  68  78  77  
53  1   0   118 119 129 128 68  69  79  78  
54  1   0   119 120 130 129 69  70  80  79  
55  1   0   121 122 132 131 71  72  82  81  
56  1   0   122 123 133 132 72  73  83  82  
57  1   0   123 124 134 133 73  74  84  83  
58  1   0   124 125 135 134 74  75  85  84  
59  1   0   125 126 136 135 75  76  86  85  
60  1   0   126 127 137 136 76  77  87  86  
61  1   0   127 128 138 137 77  78  88  87  
62  1   0   128 129 139 138 78  79  89  88  
63  1   0   129 130 140 139 79  80  90  89  
64  1   0   131 132 142 141 81  82  92  91  
65  1   0   132 133 143 142 82  83  93  92  
66  1   0   133 134 144 143 83  84  94  93  
67  1   0   134 135 145 144 84  85  95  94  
68  1   0   135 136 146 145 85  86  96  95  
69  1   0   136 137 147 146 86  87  97  96  
70  1   0   137 138 148 147 87  88  98  97  
71  1   0   138 139 149 148 88  89  99  98  
72  1   0   139 140 150 149 89  90  100 99  
73  1   0   151 152 162 161 101 102 112 111 
74  1   0   152 153 163 162 102 103 113 112 
75  1   0   153 154 164 163 103 104 114 113 
76  1   0   154 155 165 164 104 105 115 114 
77  1   0   155 156 166 165 105 106 116 115 
78  1   0   156 157 167 166 106 107 117 116 
79  1   0   157 158 168 167 107 108 118 117 
80  1   0   158 159 169 168 108 109 119 118 
81  1   0   159 160 170 169 109 110 120 119 
82  1   0   161 162 172 171 111 112 122 121 
83  1   0   162 163 173 172 112 113 123 122 
84  1   0   163 164 174 173 113 114 124 123 
85  1   0   164 165 175 174 114 115 125 124 
86  1   0   165 166 176 175 115 116 126 125 
87  1   0   166 167 177 176 116 117 127 126 
88  1   0   167 168 178 177 117 118 128 127 
89  1   0   168 169 179 178 118 119 129 128 
90  1   0   169 170 180 179 119 120 130 129 
91  1   0   171 172 182 181 121 122 132 131 
92  1   0   172 173 183 182 122 123 133 132 
93  1   0   173 174 184 183 123 124 134 133 
94  1   0   174 175 185 184 124 125 135 134 
95  1   0   175 176 186 185 125 126 136 135 
96  1   0   176 177 187 186 126 127 137 136 
97  1   0   177 178 188 187 127 128 138 137 
98  1   0   178 179 189 188 128 129 139 138 
99  1   0   179 180 190 189 129 130 140 139 
100 1   0   181 182 192 191 131 132 142 141 
101 1   0   182 183 193 192 132 133 143 142 
102 1   0   183 184 194 193 133 134 144 143 
103 1   0   184 185 195 194 134 135 145 144 
104 1   0   185 186 196 195 135 136 146 145 
105 1   0   186 187 197 196 136 137 147 146 
106 1   0   187 188 198 197 137 138 148 147 
107 1   0   188 189 199 198 138 139 149 148 
108 1   0   189 190 200 199 139 140 150 149 
109 1   0   201 202 212 211 151 152 162 161 
110 1   0   202 203 213 212 152 153 163 162 
111 1   0   203 204 214 213 153 154 164 163 
112 1   0   204 205 215 214 154 155 165 164 
113 1   0   205 206 216 215 155 156 166 165 
114 1   0   206 207 217 216 156 157 167 166 
115 1   0   207 208 218 217 157 158 168 167 
116 1   0   208 209 219 218 158 159 169 168 
117 1   0   209 210 220 219 159 160 170 169 
118 1   0   211 212 222 221 161 162 172 171 
119 1   0   212 213 223 222 162 163 173 172 
120 1   0   213 214 224 223 163 164 174 173 
121 1   0   214 215 225 224 164 165 175 174 
122 1   0   215 216 226 225 165 166 176 175 
123 1   0   216 217 227 226 166 167 177 176 
124 1   0   217 218 228 227 167 168 178 177 
125 1   0   218 219 229 228 168 169 179 178 
126 1   0   219 220 230 229 169 170 180 179 
127 1   0   221 222 232 231 171 172 182 181 
128 1   0   222 223 233 232 172 173 183 182 
129 1   0   223 224 234 233 173 174 184 183 
130 1   0   224 225 235 234 174 175 185 184 
131 1   0   225 226 236 235 175 176 186 185 
132 1   0   226 227 237 236 176 177 187 186 
133 1   0   227 228 238 237 177 178 188 187 
134 1   0   228 229 239 238 178 179 189 188 
135 1   0   229 230 240 239 179 180 190 189 
136 1   0   231 232 242 241 181 182 192 191 
137 1   0   232 233 243 242 182 183 193 192 
138 1   0   233 234 244 243 183 184 194 193 
139 1   0   234 235 245 244 184 185 195 194 
140 1   0   235 236 246 245 185 186 196 195 
141 1   0   236 237 247 246 186 187 197 196 
142 1   0   237 238 248 247 187 188 198 197 
143 1   0   238 239 249 248 188 189 199 198 
144 1   0   239 240 250 249 189 190 200 199 
145 1   0   251 252 262 261 201 202 212 211 
146 1   0   252 253 263 262 202 203 213 212 
147 1   0   253 254 264 263 203 204 214 213 
148 1   0   254 255 265 264 204 205 215 214 
149 1   0   255 256 266 265 205 206 216 215 
150 1   0   256 257 267 266 206 207 217 216 
151 1   0   257 258 268 267 207 208 218 217 
152 1   0   258 259 269 268 208 209 219 218 
153 1   0   259 260 270 269 209 210 220 219 
154 1   0   261 262 272 271 211 212 222 221 
155 1   0   262 263 273 272 212 213 223 222 
156 1   0   263 264 274 273 213 214 224 223 
157 1   0   264 265 275 274 214 215 225 224 
158 1   0   265 266 276 275 215 216 226 225 
159 1   0   266 267 277 276 216 217 227 226 
160 1   0   267 268 278 277 217 218 228 227 
161 1   0   268 269 279 278 218 219 229 228 
162 1   0   269 270 280 279 219 220 230 229 
163 1   0   271 272 282 281 221 222 232 231 
164 1   0   272 273 283 282 222 223 233 232 
165 1   0   273 274 284 283 223 224 234 233 
166 1   0   274 275 285 284 224 225 235 234 
167 1   0   275 276 286 285 225 226 236 235 
168 1   0   276 277 287 286 226 227 237 236 
169 1   0   277 278 288 287 227 228 238 237 
170 1   0   278 279 289 288 228 229 239 238 
171 1   0   279 280 290 289 229 230 240 239 
172 1   0   281 282 292 291 231 232 242 241 
173 1   0   282 283 293 292 232 233 243 242 
174 1   0   283 284 294 293 233 234 244 243 
175 1   0   284 285 295 294 234 235 245 244 
176 1   0   285 286 296 295 235 236 246 245 
177 1   0   286 287 297 296 236 237 247 246 
178 1   0   287 288 298 297 237 238 248 247 
179 1   0   288 289 299 298 238 239 249 248 
180 1   0   289 290 300 299 239 240 250 249 
181 1   0   301 302 312 311 251 252 262 261 
182 1   0   302 303 313 312 252 253 263 262 
183 1   0   303 304 314 313 253 254 264 263 
184 1   0   304 305 315 314 254 255 265 264 
185 1   0   305 306 316 315 255 256 266 265 
186 1   0   306 307 317 316 256 257 267 266 
187 1   0   307 308 318 317 257 258 268 267 
188 1   0   308 309 319 318 258 259 269 268 
189 1   0   309 310 320 319 259 260 270 269 
190 1   0   311 312 322 321 261 262 272 271 
191 1   0   312 313 323 322 262 263 273 272 
192 1   0   313 314 324 323 263 264 274 273 
193 1   0   314 315 325 324 264 265 275 274 
194 1   0   315 316 326 325 265 266 276 275 
195 1   0   316 317 327 326 266 267 277 276 
196 1   0   317 318 328 327 267 268 278 277 
197 1   0   318 319 329 328 268 269 279 278 
198 1   0   319 320 330 329 269 270 280 279 
199 1   0   321 322 332 331 271 272 282 281 
200 1   0   322 323 333 332 272 273 283 282 
201 1   0   323 324 334 333 273 274 284 283 
202 1   0   324 325 335 334 274 275 285 284 
203 1   0   325 326 336 335 275 276 286 285 
204 1   0   326 327 337 336 276 277 287 286 
205 1   0   327 328 338 337 277 278 288 287 
206 1   0   328 329 339 338 278 279 289 288 
207 1   0   329 330 340 339 279 280 290 289 
208 1   0   331 332 342 341 281 282 292 291 
209 1   0   332 333 343 342 282 283 293 292 
210 1   0   333 334 344 343 283 284 294 293 
211 1   0   334 335 345 344 284 285 295 294 
212 1   0   335 336 346 345 285 286 296 295 
213 1   0   336 337 347 346 286 287 297 296 
214 1   0   337 338 348 347 287 288 298 297 
215 1   0   338 339 349 348 288 289 299 298 
216 1   0   339 340 350 349 289 290 300 299 
217 1   0   351 352 362 361 301 302 312 311 
218 1   0   352 353 363 362 302 303 313 312 
219 1   0   353 354 364 363 303 304 314 313 
220 1   0   354 355 365 364 304 305 315 314 
221 1   0   355 356 366 365 305 306 316 315 
222 1   0   356 357 367 366 306 307 317 316 
223 1   0   357 358 368 367 307 308 318 317 
224 1   0   358 359 369 368 308 309 319 318 
225 1   0   359 360 370 369 309 310 320 319 
226 1   0   361 362 372 371 311 312 322 321 
227 1   0   362 363 373 372 312 313 323 322 
228 1   0   363 364 374 373 313 314 324 323 
229 1   0   364 365 375 374 314 315 325 324 
230 1   0   365 366 376 375 315 316 326 325 
231 1   0   366 367 377 376 316 317 327 326 
232 1   0   367 368 378 377 317 318 328 327 
233 1   0   368 369 379 378 318 319 329 328 
234 1   0   369 370 380 379 319 320 330 329 
235 1   0   371 372 382 381 321 322 332 331 
236 1   0   372 373 383 382 322 323 333 332 
237 1   0   373 374 384 383 323 324 334 333 
238 1   0   374 375 385 384 324 325 335 334 
239 1   0   375 376 386 385 325 326 336 335 
240 1   0   376 377 387 386 326 327 337 336 
241 1   0   377 378 388 387 327 328 338 337 
242 1   0   378 379 389 388 328 329 339 338 
243 1   0   379 380 390 389 329 330 340 339 
244 1   0   381 382 392 391 331 332 342 341 
245 1   0   382 383 393 392 332 333 343 342 
246 1   0   383 384 394 393 333 334 344 343 
247 1   0   384 385 395 394 334 335 345 344 
248 1   0   385 386 396 395 335 336 346 345 
249 1   0   386 387 397 396 336 337 347 346 
250 1   0   387 388 398 397 337 338 348 347 
251 1   0   388 389 399 398 338 339 349 348 
252 1   0   389 390 400 399 339 340 350 349 
253 1   0   401 402 412 411 351 352 362 361 
254 1   0   402 403 413 412 352 353 363 362 
255 1   0   403 404 414 413 353 354 364 363 
256 1   0   404 405 415 414 354 355 365 364 
257 1   0   405 406 416 415 355 356 366 365 
258 1   0   406 407 417 416 356 357 367 366 
259 1   0   407 408 418 417 357 358 368 367 
260 1   0   408 409 419 418 358 359 369 368 
261 1   0   409 410 420 419 359 360 370 369 
262 1   0   411 412 422 421 361 362 372 371 
263 1   0   412 413 423 422 362 363 373 372 
264 1   0   413 414 424 423 363 364 374 373 
265 1   0   414 415 425 424 364 365 375 374 
266 1   0   415 416 426 425 365 366 376 375 
267 1   0   416 417 427 426 366 367 377 376 
268 1   0   417 418 428 427 367 368 378 377 
269 1   0   418 419 429 428 368 369 379 378 
270 1   0   419 420 430 429 369 370 380 379 
271 1   0   421 422 432 431 371 372 382 381 
272 1   0   422 423 433 432 372 373 383 382 
273 1   0   423 424 434 433 373 374 384 383 
274 1   0   424 425 435 434 374 375 385 384 
275 1   0   425 426 436 435 375 376 386 385 
276 1   0   426 427 437 436 376 377 387 386 
277 1   0   427 428 438 437 377 378 388 387 
278 1   0   428 429 439 438 378 379 389 388 
279 1   0   429 430 440 439 379 380 390 389 
280 1   0   431 432 442 441 381 382 392 391 
281 1   0   432 433 443 442 382 383 393 392 
282 1   0   433 434 444 443 383 384 394 393 
283 1   0   434 435 445 444 384 385 395 394 
284 1   0   435 436 446 445 385 386 396 395 
285 1   0   436 437 447 446 386 387 397 396 
286 1   0   437 438 448 447 387 388 398 397 
287 1   0   438 439 449 448 388 389 399 398 
288 1   0   439 440 450 449 389 390 400 399 
289 1   0   451 452 462 461 401 402 412 411 
290 1   0   452 453 463 462 402 403 413 412 
291 1   0   453 454 464 463 403 404 414 413 
292 1   0   454 455 465 464 404 405 415 414 
293 1   0   455 456 466 465 405 406 416 415 
294 1   0   456 457 467 466 406 407 417 416 
295 1   0   457 458 468 467 407 408 418 417 
296 1   0   458 459 469 468 408 409 419 418 
297 1   0   459 460 470 469 409 410 420 419 
298 1   0   461 462 472 471 411 412 422 421 
299 1   0   462 463 473 472 412 413 423 422 
300 1   0   463 464 474 473 413 414 424 423 
301 1   0   464 465 475 474 414 415 425 424 
302 1   0   465 466 476 475 415 416 426 425 
303 1   0   466 467 477 476 416 417 427 426 
304 1   0   467 468 478 477 417 418 428 427 
305 1   0   468 469 479 478 418 419 429 428 
306 1   0   469 470 480 479 419 420 430 429 
307 1   0   471 472 482 481 421 422 432 431 
308 1   0   472 473 483 482 422 423 433 432 
309 1   0   473 474 484 483 423 424 434 433 
310 1   0   474 475 485 484 424 425 435 434 
311 1   0   475 476 486 485 425 426 436 435 
312 1   0   476 477 487 486 426 427 437 436 
313 1   0   477 478 488 487 427 428 438 437 
314 1   0   478 479 489 488 428 429 439 438 
315 1   0   479 480 490 489 429 430 440 439 
316 1   0   481 482 492 491 431 432 442 441 
317 1   0   482 483 493 492 432 433 443 442 
318 1   0   483 484 494 493 433 434 444 443 
319 1   0   484 485 495 494 434 435 445 444 
320 1   0   485 486 496 495 435 436 446 445 
321 1   0   486 487 497 496 436 437 447 446 
322 1   0   487 488 498 497 437 438 448 447 
323 1   0   488 489 499 498 438 439 449 448 
324 1   0   489 490 500 499 439 440 450 449 
1
1 1 7.8e9 76.92e9 115.4e9
0.1000
0 100 0 0.0 0.0 0.0
1   3   -0.00030 
2   3   -0.00030 
3   3   -0.00030 
4   3   -0.00030 
5   3   -0.00030 
6   3   -0.00030 
7   3   -0.00030 
8   3   -0.00030 
9   3   -0.00030 
10  3   -0.00030 
51  3   -0.00030 
52  3   -0.00030 
53  3   -0.00030 
54  3   -0.00030 
55  3   -0.00030 
56  3   -0.00030 
57  3   -0.00030 
58  3   -0.00030 
59  3   -0.00030 
60  3   -0.00030 
101 3   -0.00030 
102 3   -0.00030 
103 3   -0.00030 
104 3   -0.00030 
105 3   -0.00030 
106 3   -0.00030 
107 3   -0.00030 
108 3   -0.00030 
109 3   -0.00030 
110 3   -0.00030 
151 3   -0.00030 
152 3   -0.00030 
153 3   -0.00030 
154 3   -0.00030 
155 3   -0.00030 
156 3   -0.00030 
157 3   -0.00030 
158 3   -0.00030 
159 3   -0.00030 
160 3   -0.00030 
201 3   -0.00030 
202 3   -0.00030 
203 3   -0.00030 
204 3   -0.00030 
205 3   -0.00030 
206 3   -0.00030 
207 3   -0.00030 
208 3   -0.00030 
209 3   -0.00030 
210 3   -0.00030 
251 3   -0.00030 
252 3   -0.00030 
253 3   -0.00030 
254 3   -0.00030 
255 3   -0.00030 
256 3   -0.00030 
257 3   -0.00030 
258 3   -0.00030 
259 3   -0.00030 
260 3   -0.00030 
301 3   -0.00030 
302 3   -0.00030 
303 3   -0.00030 
304 3   -0.00030 
305 3   -0.00030 
306 3   -0.00030 
307 3   -0.00030 
308 3   -0.00030 
309 3   -0.00030 
310 3   -0.00030 
351 3   -0.00030 
352 3   -0.00030 
353 3   -0.00030 
354 3   -0.00030 
355 3   -0.00030 
356 3   -0.00030 
357 3   -0.00030 
358 3   -0.00030 
359 3   -0.00030 
360 3   -0.00030 
401 3   -0.00030 
402 3   -0.00030 
403 3   -0.00030 
404 3   -0.00030 
405 3   -0.00030 
406 3   -0.00030 
407 3   -0.00030 
408 3   -0.00030 
409 3   -0.00030 
410 3   -0.00030 
451 3   -0.00030 
452 3   -0.00030 
453 3   -0.00030 
454 3   -0.00030 
455 3   -0.00030 
456 3   -0.00030 
457 3   -0.00030 
458 3   -0.00030 
459 3   -0.00030 
460 3   -0.00030 
1 20.0 1.0 25 1.e-6 0.0 0.0 1 1 3 2