5.72372e-05 8.65800e+01  5.03995e+00 5.03995e+00 
1.14474e-04 8.65800e+01  2.01598e+01 2.01598e+01 
1.71712e-04 8.65800e+01  4.53595e+01 4.53595e+01 
2.28949e-04 8.65800e+01  8.06392e+01 8.06392e+01 
2.86186e-04 8.65800e+01  1.25999e+02 1.25999e+02 
3.43423e-04 8.65800e+01  1.81438e+02 1.81438e+02 
4.00660e-04 8.65800e+01  2.46957e+02 2.46957e+02 
4.57898e-04 8.65800e+01  3.22557e+02 3.22557e+02 
5.15135e-04 8.65800e+01  4.08236e+02 4.08236e+02 
5.72372e-04 8.65800e+01  5.03995e+02 5.03995e+02 
6.29609e-04 8.65800e+01  6.09834e+02 6.09834e+02 
6.86846e-04 8.65800e+01  7.25753e+02 7.25753e+02 
7.44084e-04 8.65800e+01  8.51751e+02 8.51751e+02 
8.01321e-04 8.65800e+01  9.87830e+02 9.87830e+02 
8.58558e-04 8.65800e+01  1.13399e+03 1.13399e+03 
9.15795e-04 8.65800e+01  1.29023e+03 1.29023e+03 
9.73032e-04 8.65800e+01  1.45655e+03 1.45655e+03 
1.03027e-03 8.65800e+01  1.63294e+03 1.63294e+03 
1.08751e-03 8.65800e+01  1.81942e+03 1.81942e+03 
1.14474e-03 8.65800e+01  2.01598e+03 2.01598e+03 
1.20198e-03 8.65800e+01  2.22262e+03 2.22262e+03 
1.25922e-03 8.65800e+01  2.43933e+03 2.43933e+03 
1.31646e-03 8.65800e+01  2.66613e+03 2.66613e+03 
1.37369e-03 8.65800e+01  2.90301e+03 2.90301e+03 
1.43093e-03 8.65800e+01  3.14997e+03 3.14997e+03 
1.48817e-03 8.65800e+01  3.40701e+03 3.40701e+03 
1.54540e-03 8.65800e+01  3.67412e+03 3.67412e+03 
1.60264e-03 8.65800e+01  3.95132e+03 3.95132e+03 
1.65988e-03 8.65800e+01  4.23860e+03 4.23860e+03 
1.71712e-03 8.65800e+01  4.53595e+03 4.53595e+03 
1.77435e-03 8.65800e+01  4.84339e+03 4.84339e+03 
1.83159e-03 8.65800e+01  5.16091e+03 5.16091e+03 
1.88883e-03 8.65800e+01  5.48850e+03 5.48850e+03 
1.94606e-03 8.65800e+01  5.82618e+03 5.82618e+03 
2.00330e-03 8.65800e+01  6.17394e+03 6.17394e+03 
2.06054e-03 8.65800e+01  6.53177e+03 6.53177e+03 
2.11778e-03 8.65800e+01  6.89969e+03 6.89969e+03 
2.17501e-03 8.65800e+01  7.27769e+03 7.27769e+03 
2.23225e-03 8.65800e+01  7.66576e+03 7.66576e+03 
2.28949e-03 8.65800e+01  8.06392e+03 8.06392e+03 
2.34673e-03 8.65800e+01  8.47215e+03 8.47215e+03 
2.40396e-03 8.65800e+01  8.89047e+03 8.89047e+03 
2.46120e-03 8.65800e+01  9.31886e+03 9.31886e+03 
2.51844e-03 8.65800e+01  9.75734e+03 9.75734e+03 
2.57567e-03 8.65800e+01  1.02059e+04 1.02059e+04 
2.63291e-03 8.65800e+01  1.06645e+04 1.06645e+04 
2.69015e-03 8.65800e+01  1.11332e+04 1.11332e+04 
2.74739e-03 8.65800e+01  1.16120e+04 1.16120e+04 
2.80462e-03 8.65800e+01  1.21009e+04 1.21009e+04 
2.86186e-03 8.65800e+01  1.25999e+04 1.25999e+04 
2.91910e-03 8.65800e+01  1.31089e+04 1.31089e+04 
2.97633e-03 8.65800e+01  1.36280e+04 1.36280e+04 
3.03357e-03 8.65800e+01  1.41572e+04 1.41572e+04 
3.09081e-03 8.65800e+01  1.46965e+04 1.46965e+04 
3.14805e-03 8.65800e+01  1.52458e+04 1.52458e+04 
3.20528e-03 8.65800e+01  1.58053e+04 1.58053e+04 
3.26252e-03 8.65800e+01  1.63748e+04 1.63748e+04 
3.31976e-03 8.65800e+01  1.69544e+04 1.69544e+04 
3.37699e-03 8.65800e+01  1.75441e+04 1.75441e+04 
3.43423e-03 8.65800e+01  1.81438e+04 1.81438e+04 
3.49147e-03 8.65800e+01  1.87536e+04 1.87536e+04 
3.54871e-03 8.65800e+01  1.93736e+04 1.93736e+04 
3.60594e-03 8.65800e+01  2.00036e+04 2.00036e+04 
3.66318e-03 8.65800e+01  2.06436e+04 2.06436e+04 
3.72042e-03 8.65800e+01  2.12938e+04 2.12938e+04 
3.77766e-03 8.65800e+01  2.19540e+04 2.19540e+04 
3.83489e-03 8.65800e+01  2.26243e+04 2.26243e+04 
3.89213e-03 8.65800e+01  2.33047e+04 2.33047e+04 
3.94937e-03 8.65800e+01  2.39952e+04 2.39952e+04 
4.00660e-03 8.65800e+01  2.46957e+04 2.46957e+04 
4.06384e-03 8.65800e+01  2.54064e+04 2.54064e+04 
4.12108e-03 8.65800e+01  2.61271e+04 2.61271e+04 
4.17832e-03 8.65800e+01  2.68579e+04 2.68579e+04 
4.23555e-03 8.65800e+01  2.75988e+04 2.75988e+04 
4.29279e-03 8.65800e+01  2.83497e+04 2.83497e+04 
4.35003e-03 8.65800e+01  2.91107e+04 2.91107e+04 
4.40726e-03 8.65800e+01  2.98819e+04 2.98819e+04 
4.46450e-03 8.65800e+01  3.06630e+04 3.06630e+04 
4.52174e-03 8.65800e+01  3.14543e+04 3.14543e+04 
4.57898e-03 8.65800e+01  3.22557e+04 3.22557e+04 
4.63621e-03 8.65800e+01  3.30671e+04 3.30671e+04 
4.69345e-03 8.65800e+01  3.38886e+04 3.38886e+04 
4.75069e-03 8.65800e+01  3.47202e+04 3.47202e+04 
4.80793e-03 8.65800e+01  3.55619e+04 3.55619e+04 
4.86516e-03 8.65800e+01  3.64136e+04 3.64136e+04 
4.92240e-03 8.65800e+01  3.72755e+04 3.72755e+04 
4.97964e-03 8.65800e+01  3.81474e+04 3.81474e+04 
5.03687e-03 8.65800e+01  3.90294e+04 3.90294e+04 
5.09411e-03 8.65800e+01  3.99214e+04 3.99214e+04 
5.15135e-03 8.65800e+01  4.08236e+04 4.08236e+04 
5.20859e-03 8.65800e+01  4.17358e+04 4.17358e+04 
5.26582e-03 8.65800e+01  4.26581e+04 4.26581e+04 
5.32306e-03 8.65800e+01  4.35905e+04 4.35905e+04 
5.38030e-03 8.65800e+01  4.45330e+04 4.45330e+04 
5.43753e-03 8.65800e+01  4.54855e+04 4.54855e+04 
5.49477e-03 8.65800e+01  4.64482e+04 4.64482e+04 
5.55201e-03 8.65800e+01  4.74209e+04 4.74209e+04 
5.60925e-03 8.65800e+01  4.84037e+04 4.84037e+04 
5.66648e-03 8.65800e+01  4.93965e+04 4.93965e+04 
5.72372e-03 8.65800e+01  5.03995e+04 5.03995e+04 
5.78096e-03 8.65800e+01  5.14125e+04 5.14125e+04 
5.83819e-03 8.65800e+01  5.24356e+04 5.24356e+04 
5.89543e-03 8.65800e+01  5.34688e+04 5.34688e+04 
5.95267e-03 8.65800e+01  5.45121e+04 5.45121e+04 
6.00991e-03 8.65800e+01  5.55654e+04 5.55654e+04 
6.06714e-03 8.65800e+01  5.66289e+04 5.66289e+04 
6.12438e-03 8.65800e+01  5.77024e+04 5.77024e+04 
6.18162e-03 8.65800e+01  5.87860e+04 5.87860e+04 
6.23886e-03 8.65800e+01  5.98796e+04 5.98796e+04 
6.29609e-03 8.65800e+01  6.09834e+04 6.09834e+04 
6.35333e-03 8.65800e+01  6.20972e+04 6.20972e+04 
6.41057e-03 8.65800e+01  6.32211e+04 6.32211e+04 
6.46780e-03 8.65800e+01  6.43551e+04 6.43551e+04 
6.52504e-03 8.65800e+01  6.54992e+04 6.54992e+04 
6.58228e-03 8.65800e+01  6.66533e+04 6.66533e+04 
6.63952e-03 8.65800e+01  6.78176e+04 6.78176e+04 
6.69675e-03 8.65800e+01  6.89919e+04 6.89919e+04 
6.75399e-03 8.65800e+01  7.01763e+04 7.01763e+04 
6.81123e-03 8.65800e+01  7.13707e+04 7.13707e+04 
6.86846e-03 8.65800e+01  7.25753e+04 7.25753e+04 
6.92570e-03 8.65800e+01  7.37899e+04 7.37899e+04 
6.98294e-03 8.65800e+01  7.50146e+04 7.50146e+04 
7.04018e-03 8.65800e+01  7.62494e+04 7.62494e+04 
7.09741e-03 8.65800e+01  7.74943e+04 7.74943e+04 
7.15465e-03 8.65800e+01  7.87492e+04 7.87492e+04 
7.21189e-03 8.65800e+01  8.00142e+04 8.00142e+04 
7.26912e-03 8.65800e+01  8.12894e+04 8.12894e+04 
7.32636e-03 8.65800e+01  8.25745e+04 8.25745e+04 
7.38360e-03 8.65800e+01  8.38698e+04 8.38698e+04 
7.44084e-03 8.65800e+01  8.51752e+04 8.51752e+04 
7.49807e-03 8.65800e+01  8.64906e+04 8.64906e+04 
7.55531e-03 8.65800e+01  8.78161e+04 8.78161e+04 
7.61255e-03 8.65800e+01  8.91517e+04 8.91517e+04 
7.66979e-03 8.65800e+01  9.04973e+04 9.04973e+04 
7.72702e-03 8.65800e+01  9.18531e+04 9.18531e+04 
7.78426e-03 8.65800e+01  9.32189e+04 9.32189e+04 
7.84150e-03 8.65800e+01  9.45948e+04 9.45948e+04 
7.89873e-03 8.65800e+01  9.59808e+04 9.59808e+04 
7.95597e-03 8.65800e+01  9.73769e+04 9.73769e+04 
8.01321e-03 8.65800e+01  9.87830e+04 9.87830e+04 
8.07045e-03 8.65800e+01  1.00199e+05 1.00199e+05 
8.12768e-03 8.65800e+01  1.01626e+05 1.01626e+05 
8.18492e-03 8.65800e+01  1.03062e+05 1.03062e+05 
8.24216e-03 8.65800e+01  1.04508e+05 1.04508e+05 
8.29939e-03 8.65800e+01  1.05965e+05 1.05965e+05 
8.35663e-03 8.65800e+01  1.07432e+05 1.07432e+05 
8.41387e-03 8.65800e+01  1.08908e+05 1.08908e+05 
8.47111e-03 8.65800e+01  1.10395e+05 1.10395e+05 
8.52834e-03 8.65800e+01  1.11892e+05 1.11892e+05 
8.58558e-03 8.65800e+01  1.13399e+05 1.13399e+05 
8.64282e-03 8.65800e+01  1.14916e+05 1.14916e+05 
8.70005e-03 8.65800e+01  1.16443e+05 1.16443e+05 
8.75729e-03 8.65800e+01  1.17980e+05 1.17980e+05 
8.81453e-03 8.65800e+01  1.19527e+05 1.19527e+05 
8.87177e-03 8.65800e+01  1.21085e+05 1.21085e+05 
8.92900e-03 8.65800e+01  1.22652e+05 1.22652e+05 
8.98624e-03 8.65800e+01  1.24230e+05 1.24230e+05 
9.04348e-03 8.65800e+01  1.25817e+05 1.25817e+05 
9.10072e-03 8.65800e+01  1.27415e+05 1.27415e+05 
9.15795e-03 8.65800e+01  1.29023e+05 1.29023e+05 
9.21519e-03 8.65800e+01  1.30641e+05 1.30641e+05 
9.27243e-03 8.65800e+01  1.32268e+05 1.32268e+05 
9.32966e-03 8.65800e+01  1.33906e+05 1.33906e+05 
9.38690e-03 8.65800e+01  1.35555e+05 1.35555e+05 
9.44414e-03 8.65800e+01  1.37213e+05 1.37213e+05 
9.50138e-03 8.65800e+01  1.38881e+05 1.38881e+05 
9.55861e-03 8.65800e+01  1.40559e+05 1.40559e+05 
9.61585e-03 8.65800e+01  1.42248e+05 1.42248e+05 
9.67309e-03 8.65800e+01  1.43946e+05 1.43946e+05 
9.73032e-03 8.65800e+01  1.45655e+05 1.45655e+05 
9.78756e-03 8.65800e+01  1.47373e+05 1.47373e+05 
9.84480e-03 8.65800e+01  1.49102e+05 1.49102e+05 
9.90204e-03 8.65800e+01  1.50841e+05 1.50841e+05 
9.95927e-03 8.65800e+01  1.52590e+05 1.52590e+05 
1.00165e-02 8.65800e+01  1.54349e+05 1.54349e+05 
1.00737e-02 8.65800e+01  1.56118e+05 1.56118e+05 
1.01310e-02 8.65800e+01  1.57897e+05 1.57897e+05 
1.01882e-02 8.65800e+01  1.59686e+05 1.59686e+05 
1.02455e-02 8.65800e+01  1.61485e+05 1.61485e+05 
1.03027e-02 8.65800e+01  1.63294e+05 1.63294e+05 
1.03599e-02 8.65800e+01  1.65114e+05 1.65114e+05 
1.04172e-02 8.65800e+01  1.66943e+05 1.66943e+05 
1.04744e-02 8.65800e+01  1.68783e+05 1.68783e+05 
1.05316e-02 8.65800e+01  1.70633e+05 1.70633e+05 
1.05889e-02 8.65800e+01  1.72492e+05 1.72492e+05 
1.06461e-02 8.65800e+01  1.74362e+05 1.74362e+05 
1.07034e-02 8.65800e+01  1.76242e+05 1.76242e+05 
1.07606e-02 8.65800e+01  1.78132e+05 1.78132e+05 
1.08178e-02 8.65800e+01  1.80032e+05 1.80032e+05 
1.08751e-02 8.65800e+01  1.81942e+05 1.81942e+05 
1.09323e-02 8.65800e+01  1.83862e+05 1.83862e+05 
1.09895e-02 8.65800e+01  1.85793e+05 1.85793e+05 
1.10468e-02 8.65800e+01  1.87733e+05 1.87733e+05 
1.11040e-02 8.65800e+01  1.89684e+05 1.89684e+05 
1.11613e-02 8.65800e+01  1.91644e+05 1.91644e+05 
1.12185e-02 8.65800e+01  1.93615e+05 1.93615e+05 
1.12757e-02 8.65800e+01  1.95596e+05 1.95596e+05 
1.13330e-02 8.65800e+01  1.97586e+05 1.97586e+05 
1.13902e-02 8.65800e+01  1.99587e+05 1.99587e+05 
1.14474e-02 8.65800e+01  2.01598e+05 2.01598e+05 
1.15047e-02 8.65800e+01  2.03619e+05 2.03619e+05 
1.15619e-02 8.65800e+01  2.05650e+05 2.05650e+05 
1.16192e-02 8.65800e+01  2.07691e+05 2.07691e+05 
1.16764e-02 8.65800e+01  2.09743e+05 2.09743e+05 
1.17336e-02 8.65800e+01  2.11804e+05 2.11804e+05 
1.17909e-02 8.65800e+01  2.13875e+05 2.13875e+05 
1.18481e-02 8.65800e+01  2.15957e+05 2.15957e+05 
1.19053e-02 8.65800e+01  2.18049e+05 2.18049e+05 
1.19626e-02 8.65800e+01  2.20150e+05 2.20150e+05 
1.20198e-02 8.65800e+01  2.22262e+05 2.22262e+05 
1.20770e-02 8.65800e+01  2.24384e+05 2.24384e+05 
1.21343e-02 8.65800e+01  2.26516e+05 2.26516e+05 
1.21915e-02 8.65800e+01  2.28658e+05 2.28658e+05 
1.22488e-02 8.65800e+01  2.30810e+05 2.30810e+05 
1.23060e-02 8.65800e+01  2.32972e+05 2.32972e+05 
1.23632e-02 8.65800e+01  2.35144e+05 2.35144e+05 
1.24205e-02 8.65800e+01  2.37326e+05 2.37326e+05 
1.24777e-02 8.65800e+01  2.39519e+05 2.39519e+05 
1.25349e-02 8.65800e+01  2.41721e+05 2.41721e+05 
1.25922e-02 8.65800e+01  2.43934e+05 2.43934e+05 
1.26494e-02 8.65800e+01  2.46156e+05 2.46156e+05 
1.27067e-02 8.65800e+01  2.48389e+05 2.48389e+05 
1.27639e-02 8.65800e+01  2.50632e+05 2.50632e+05 
1.28211e-02 8.65800e+01  2.52885e+05 2.52885e+05 
1.28784e-02 8.65800e+01  2.55148e+05 2.55148e+05 
1.29356e-02 8.65800e+01  2.57421e+05 2.57421e+05 
1.29928e-02 8.65800e+01  2.59704e+05 2.59704e+05 
1.30501e-02 8.65800e+01  2.61997e+05 2.61997e+05 
1.31073e-02 8.65800e+01  2.64300e+05 2.64300e+05 
1.31646e-02 8.65800e+01  2.66614e+05 2.66614e+05 
1.32218e-02 8.65800e+01  2.68937e+05 2.68937e+05 
1.32790e-02 8.65800e+01  2.71270e+05 2.71270e+05 
1.33363e-02 8.65800e+01  2.73614e+05 2.73614e+05 
1.33935e-02 8.65800e+01  2.75968e+05 2.75968e+05 
1.34507e-02 8.65800e+01  2.78331e+05 2.78331e+05 
1.35080e-02 8.65800e+01  2.80705e+05 2.80705e+05 
1.35652e-02 8.65800e+01  2.83089e+05 2.83089e+05 
1.36225e-02 8.65800e+01  2.85483e+05 2.85483e+05 
1.36797e-02 8.65800e+01  2.87887e+05 2.87887e+05 
1.37369e-02 8.65800e+01  2.90301e+05 2.90301e+05 
1.37942e-02 8.65800e+01  2.92726e+05 2.92726e+05 
1.38514e-02 8.65800e+01  2.95160e+05 2.95160e+05 
1.39086e-02 8.65800e+01  2.97604e+05 2.97604e+05 
1.39659e-02 8.65800e+01  3.00059e+05 3.00059e+05 
1.40231e-02 8.65800e+01  3.02523e+05 3.02523e+05 
1.40804e-02 8.65800e+01  3.04998e+05 3.04998e+05 
1.41376e-02 8.65800e+01  3.07483e+05 3.07483e+05 
1.41948e-02 8.65800e+01  3.09977e+05 3.09977e+05 
1.42521e-02 8.65800e+01  3.12482e+05 3.12482e+05 
1.43093e-02 8.65800e+01  3.14997e+05 3.14997e+05 
1.43665e-02 8.65800e+01  3.17522e+05 3.17522e+05 
1.44238e-02 8.65800e+01  3.20057e+05 3.20057e+05 
1.44810e-02 8.65800e+01  3.22602e+05 3.22602e+05 
1.45382e-02 8.65800e+01  3.25158e+05 3.25158e+05 
1.45955e-02 8.65800e+01  3.27723e+05 3.27723e+05 
1.46527e-02 8.65800e+01  3.30298e+05 3.30298e+05 
1.47100e-02 8.65800e+01  3.32884e+05 3.32884e+05 
1.47672e-02 8.65800e+01  3.35480e+05 3.35480e+05 
1.48244e-02 8.65800e+01  3.38085e+05 3.38085e+05 
1.48817e-02 8.65800e+01  3.40701e+05 3.40701e+05 
1.49389e-02 8.65800e+01  3.43327e+05 3.43327e+05 
1.49961e-02 8.65800e+01  3.45963e+05 3.45963e+05 
1.50534e-02 8.65800e+01  3.48609e+05 3.48609e+05 
1.51106e-02 8.65800e+01  3.51265e+05 3.51265e+05 
1.51679e-02 8.65800e+01  3.53931e+05 3.53931e+05 
1.52251e-02 8.65800e+01  3.56607e+05 3.56607e+05 
1.52823e-02 8.65800e+01  3.59293e+05 3.59293e+05 
1.53396e-02 8.65800e+01  3.61990e+05 3.61990e+05 
1.53968e-02 8.65800e+01  3.64696e+05 3.64696e+05 
1.54540e-02 8.65800e+01  3.67413e+05 3.67413e+05 
1.55113e-02 8.65800e+01  3.70139e+05 3.70139e+05 
1.55685e-02 8.65800e+01  3.72876e+05 3.72876e+05 
1.56258e-02 8.65800e+01  3.75623e+05 3.75623e+05 
1.56830e-02 8.65800e+01  3.78380e+05 3.78380e+05 
1.57402e-02 8.65800e+01  3.81147e+05 3.81147e+05 
1.57975e-02 8.65800e+01  3.83924e+05 3.83924e+05 
1.58547e-02 8.65800e+01  3.86711e+05 3.86711e+05 
1.59119e-02 8.65800e+01  3.89508e+05 3.89508e+05 
1.59692e-02 8.65800e+01  3.92315e+05 3.92315e+05 
1.60264e-02 8.65800e+01  3.95133e+05 3.95133e+05 
1.60837e-02 8.65800e+01  3.97960e+05 3.97960e+05 
1.61409e-02 8.65800e+01  4.00797e+05 4.00797e+05 
1.61981e-02 8.65800e+01  4.03645e+05 4.03645e+05 
1.62554e-02 8.65800e+01  4.06503e+05 4.06503e+05 
1.63126e-02 8.65800e+01  4.09370e+05 4.09370e+05 
1.63698e-02 8.65800e+01  4.12248e+05 4.12248e+05 
1.64271e-02 8.65800e+01  4.15136e+05 4.15136e+05 
1.64843e-02 8.65800e+01  4.18034e+05 4.18034e+05 
1.65416e-02 8.65800e+01  4.20942e+05 4.20942e+05 
1.65988e-02 8.65800e+01  4.23860e+05 4.23860e+05 
1.66560e-02 8.65800e+01  4.26789e+05 4.26789e+05 
1.67133e-02 8.65800e+01  4.29727e+05 4.29727e+05 
1.67705e-02 8.65800e+01  4.32675e+05 4.32675e+05 
1.68277e-02 8.65800e+01  4.35634e+05 4.35634e+05 
1.68850e-02 8.65800e+01  4.38602e+05 4.38602e+05 
1.69422e-02 8.65800e+01  4.41581e+05 4.41581e+05 
1.69994e-02 8.65800e+01  4.44570e+05 4.44570e+05 
1.70567e-02 8.65800e+01  4.47568e+05 4.47568e+05 
1.71139e-02 8.65800e+01  4.50577e+05 4.50577e+05 
1.71712e-02 8.65800e+01  4.53596e+05 4.53596e+05 
1.72284e-02 8.65800e+01  4.56625e+05 4.56625e+05 
1.72856e-02 8.65800e+01  4.59664e+05 4.59664e+05 
1.73429e-02 8.65800e+01  4.62713e+05 4.62713e+05 
1.74001e-02 8.65800e+01  4.65773e+05 4.65773e+05 
1.74573e-02 8.65800e+01  4.68842e+05 4.68842e+05 
1.75146e-02 8.65800e+01  4.71922e+05 4.71922e+05 
1.75718e-02 8.65800e+01  4.75011e+05 4.75011e+05 
1.76291e-02 8.65800e+01  4.78111e+05 4.78111e+05 
1.76863e-02 8.65800e+01  4.81220e+05 4.81220e+05 
1.77435e-02 8.65800e+01  4.84340e+05 4.84340e+05 
1.78008e-02 8.65800e+01  4.87470e+05 4.87470e+05 
1.78580e-02 8.65800e+01  4.90610e+05 4.90610e+05 
1.79152e-02 8.65800e+01  4.93760e+05 4.93760e+05 
1.79725e-02 8.65800e+01  4.96920e+05 4.96920e+05 
1.80297e-02 8.65800e+01  5.00090e+05 5.00090e+05 
1.80870e-02 8.65800e+01  5.03270e+05 5.03270e+05 
1.81442e-02 8.65800e+01  5.06460e+05 5.06460e+05 
1.82014e-02 8.65800e+01  5.09661e+05 5.09661e+05 
1.82587e-02 8.65800e+01  5.12871e+05 5.12871e+05 
1.83159e-02 8.65800e+01  5.16092e+05 5.16092e+05 
1.83731e-02 8.65800e+01  5.19322e+05 5.19322e+05 
1.84304e-02 8.65800e+01  5.22563e+05 5.22563e+05 
1.84876e-02 8.65800e+01  5.25814e+05 5.25814e+05 
1.85449e-02 8.65800e+01  5.29075e+05 5.29075e+05 
1.86021e-02 8.65800e+01  5.32346e+05 5.32346e+05 
1.86593e-02 8.65800e+01  5.35627e+05 5.35627e+05 
1.87166e-02 8.65800e+01  5.38918e+05 5.38918e+05 
1.87738e-02 8.65800e+01  5.42219e+05 5.42219e+05 
1.88310e-02 8.65800e+01  5.45530e+05 5.45530e+05 
1.88883e-02 8.65800e+01  5.48852e+05 5.48852e+05 
1.89455e-02 8.65800e+01  5.52183e+05 5.52183e+05 
1.90028e-02 8.65800e+01  5.55525e+05 5.55525e+05 
1.90600e-02 8.65800e+01  5.58876e+05 5.58876e+05 
1.91172e-02 8.65800e+01  5.62238e+05 5.62238e+05 
1.91745e-02 8.65800e+01  5.65609e+05 5.65609e+05 
1.92317e-02 8.65800e+01  5.68991e+05 5.68991e+05 
1.92889e-02 8.65800e+01  5.72383e+05 5.72383e+05 
1.93462e-02 8.65800e+01  5.75785e+05 5.75785e+05 
1.94034e-02 8.65800e+01  5.79197e+05 5.79197e+05 
1.94606e-02 8.65800e+01  5.82619e+05 5.82619e+05 
1.95179e-02 8.65800e+01  5.86052e+05 5.86052e+05 
1.95751e-02 8.65800e+01  5.89494e+05 5.89494e+05 
1.96324e-02 8.65800e+01  5.92946e+05 5.92946e+05 
1.96896e-02 8.65800e+01  5.96409e+05 5.96409e+05 
1.97468e-02 8.65800e+01  5.99881e+05 5.99881e+05 
1.98041e-02 8.65800e+01  6.03364e+05 6.03364e+05 
1.98613e-02 8.65800e+01  6.06857e+05 6.06857e+05 
1.99185e-02 8.65800e+01  6.10359e+05 6.10359e+05 
1.99758e-02 8.65800e+01  6.13872e+05 6.13872e+05 
2.00330e-02 8.65800e+01  6.17395e+05 6.17395e+05 
2.00903e-02 8.65800e+01  6.20928e+05 6.20928e+05 
2.01475e-02 8.65800e+01  6.24471e+05 6.24471e+05 
2.02047e-02 8.65800e+01  6.28025e+05 6.28025e+05 
2.02620e-02 8.65800e+01  6.31588e+05 6.31588e+05 
2.03192e-02 8.65800e+01  6.35161e+05 6.35161e+05 
2.03764e-02 8.65800e+01  6.38745e+05 6.38745e+05 
2.04337e-02 8.65800e+01  6.42338e+05 6.42338e+05 
2.04909e-02 8.65800e+01  6.45942e+05 6.45942e+05 
2.05482e-02 8.65800e+01  6.49555e+05 6.49555e+05 
2.06054e-02 8.65800e+01  6.53179e+05 6.53179e+05 
2.06626e-02 8.65800e+01  6.56813e+05 6.56813e+05 
2.07199e-02 8.65800e+01  6.60457e+05 6.60457e+05 
2.07771e-02 8.65800e+01  6.64111e+05 6.64111e+05 
2.08343e-02 8.65800e+01  6.67775e+05 6.67775e+05 
2.08916e-02 8.65800e+01  6.71449e+05 6.71449e+05 
2.09488e-02 8.65800e+01  6.75133e+05 6.75133e+05 
2.10061e-02 8.65800e+01  6.78827e+05 6.78827e+05 
2.10633e-02 8.65800e+01  6.82532e+05 6.82532e+05 
2.11205e-02 8.65800e+01  6.86246e+05 6.86246e+05 
2.11778e-02 8.65800e+01  6.89971e+05 6.89971e+05 
2.12350e-02 8.65800e+01  6.93705e+05 6.93705e+05 
2.12922e-02 8.65800e+01  6.97450e+05 6.97450e+05 
2.13495e-02 8.65800e+01  7.01205e+05 7.01205e+05 
2.14067e-02 8.65800e+01  7.04970e+05 7.04970e+05 
2.14640e-02 8.65800e+01  7.08745e+05 7.08745e+05 
2.15212e-02 8.65800e+01  7.12530e+05 7.12530e+05 
2.15784e-02 8.65800e+01  7.16325e+05 7.16325e+05 
2.16357e-02 8.65800e+01  7.20130e+05 7.20130e+05 
2.16929e-02 8.65800e+01  7.23945e+05 7.23945e+05 
2.17501e-02 8.65800e+01  7.27771e+05 7.27771e+05 
2.18074e-02 8.65800e+01  7.31606e+05 7.31606e+05 
2.18646e-02 8.65800e+01  7.35452e+05 7.35452e+05 
2.19218e-02 8.65800e+01  7.39307e+05 7.39307e+05 
2.19791e-02 8.65800e+01  7.43173e+05 7.43173e+05 
2.20363e-02 8.65800e+01  7.47049e+05 7.47049e+05 
2.20936e-02 8.65800e+01  7.50934e+05 7.50934e+05 
2.21508e-02 8.65800e+01  7.54830e+05 7.54830e+05 
2.22080e-02 8.65800e+01  7.58736e+05 7.58736e+05 
2.22653e-02 8.65800e+01  7.62652e+05 7.62652e+05 
2.23225e-02 8.65800e+01  7.66579e+05 7.66579e+05 
2.23797e-02 8.65800e+01  7.70515e+05 7.70515e+05 
2.24370e-02 8.65800e+01  7.74461e+05 7.74461e+05 
2.24942e-02 8.65800e+01  7.78417e+05 7.78417e+05 
2.25515e-02 8.65800e+01  7.82384e+05 7.82384e+05 
2.26087e-02 8.65800e+01  7.86360e+05 7.86360e+05 
2.26659e-02 8.65800e+01  7.90347e+05 7.90347e+05 
2.27232e-02 8.65800e+01  7.94344e+05 7.94344e+05 
2.27804e-02 8.65800e+01  7.98351e+05 7.98351e+05 
2.28376e-02 8.65800e+01  8.02367e+05 8.02367e+05 
2.28949e-02 8.65800e+01  8.06394e+05 8.06394e+05 
2.29521e-02 8.65800e+01  8.10431e+05 8.10431e+05 
2.30094e-02 8.65800e+01  8.14478e+05 8.14478e+05 
2.30666e-02 8.65800e+01  8.18536e+05 8.18536e+05 
2.31238e-02 8.65800e+01  8.22603e+05 8.22603e+05 
2.31811e-02 8.65800e+01  8.26680e+05 8.26680e+05 
2.32383e-02 8.65800e+01  8.30768e+05 8.30768e+05 
2.32955e-02 8.65800e+01  8.34865e+05 8.34865e+05 
2.33528e-02 8.65800e+01  8.38973e+05 8.38973e+05 
2.34100e-02 8.65800e+01  8.43090e+05 8.43090e+05 
2.34673e-02 8.65800e+01  8.47218e+05 8.47218e+05 
2.35245e-02 8.65800e+01  8.51356e+05 8.51356e+05 
2.35817e-02 8.65800e+01  8.55504e+05 8.55504e+05 
2.36390e-02 8.65800e+01  8.59662e+05 8.59662e+05 
2.36962e-02 8.65800e+01  8.63830e+05 8.63830e+05 
2.37534e-02 8.65800e+01  8.68008e+05 8.68008e+05 
2.38107e-02 8.65800e+01  8.72196e+05 8.72196e+05 
2.38679e-02 8.65800e+01  8.76395e+05 8.76395e+05 
2.39252e-02 8.65800e+01  8.80603e+05 8.80603e+05 
2.39824e-02 8.65800e+01  8.84822e+05 8.84822e+05 
2.40396e-02 8.65800e+01  8.89050e+05 8.89050e+05 
2.40969e-02 8.65800e+01  8.93289e+05 8.93289e+05 
2.41541e-02 8.65800e+01  8.97537e+05 8.97537e+05 
2.42113e-02 8.65800e+01  9.01796e+05 9.01796e+05 
2.42686e-02 8.65800e+01  9.06065e+05 9.06065e+05 
2.43258e-02 8.65800e+01  9.10344e+05 9.10344e+05 
2.43830e-02 8.65800e+01  9.14633e+05 9.14633e+05 
2.44403e-02 8.65800e+01  9.18932e+05 9.18932e+05 
2.44975e-02 8.65800e+01  9.23241e+05 9.23241e+05 
2.45548e-02 8.65800e+01  9.27561e+05 9.27561e+05 
2.46120e-02 8.65800e+01  9.31890e+05 9.31890e+05 
2.46692e-02 8.65800e+01  9.36229e+05 9.36229e+05 
2.47265e-02 8.65800e+01  9.40579e+05 9.40579e+05 
2.47837e-02 8.65800e+01  9.44938e+05 9.44938e+05 
2.48409e-02 8.65800e+01  9.49308e+05 9.49308e+05 
2.48982e-02 8.65800e+01  9.53688e+05 9.53688e+05 
2.49554e-02 8.65800e+01  9.58078e+05 9.58078e+05 
2.50127e-02 8.65800e+01  9.62478e+05 9.62478e+05 
2.50699e-02 8.65800e+01  9.66888e+05 9.66888e+05 
2.51271e-02 8.65800e+01  9.71308e+05 9.71308e+05 
2.51844e-02 8.65800e+01  9.75738e+05 9.75738e+05 
2.52416e-02 8.65800e+01  9.80178e+05 9.80178e+05 
2.52988e-02 8.65800e+01  9.84628e+05 9.84628e+05 
2.53561e-02 8.65800e+01  9.89089e+05 9.89089e+05 
2.54133e-02 8.65800e+01  9.93559e+05 9.93559e+05 
2.54706e-02 8.65800e+01  9.98040e+05 9.98040e+05 
2.55278e-02 8.65800e+01  1.00253e+06 1.00253e+06 
2.55850e-02 8.65800e+01  1.00703e+06 1.00703e+06 
2.56423e-02 8.65800e+01  1.01154e+06 1.01154e+06 
2.56995e-02 8.65800e+01  1.01606e+06 1.01606e+06 
2.57567e-02 8.65800e+01  1.02059e+06 1.02059e+06 
2.58140e-02 8.65800e+01  1.02513e+06 1.02513e+06 
2.58712e-02 8.65800e+01  1.02969e+06 1.02969e+06 
2.59285e-02 8.65800e+01  1.03425e+06 1.03425e+06 
2.59857e-02 8.65800e+01  1.03882e+06 1.03882e+06 
2.60429e-02 8.65800e+01  1.04340e+06 1.04340e+06 
2.61002e-02 8.65800e+01  1.04799e+06 1.04799e+06 
2.61574e-02 8.65800e+01  1.05259e+06 1.05259e+06 
2.62146e-02 8.65800e+01  1.05720e+06 1.05720e+06 
2.62719e-02 8.65800e+01  1.06183e+06 1.06183e+06 
2.63291e-02 8.65800e+01  1.06646e+06 1.06646e+06 
2.63864e-02 8.65800e+01  1.07110e+06 1.07110e+06 
2.64436e-02 8.65800e+01  1.07575e+06 1.07575e+06 
2.65008e-02 8.65800e+01  1.08041e+06 1.08041e+06 
2.65581e-02 8.65800e+01  1.08509e+06 1.08509e+06 
2.66153e-02 8.65800e+01  1.08977e+06 1.08977e+06 
2.66725e-02 8.65800e+01  1.09446e+06 1.09446e+06 
2.67298e-02 8.65800e+01  1.09916e+06 1.09916e+06 
2.67870e-02 8.65800e+01  1.10387e+06 1.10387e+06 
2.68442e-02 8.65800e+01  1.10860e+06 1.10860e+06 
2.69015e-02 8.65800e+01  1.11333e+06 1.11333e+06 
2.69587e-02 8.65800e+01  1.11807e+06 1.11807e+06 
2.70160e-02 8.65800e+01  1.12282e+06 1.12282e+06 
2.70732e-02 8.65800e+01  1.12759e+06 1.12759e+06 
2.71304e-02 8.65800e+01  1.13236e+06 1.13236e+06 
2.71877e-02 8.65800e+01  1.13714e+06 1.13714e+06 
2.72449e-02 8.65800e+01  1.14194e+06 1.14194e+06 
2.73021e-02 8.65800e+01  1.14674e+06 1.14674e+06 
2.73594e-02 8.65800e+01  1.15155e+06 1.15155e+06 
2.74166e-02 8.65800e+01  1.15638e+06 1.15638e+06 
2.74739e-02 8.65800e+01  1.16121e+06 1.16121e+06 
2.75311e-02 8.65800e+01  1.16605e+06 1.16605e+06 
2.75883e-02 8.65800e+01  1.17091e+06 1.17091e+06 
2.76456e-02 8.65800e+01  1.17577e+06 1.17577e+06 
2.77028e-02 8.65800e+01  1.18064e+06 1.18064e+06 
2.77600e-02 8.65800e+01  1.18553e+06 1.18553e+06 
2.78173e-02 8.65800e+01  1.19042e+06 1.19042e+06 
2.78745e-02 8.65800e+01  1.19533e+06 1.19533e+06 
2.79318e-02 8.65800e+01  1.20024e+06 1.20024e+06 
2.79890e-02 8.65800e+01  1.20516e+06 1.20516e+06 
2.80462e-02 8.65800e+01  1.21010e+06 1.21010e+06 
2.81035e-02 8.65800e+01  1.21504e+06 1.21504e+06 
2.81607e-02 8.65800e+01  1.22000e+06 1.22000e+06 
2.82179e-02 8.65800e+01  1.22496e+06 1.22496e+06 
2.82752e-02 8.65800e+01  1.22993e+06 1.22993e+06 
2.83324e-02 8.65800e+01  1.23492e+06 1.23492e+06 
2.83897e-02 8.65800e+01  1.23991e+06 1.23991e+06 
2.84469e-02 8.65800e+01  1.24492e+06 1.24492e+06 
2.85041e-02 8.65800e+01  1.24993e+06 1.24993e+06 
2.85614e-02 8.65800e+01  1.25496e+06 1.25496e+06 
2.86186e-02 8.65800e+01  1.25999e+06 1.25999e+06 
2.86758e-02 8.65800e+01  1.26504e+06 1.26504e+06 
2.87331e-02 8.65800e+01  1.27009e+06 1.27009e+06 
2.87903e-02 8.65800e+01  1.27516e+06 1.27516e+06 
2.88476e-02 8.65800e+01  1.28023e+06 1.28023e+06 
2.89048e-02 8.65800e+01  1.28532e+06 1.28532e+06 
2.89620e-02 8.65800e+01  1.29041e+06 1.29041e+06 
2.90193e-02 8.65800e+01  1.29552e+06 1.29552e+06 
2.90765e-02 8.65800e+01  1.30064e+06 1.30064e+06 
2.91337e-02 8.65800e+01  1.30576e+06 1.30576e+06 
2.91910e-02 8.65800e+01  1.31090e+06 1.31090e+06 
2.92482e-02 8.65800e+01  1.31604e+06 1.31604e+06 
2.93054e-02 8.65800e+01  1.32120e+06 1.32120e+06 
2.93627e-02 8.65800e+01  1.32637e+06 1.32637e+06 
2.94199e-02 8.65800e+01  1.33154e+06 1.33154e+06 
2.94772e-02 8.65800e+01  1.33673e+06 1.33673e+06 
2.95344e-02 8.65800e+01  1.34192e+06 1.34192e+06 
2.95916e-02 8.65800e+01  1.34713e+06 1.34713e+06 
2.96489e-02 8.65800e+01  1.35235e+06 1.35235e+06 
2.97061e-02 8.65800e+01  1.35757e+06 1.35757e+06 
2.97633e-02 8.65800e+01  1.36281e+06 1.36281e+06 
2.98206e-02 8.65800e+01  1.36806e+06 1.36806e+06 
2.98778e-02 8.65800e+01  1.37331e+06 1.37331e+06 
2.99351e-02 8.65800e+01  1.37858e+06 1.37858e+06 
2.99923e-02 8.65800e+01  1.38386e+06 1.38386e+06 
3.00495e-02 8.65800e+01  1.38914e+06 1.38914e+06 
3.01068e-02 8.65800e+01  1.39444e+06 1.39444e+06 
3.01640e-02 8.65800e+01  1.39975e+06 1.39975e+06 
3.02212e-02 8.65800e+01  1.40506e+06 1.40506e+06 
3.02785e-02 8.65800e+01  1.41039e+06 1.41039e+06 
3.03357e-02 8.65800e+01  1.41573e+06 1.41573e+06 
3.03930e-02 8.65800e+01  1.42108e+06 1.42108e+06 
3.04502e-02 8.65800e+01  1.42643e+06 1.42643e+06 
3.05074e-02 8.65800e+01  1.43180e+06 1.43180e+06 
3.05647e-02 8.65800e+01  1.43718e+06 1.43718e+06 
3.06219e-02 8.65800e+01  1.44257e+06 1.44257e+06 
3.06791e-02 8.65800e+01  1.44797e+06 1.44797e+06 
3.07364e-02 8.65800e+01  1.45337e+06 1.45337e+06 
3.07936e-02 8.65800e+01  1.45879e+06 1.45879e+06 
3.08509e-02 8.65800e+01  1.46422e+06 1.46422e+06 
3.09081e-02 8.65800e+01  1.46966e+06 1.46966e+06 
3.09653e-02 8.65800e+01  1.47511e+06 1.47511e+06 
3.10226e-02 8.65800e+01  1.48056e+06 1.48056e+06 
3.10798e-02 8.65800e+01  1.48603e+06 1.48603e+06 
3.11370e-02 8.65800e+01  1.49151e+06 1.49151e+06 
3.11943e-02 8.65800e+01  1.49700e+06 1.49700e+06 
3.12515e-02 8.65800e+01  1.50250e+06 1.50250e+06 
3.13088e-02 8.65800e+01  1.50801e+06 1.50801e+06 
3.13660e-02 8.65800e+01  1.51353e+06 1.51353e+06 
3.14232e-02 8.65800e+01  1.51905e+06 1.51905e+06 
3.14805e-02 8.65800e+01  1.52459e+06 1.52459e+06 
3.15377e-02 8.65800e+01  1.53014e+06 1.53014e+06 
3.15949e-02 8.65800e+01  1.53570e+06 1.53570e+06 
3.16522e-02 8.65800e+01  1.54127e+06 1.54127e+06 
3.17094e-02 8.65800e+01  1.54685e+06 1.54685e+06 
3.17666e-02 8.65800e+01  1.55244e+06 1.55244e+06 
3.18239e-02 8.65800e+01  1.55804e+06 1.55804e+06 
3.18811e-02 8.65800e+01  1.56365e+06 1.56365e+06 
3.19384e-02 8.65800e+01  1.56927e+06 1.56927e+06 
3.19956e-02 8.65800e+01  1.57490e+06 1.57490e+06 
3.20528e-02 8.65800e+01  1.58054e+06 1.58054e+06 
3.21101e-02 8.65800e+01  1.58619e+06 1.58619e+06 
3.21673e-02 8.65800e+01  1.59185e+06 1.59185e+06 
3.22245e-02 8.65800e+01  1.59752e+06 1.59752e+06 
3.22818e-02 8.65800e+01  1.60320e+06 1.60320e+06 
3.23390e-02 8.65800e+01  1.60889e+06 1.60889e+06 
3.23963e-02 8.65800e+01  1.61459e+06 1.61459e+06 
3.24535e-02 8.65800e+01  1.62030e+06 1.62030e+06 
3.25107e-02 8.65800e+01  1.62602e+06 1.62602e+06 
3.25680e-02 8.65800e+01  1.63175e+06 1.63175e+06 
3.26252e-02 8.65800e+01  1.63749e+06 1.63749e+06 
3.26824e-02 8.65800e+01  1.64324e+06 1.64324e+06 
3.27397e-02 8.65800e+01  1.64900e+06 1.64900e+06 
3.27969e-02 8.65800e+01  1.65477e+06 1.65477e+06 
3.28542e-02 8.65800e+01  1.66055e+06 1.66055e+06 
3.29114e-02 8.65800e+01  1.66634e+06 1.66634e+06 
3.29686e-02 8.65800e+01  1.67215e+06 1.67215e+06 
3.30259e-02 8.65800e+01  1.67796e+06 1.67796e+06 
3.30831e-02 8.65800e+01  1.68378e+06 1.68378e+06 
3.31403e-02 8.65800e+01  1.68961e+06 1.68961e+06 
3.31976e-02 8.65800e+01  1.69545e+06 1.69545e+06 
3.32548e-02 8.65800e+01  1.70130e+06 1.70130e+06 
3.33121e-02 8.65800e+01  1.70716e+06 1.70716e+06 
3.33693e-02 8.65800e+01  1.71303e+06 1.71303e+06 
3.34265e-02 8.65800e+01  1.71892e+06 1.71892e+06 
3.34838e-02 8.65800e+01  1.72481e+06 1.72481e+06 
3.35410e-02 8.65800e+01  1.73071e+06 1.73071e+06 
3.35982e-02 8.65800e+01  1.73662e+06 1.73662e+06 
3.36555e-02 8.65800e+01  1.74254e+06 1.74254e+06 
3.37127e-02 8.65800e+01  1.74848e+06 1.74848e+06 
3.37699e-02 8.65800e+01  1.75442e+06 1.75442e+06 
3.38272e-02 8.65800e+01  1.76037e+06 1.76037e+06 
3.38844e-02 8.65800e+01  1.76633e+06 1.76633e+06 
3.39417e-02 8.65800e+01  1.77231e+06 1.77231e+06 
3.39989e-02 8.65800e+01  1.77829e+06 1.77829e+06 
3.40561e-02 8.65800e+01  1.78428e+06 1.78428e+06 
3.41134e-02 8.65800e+01  1.79028e+06 1.79028e+06 
3.41706e-02 8.65800e+01  1.79630e+06 1.79630e+06 
3.42278e-02 8.65800e+01  1.80232e+06 1.80232e+06 
3.42851e-02 8.65800e+01  1.80835e+06 1.80835e+06 
3.43423e-02 8.65800e+01  1.81439e+06 1.81439e+06 
3.43996e-02 8.65800e+01  1.82045e+06 1.82045e+06 
3.44568e-02 8.65800e+01  1.82651e+06 1.82651e+06 
3.45140e-02 8.65800e+01  1.83258e+06 1.83258e+06 
3.45713e-02 8.65800e+01  1.83867e+06 1.83867e+06 
3.46285e-02 8.65800e+01  1.84476e+06 1.84476e+06 
3.46857e-02 8.65800e+01  1.85086e+06 1.85086e+06 
3.47430e-02 8.65800e+01  1.85698e+06 1.85698e+06 
3.48002e-02 8.65800e+01  1.86310e+06 1.86310e+06 
3.48575e-02 8.65800e+01  1.86924e+06 1.86924e+06 
3.49147e-02 8.65800e+01  1.87538e+06 1.87538e+06 
3.49719e-02 8.65800e+01  1.88153e+06 1.88153e+06 
3.50292e-02 8.65800e+01  1.88770e+06 1.88770e+06 
3.50864e-02 8.65800e+01  1.89387e+06 1.89387e+06 
3.51436e-02 8.65800e+01  1.90005e+06 1.90005e+06 
3.52009e-02 8.65800e+01  1.90625e+06 1.90625e+06 
3.52581e-02 8.65800e+01  1.91245e+06 1.91245e+06 
3.53154e-02 8.65800e+01  1.91867e+06 1.91867e+06 
3.53726e-02 8.65800e+01  1.92489e+06 1.92489e+06 
3.54298e-02 8.65800e+01  1.93113e+06 1.93113e+06 
3.54871e-02 8.65800e+01  1.93737e+06 1.93737e+06 
3.55443e-02 8.65800e+01  1.94363e+06 1.94363e+06 
3.56015e-02 8.65800e+01  1.94989e+06 1.94989e+06 
3.56588e-02 8.65800e+01  1.95617e+06 1.95617e+06 
3.57160e-02 8.65800e+01  1.96245e+06 1.96245e+06 
3.57733e-02 8.65800e+01  1.96875e+06 1.96875e+06 
3.58305e-02 8.65800e+01  1.97505e+06 1.97505e+06 
3.58877e-02 8.65800e+01  1.98137e+06 1.98137e+06 
3.59450e-02 8.65800e+01  1.98769e+06 1.98769e+06 
3.60022e-02 8.65800e+01  1.99403e+06 1.99403e+06 
3.60594e-02 8.65800e+01  2.00037e+06 2.00037e+06 
3.61167e-02 8.65800e+01  2.00673e+06 2.00673e+06 
3.61739e-02 8.65800e+01  2.01309e+06 2.01309e+06 
3.62311e-02 8.65800e+01  2.01947e+06 2.01947e+06 
3.62884e-02 8.65800e+01  2.02585e+06 2.02585e+06 
3.63456e-02 8.65800e+01  2.03225e+06 2.03225e+06 
3.64029e-02 8.65800e+01  2.03866e+06 2.03866e+06 
3.64601e-02 8.65800e+01  2.04507e+06 2.04507e+06 
3.65173e-02 8.65800e+01  2.05150e+06 2.05150e+06 
3.65746e-02 8.65800e+01  2.05793e+06 2.05793e+06 
3.66318e-02 8.65800e+01  2.06438e+06 2.06438e+06 
3.66890e-02 8.65800e+01  2.07084e+06 2.07084e+06 
3.67463e-02 8.65800e+01  2.07730e+06 2.07730e+06 
3.68035e-02 8.65800e+01  2.08378e+06 2.08378e+06 
3.68608e-02 8.65800e+01  2.09027e+06 2.09027e+06 
3.69180e-02 8.65800e+01  2.09676e+06 2.09676e+06 
3.69752e-02 8.65800e+01  2.10327e+06 2.10327e+06 
3.70325e-02 8.65800e+01  2.10979e+06 2.10979e+06 
3.70897e-02 8.65800e+01  2.11631e+06 2.11631e+06 
3.71469e-02 8.65800e+01  2.12285e+06 2.12285e+06 
3.72042e-02 8.65800e+01  2.12940e+06 2.12940e+06 
3.72614e-02 8.65800e+01  2.13595e+06 2.13595e+06 
3.73187e-02 8.65800e+01  2.14252e+06 2.14252e+06 
3.73759e-02 8.65800e+01  2.14910e+06 2.14910e+06 
3.74331e-02 8.65800e+01  2.15569e+06 2.15569e+06 
3.74904e-02 8.65800e+01  2.16228e+06 2.16228e+06 
3.75476e-02 8.65800e+01  2.16889e+06 2.16889e+06 
3.76048e-02 8.65800e+01  2.17551e+06 2.17551e+06 
3.76621e-02 8.65800e+01  2.18214e+06 2.18214e+06 
3.77193e-02 8.65800e+01  2.18877e+06 2.18877e+06 
3.77766e-02 8.65800e+01  2.19542e+06 2.19542e+06 
3.78338e-02 8.65800e+01  2.20208e+06 2.20208e+06 
3.78910e-02 8.65800e+01  2.20875e+06 2.20875e+06 
3.79483e-02 8.65800e+01  2.21542e+06 2.21542e+06 
3.80055e-02 8.65800e+01  2.22211e+06 2.22211e+06 
3.80627e-02 8.65800e+01  2.22881e+06 2.22881e+06 
3.81200e-02 8.65800e+01  2.23552e+06 2.23552e+06 
3.81772e-02 8.65800e+01  2.24224e+06 2.24224e+06 
3.82345e-02 8.65800e+01  2.24897e+06 2.24897e+06 
3.82917e-02 8.65800e+01  2.25570e+06 2.25570e+06 
3.83489e-02 8.65800e+01  2.26245e+06 2.26245e+06 
3.84062e-02 8.65800e+01  2.26921e+06 2.26921e+06 
3.84634e-02 8.65800e+01  2.27598e+06 2.27598e+06 
3.85206e-02 8.65800e+01  2.28276e+06 2.28276e+06 
3.85779e-02 8.65800e+01  2.28955e+06 2.28955e+06 
3.86351e-02 8.65800e+01  2.29635e+06 2.29635e+06 
3.86923e-02 8.65800e+01  2.30316e+06 2.30316e+06 
3.87496e-02 8.65800e+01  2.30998e+06 2.30998e+06 
3.88068e-02 8.65800e+01  2.31681e+06 2.31681e+06 
3.88641e-02 8.65800e+01  2.32364e+06 2.32364e+06 
3.89213e-02 8.65800e+01  2.33049e+06 2.33049e+06 
3.89785e-02 8.65800e+01  2.33735e+06 2.33735e+06 
3.90358e-02 8.65800e+01  2.34422e+06 2.34422e+06 
3.90930e-02 8.65800e+01  2.35110e+06 2.35110e+06 
3.91502e-02 8.65800e+01  2.35799e+06 2.35799e+06 
3.92075e-02 8.65800e+01  2.36489e+06 2.36489e+06 
3.92647e-02 8.65800e+01  2.37180e+06 2.37180e+06 
3.93220e-02 8.65800e+01  2.37872e+06 2.37872e+06 
3.93792e-02 8.65800e+01  2.38565e+06 2.38565e+06 
3.94364e-02 8.65800e+01  2.39259e+06 2.39259e+06 
3.94937e-02 8.65800e+01  2.39954e+06 2.39954e+06 
3.95509e-02 8.65800e+01  2.40650e+06 2.40650e+06 
3.96081e-02 8.65800e+01  2.41347e+06 2.41347e+06 
3.96654e-02 8.65800e+01  2.42045e+06 2.42045e+06 
3.97226e-02 8.65800e+01  2.42744e+06 2.42744e+06 
3.97799e-02 8.65800e+01  2.43445e+06 2.43445e+06 
3.98371e-02 8.65800e+01  2.44146e+06 2.44146e+06 
3.98943e-02 8.65800e+01  2.44848e+06 2.44848e+06 
3.99516e-02 8.65800e+01  2.45551e+06 2.45551e+06 
4.00088e-02 8.65800e+01  2.46255e+06 2.46255e+06 
4.00660e-02 8.65800e+01  2.46960e+06 2.46960e+06 
4.01233e-02 8.65800e+01  2.47666e+06 2.47666e+06 
4.01805e-02 8.65800e+01  2.48373e+06 2.48373e+06 
4.02378e-02 8.65800e+01  2.49081e+06 2.49081e+06 
4.02950e-02 8.65800e+01  2.49790e+06 2.49790e+06 
4.03522e-02 8.65800e+01  2.50501e+06 2.50501e+06 
4.04095e-02 8.65800e+01  2.51212e+06 2.51212e+06 
4.04667e-02 8.65800e+01  2.51924e+06 2.51924e+06 
4.05239e-02 8.65800e+01  2.52637e+06 2.52637e+06 
4.05812e-02 8.65800e+01  2.53351e+06 2.53351e+06 
4.06384e-02 8.65800e+01  2.54066e+06 2.54066e+06 
4.06957e-02 8.65800e+01  2.54783e+06 2.54783e+06 
4.07529e-02 8.65800e+01  2.55500e+06 2.55500e+06 
4.08101e-02 8.65800e+01  2.56218e+06 2.56218e+06 
4.08674e-02 8.65800e+01  2.56937e+06 2.56937e+06 
4.09246e-02 8.65800e+01  2.57657e+06 2.57657e+06 
4.09818e-02 8.65800e+01  2.58379e+06 2.58379e+06 
4.10391e-02 8.65800e+01  2.59101e+06 2.59101e+06 
4.10963e-02 8.65800e+01  2.59824e+06 2.59824e+06 
4.11535e-02 8.65800e+01  2.60548e+06 2.60548e+06 
4.12108e-02 8.65800e+01  2.61274e+06 2.61274e+06 
4.12680e-02 8.65800e+01  2.62000e+06 2.62000e+06 
4.13253e-02 8.65800e+01  2.62727e+06 2.62727e+06 
4.13825e-02 8.65800e+01  2.63456e+06 2.63456e+06 
4.14397e-02 8.65800e+01  2.64185e+06 2.64185e+06 
4.14970e-02 8.65800e+01  2.64915e+06 2.64915e+06 
4.15542e-02 8.65800e+01  2.65646e+06 2.65646e+06 
4.16114e-02 8.65800e+01  2.66379e+06 2.66379e+06 
4.16687e-02 8.65800e+01  2.67112e+06 2.67112e+06 
4.17259e-02 8.65800e+01  2.67846e+06 2.67846e+06 
4.17832e-02 8.65800e+01  2.68582e+06 2.68582e+06 
4.18404e-02 8.65800e+01  2.69318e+06 2.69318e+06 
4.18976e-02 8.65800e+01  2.70055e+06 2.70055e+06 
4.19549e-02 8.65800e+01  2.70794e+06 2.70794e+06 
4.20121e-02 8.65800e+01  2.71533e+06 2.71533e+06 
4.20693e-02 8.65800e+01  2.72274e+06 2.72274e+06 
4.21266e-02 8.65800e+01  2.73015e+06 2.73015e+06 
4.21838e-02 8.65800e+01  2.73757e+06 2.73757e+06 
4.22411e-02 8.65800e+01  2.74501e+06 2.74501e+06 
4.22983e-02 8.65800e+01  2.75245e+06 2.75245e+06 
4.23555e-02 8.65800e+01  2.75991e+06 2.75991e+06 
4.24128e-02 8.65800e+01  2.76737e+06 2.76737e+06 
4.24700e-02 8.65800e+01  2.77485e+06 2.77485e+06 
4.25272e-02 8.65800e+01  2.78233e+06 2.78233e+06 
4.25845e-02 8.65800e+01  2.78982e+06 2.78982e+06 
4.26417e-02 8.65800e+01  2.79733e+06 2.79733e+06 
4.26990e-02 8.65800e+01  2.80484e+06 2.80484e+06 
4.27562e-02 8.65800e+01  2.81237e+06 2.81237e+06 
4.28134e-02 8.65800e+01  2.81990e+06 2.81990e+06 
4.28707e-02 8.65800e+01  2.82745e+06 2.82745e+06 
4.29279e-02 8.65800e+01  2.83500e+06 2.83500e+06 
4.29851e-02 8.65800e+01  2.84257e+06 2.84257e+06 
4.30424e-02 8.65800e+01  2.85014e+06 2.85014e+06 
4.30996e-02 8.65800e+01  2.85773e+06 2.85773e+06 
4.31569e-02 8.65800e+01  2.86532e+06 2.86532e+06 
4.32141e-02 8.65800e+01  2.87293e+06 2.87293e+06 
4.32713e-02 8.65800e+01  2.88055e+06 2.88055e+06 
4.33286e-02 8.65800e+01  2.88817e+06 2.88817e+06 
4.33858e-02 8.65800e+01  2.89581e+06 2.89581e+06 
4.34430e-02 8.65800e+01  2.90345e+06 2.90345e+06 
4.35003e-02 8.65800e+01  2.91111e+06 2.91111e+06 
4.35575e-02 8.65800e+01  2.91877e+06 2.91877e+06 
4.36147e-02 8.65800e+01  2.92645e+06 2.92645e+06 
4.36720e-02 8.65800e+01  2.93414e+06 2.93414e+06 
4.37292e-02 8.65800e+01  2.94183e+06 2.94183e+06 
4.37865e-02 8.65800e+01  2.94954e+06 2.94954e+06 
4.38437e-02 8.65800e+01  2.95726e+06 2.95726e+06 
4.39009e-02 8.65800e+01  2.96498e+06 2.96498e+06 
4.39582e-02 8.65800e+01  2.97272e+06 2.97272e+06 
4.40154e-02 8.65800e+01  2.98046e+06 2.98046e+06 
4.40726e-02 8.65800e+01  2.98822e+06 2.98822e+06 
4.41299e-02 8.65800e+01  2.99599e+06 2.99599e+06 
4.41871e-02 8.65800e+01  3.00377e+06 3.00377e+06 
4.42444e-02 8.65800e+01  3.01155e+06 3.01155e+06 
4.43016e-02 8.65800e+01  3.01935e+06 3.01935e+06 
4.43588e-02 8.65800e+01  3.02716e+06 3.02716e+06 
4.44161e-02 8.65800e+01  3.03497e+06 3.03497e+06 
4.44733e-02 8.65800e+01  3.04280e+06 3.04280e+06 
4.45305e-02 8.65800e+01  3.05064e+06 3.05064e+06 
4.45878e-02 8.65800e+01  3.05849e+06 3.05849e+06 
4.46450e-02 8.65800e+01  3.06634e+06 3.06634e+06 
4.47023e-02 8.65800e+01  3.07421e+06 3.07421e+06 
4.47595e-02 8.65800e+01  3.08209e+06 3.08209e+06 
4.48167e-02 8.65800e+01  3.08998e+06 3.08998e+06 
4.48740e-02 8.65800e+01  3.09787e+06 3.09787e+06 
4.49312e-02 8.65800e+01  3.10578e+06 3.10578e+06 
4.49884e-02 8.65800e+01  3.11370e+06 3.11370e+06 
4.50457e-02 8.65800e+01  3.12163e+06 3.12163e+06 
4.51029e-02 8.65800e+01  3.12957e+06 3.12957e+06 
4.51602e-02 8.65800e+01  3.13751e+06 3.13751e+06 
4.52174e-02 8.65800e+01  3.14547e+06 3.14547e+06 
4.52746e-02 8.65800e+01  3.15344e+06 3.15344e+06 
4.53319e-02 8.65800e+01  3.16142e+06 3.16142e+06 
4.53891e-02 8.65800e+01  3.16941e+06 3.16941e+06 
4.54463e-02 8.65800e+01  3.17741e+06 3.17741e+06 
4.55036e-02 8.65800e+01  3.18541e+06 3.18541e+06 
4.55608e-02 8.65800e+01  3.19343e+06 3.19343e+06 
4.56181e-02 8.65800e+01  3.20146e+06 3.20146e+06 
4.56753e-02 8.65800e+01  3.20950e+06 3.20950e+06 
4.57325e-02 8.65800e+01  3.21755e+06 3.21755e+06 
4.57898e-02 8.65800e+01  3.22561e+06 3.22561e+06 
4.58470e-02 8.65800e+01  3.23368e+06 3.23368e+06 
4.59042e-02 8.65800e+01  3.24176e+06 3.24176e+06 
4.59615e-02 8.65800e+01  3.24985e+06 3.24985e+06 
4.60187e-02 8.65800e+01  3.25795e+06 3.25795e+06 
4.60759e-02 8.65800e+01  3.26606e+06 3.26606e+06 
4.61332e-02 8.65800e+01  3.27418e+06 3.27418e+06 
4.61904e-02 8.65800e+01  3.28230e+06 3.28230e+06 
4.62477e-02 8.65800e+01  3.29044e+06 3.29044e+06 
4.63049e-02 8.65800e+01  3.29859e+06 3.29859e+06 
4.63621e-02 8.65800e+01  3.30675e+06 3.30675e+06 
4.64194e-02 8.65800e+01  3.31492e+06 3.31492e+06 
4.64766e-02 8.65800e+01  3.32310e+06 3.32310e+06 
4.65338e-02 8.65800e+01  3.33129e+06 3.33129e+06 
4.65911e-02 8.65800e+01  3.33949e+06 3.33949e+06 
4.66483e-02 8.65800e+01  3.34771e+06 3.34771e+06 
4.67056e-02 8.65800e+01  3.35593e+06 3.35593e+06 
4.67628e-02 8.65800e+01  3.36416e+06 3.36416e+06 
4.68200e-02 8.65800e+01  3.37240e+06 3.37240e+06 
4.68773e-02 8.65800e+01  3.38065e+06 3.38065e+06 
4.69345e-02 8.65800e+01  3.38891e+06 3.38891e+06 
4.69917e-02 8.65800e+01  3.39718e+06 3.39718e+06 
4.70490e-02 8.65800e+01  3.40546e+06 3.40546e+06 
4.71062e-02 8.65800e+01  3.41375e+06 3.41375e+06 
4.71635e-02 8.65800e+01  3.42205e+06 3.42205e+06 
4.72207e-02 8.65800e+01  3.43036e+06 3.43036e+06 
4.72779e-02 8.65800e+01  3.43868e+06 3.43868e+06 
4.73352e-02 8.65800e+01  3.44701e+06 3.44701e+06 
4.73924e-02 8.65800e+01  3.45536e+06 3.45536e+06 
4.74496e-02 8.65800e+01  3.46371e+06 3.46371e+06 
4.75069e-02 8.65800e+01  3.47207e+06 3.47207e+06 
4.75641e-02 8.65800e+01  3.48044e+06 3.48044e+06 
4.76214e-02 8.65800e+01  3.48882e+06 3.48882e+06 
4.76786e-02 8.65800e+01  3.49721e+06 3.49721e+06 
4.77358e-02 8.65800e+01  3.50562e+06 3.50562e+06 
4.77931e-02 8.65800e+01  3.51403e+06 3.51403e+06 
4.78503e-02 8.65800e+01  3.52245e+06 3.52245e+06 
4.79075e-02 8.65800e+01  3.53088e+06 3.53088e+06 
4.79648e-02 8.65800e+01  3.53932e+06 3.53932e+06 
4.80220e-02 8.65800e+01  3.54778e+06 3.54778e+06 
4.80793e-02 8.65800e+01  3.55624e+06 3.55624e+06 
4.81365e-02 8.65800e+01  3.56471e+06 3.56471e+06 
4.81937e-02 8.65800e+01  3.57319e+06 3.57319e+06 
4.82510e-02 8.65800e+01  3.58169e+06 3.58169e+06 
4.83082e-02 8.65800e+01  3.59019e+06 3.59019e+06 
4.83654e-02 8.65800e+01  3.59870e+06 3.59870e+06 
4.84227e-02 8.65800e+01  3.60722e+06 3.60722e+06 
4.84799e-02 8.65800e+01  3.61576e+06 3.61576e+06 
4.85371e-02 8.65800e+01  3.62430e+06 3.62430e+06 
4.85944e-02 8.65800e+01  3.63285e+06 3.63285e+06 
4.86516e-02 8.65800e+01  3.64142e+06 3.64142e+06 
4.87089e-02 8.65800e+01  3.64999e+06 3.64999e+06 
4.87661e-02 8.65800e+01  3.65857e+06 3.65857e+06 
4.88233e-02 8.65800e+01  3.66717e+06 3.66717e+06 
4.88806e-02 8.65800e+01  3.67577e+06 3.67577e+06 
4.89378e-02 8.65800e+01  3.68438e+06 3.68438e+06 
4.89950e-02 8.65800e+01  3.69301e+06 3.69301e+06 
4.90523e-02 8.65800e+01  3.70164e+06 3.70164e+06 
4.91095e-02 8.65800e+01  3.71028e+06 3.71028e+06 
4.91668e-02 8.65800e+01  3.71894e+06 3.71894e+06 
4.92240e-02 8.65800e+01  3.72760e+06 3.72760e+06 
4.92812e-02 8.65800e+01  3.73628e+06 3.73628e+06 
4.93385e-02 8.65800e+01  3.74496e+06 3.74496e+06 
4.93957e-02 8.65800e+01  3.75365e+06 3.75365e+06 
4.94529e-02 8.65800e+01  3.76236e+06 3.76236e+06 
4.95102e-02 8.65800e+01  3.77107e+06 3.77107e+06 
4.95674e-02 8.65800e+01  3.77980e+06 3.77980e+06 
4.96247e-02 8.65800e+01  3.78853e+06 3.78853e+06 
4.96819e-02 8.65800e+01  3.79728e+06 3.79728e+06 
4.97391e-02 8.65800e+01  3.80603e+06 3.80603e+06 
4.97964e-02 8.65800e+01  3.81480e+06 3.81480e+06 
4.98536e-02 8.65800e+01  3.82357e+06 3.82357e+06 
4.99108e-02 8.65800e+01  3.83236e+06 3.83236e+06 
4.99681e-02 8.65800e+01  3.84115e+06 3.84115e+06 
5.00253e-02 8.65800e+01  3.84996e+06 3.84996e+06 
5.00826e-02 8.65800e+01  3.85877e+06 3.85877e+06 
5.01398e-02 8.65800e+01  3.86760e+06 3.86760e+06 
5.01970e-02 8.65800e+01  3.87643e+06 3.87643e+06 
5.02543e-02 8.65800e+01  3.88528e+06 3.88528e+06 
5.03115e-02 8.65800e+01  3.89413e+06 3.89413e+06 
5.03687e-02 8.65800e+01  3.90300e+06 3.90300e+06 
5.04260e-02 8.65800e+01  3.91187e+06 3.91187e+06 
5.04832e-02 8.65800e+01  3.92076e+06 3.92076e+06 
5.05405e-02 8.65800e+01  3.92965e+06 3.92965e+06 
5.05977e-02 8.65800e+01  3.93856e+06 3.93856e+06 
5.06549e-02 8.65800e+01  3.94748e+06 3.94748e+06 
5.07122e-02 8.65800e+01  3.95640e+06 3.95640e+06 
5.07694e-02 8.65800e+01  3.96534e+06 3.96534e+06 
5.08266e-02 8.65800e+01  3.97429e+06 3.97429e+06 
5.08839e-02 8.65800e+01  3.98324e+06 3.98324e+06 
5.09411e-02 8.65800e+01  3.99221e+06 3.99221e+06 
5.09983e-02 8.65800e+01  4.00118e+06 4.00118e+06 
5.10556e-02 8.65800e+01  4.01017e+06 4.01017e+06 
5.11128e-02 8.65800e+01  4.01917e+06 4.01917e+06 
5.11701e-02 8.65800e+01  4.02817e+06 4.02817e+06 
5.12273e-02 8.65800e+01  4.03719e+06 4.03719e+06 
5.12845e-02 8.65800e+01  4.04622e+06 4.04622e+06 
5.13418e-02 8.65800e+01  4.05525e+06 4.05525e+06 
5.13990e-02 8.65800e+01  4.06430e+06 4.06430e+06 
5.14562e-02 8.65800e+01  4.07336e+06 4.07336e+06 
5.15135e-02 8.65800e+01  4.08243e+06 4.08243e+06 
5.15707e-02 8.65800e+01  4.09150e+06 4.09150e+06 
5.16280e-02 8.65800e+01  4.10059e+06 4.10059e+06 
5.16852e-02 8.65800e+01  4.10969e+06 4.10969e+06 
5.17424e-02 8.65800e+01  4.11880e+06 4.11880e+06 
5.17997e-02 8.65800e+01  4.12791e+06 4.12791e+06 
5.18569e-02 8.65800e+01  4.13704e+06 4.13704e+06 
5.19141e-02 8.65800e+01  4.14618e+06 4.14618e+06 
5.19714e-02 8.65800e+01  4.15533e+06 4.15533e+06 
5.20286e-02 8.65800e+01  4.16448e+06 4.16448e+06 
5.20859e-02 8.65800e+01  4.17365e+06 4.17365e+06 
5.21431e-02 8.65800e+01  4.18283e+06 4.18283e+06 
5.22003e-02 8.65800e+01  4.19202e+06 4.19202e+06 
5.22576e-02 8.65800e+01  4.20122e+06 4.20122e+06 
5.23148e-02 8.65800e+01  4.21042e+06 4.21042e+06 
5.23720e-02 8.65800e+01  4.21964e+06 4.21964e+06 
5.24293e-02 8.65800e+01  4.22887e+06 4.22887e+06 
5.24865e-02 8.65800e+01  4.23811e+06 4.23811e+06 
5.25438e-02 8.65800e+01  4.24736e+06 4.24736e+06 
5.26010e-02 8.65800e+01  4.25662e+06 4.25662e+06 
5.26582e-02 8.65800e+01  4.26589e+06 4.26589e+06 
5.27155e-02 8.65800e+01  4.27516e+06 4.27516e+06 
5.27727e-02 8.65800e+01  4.28445e+06 4.28445e+06 
5.28299e-02 8.65800e+01  4.29375e+06 4.29375e+06 
5.28872e-02 8.65800e+01  4.30306e+06 4.30306e+06 
5.29444e-02 8.65800e+01  4.31238e+06 4.31238e+06 
5.30017e-02 8.65800e+01  4.32171e+06 4.32171e+06 
5.30589e-02 8.65800e+01  4.33105e+06 4.33105e+06 
5.31161e-02 8.65800e+01  4.34040e+06 4.34040e+06 
5.31734e-02 8.65800e+01  4.34976e+06 4.34976e+06 
5.32306e-02 8.65800e+01  4.35913e+06 4.35913e+06 
5.32878e-02 8.65800e+01  4.36851e+06 4.36851e+06 
5.33451e-02 8.65800e+01  4.37790e+06 4.37790e+06 
5.34023e-02 8.65800e+01  4.38730e+06 4.38730e+06 
5.34595e-02 8.65800e+01  4.39671e+06 4.39671e+06 
5.35168e-02 8.65800e+01  4.40613e+06 4.40613e+06 
5.35740e-02 8.65800e+01  4.41556e+06 4.41556e+06 
5.36313e-02 8.65800e+01  4.42500e+06 4.42500e+06 
5.36885e-02 8.65800e+01  4.43445e+06 4.43445e+06 
5.37457e-02 8.65800e+01  4.44391e+06 4.44391e+06 
5.38030e-02 8.65800e+01  4.45338e+06 4.45338e+06 
5.38602e-02 8.65800e+01  4.46286e+06 4.46286e+06 
5.39174e-02 8.65800e+01  4.47235e+06 4.47235e+06 
5.39747e-02 8.65800e+01  4.48185e+06 4.48185e+06 
5.40319e-02 8.65800e+01  4.49136e+06 4.49136e+06 
5.40892e-02 8.65800e+01  4.50088e+06 4.50088e+06 
5.41464e-02 8.65800e+01  4.51041e+06 4.51041e+06 
5.42036e-02 8.65800e+01  4.51995e+06 4.51995e+06 
5.42609e-02 8.65800e+01  4.52950e+06 4.52950e+06 
5.43181e-02 8.65800e+01  4.53907e+06 4.53907e+06 
5.43753e-02 8.65800e+01  4.54864e+06 4.54864e+06 
5.44326e-02 8.65800e+01  4.55822e+06 4.55822e+06 
5.44898e-02 8.65800e+01  4.56781e+06 4.56781e+06 
5.45471e-02 8.65800e+01  4.57741e+06 4.57741e+06 
5.46043e-02 8.65800e+01  4.58702e+06 4.58702e+06 
5.46615e-02 8.65800e+01  4.59664e+06 4.59664e+06 
5.47188e-02 8.65800e+01  4.60628e+06 4.60628e+06 
5.47760e-02 8.65800e+01  4.61592e+06 4.61592e+06 
5.48332e-02 8.65800e+01  4.62557e+06 4.62557e+06 
5.48905e-02 8.65800e+01  4.63523e+06 4.63523e+06 
5.49477e-02 8.65800e+01  4.64490e+06 4.64490e+06 
5.50050e-02 8.65800e+01  4.65459e+06 4.65459e+06 
5.50622e-02 8.65800e+01  4.66428e+06 4.66428e+06 
5.51194e-02 8.65800e+01  4.67398e+06 4.67398e+06 
5.51767e-02 8.65800e+01  4.68369e+06 4.68369e+06 
5.52339e-02 8.65800e+01  4.69342e+06 4.69342e+06 
5.52911e-02 8.65800e+01  4.70315e+06 4.70315e+06 
5.53484e-02 8.65800e+01  4.71289e+06 4.71289e+06 
5.54056e-02 8.65800e+01  4.72264e+06 4.72264e+06 
5.54628e-02 8.65800e+01  4.73241e+06 4.73241e+06 
5.55201e-02 8.65800e+01  4.74218e+06 4.74218e+06 
5.55773e-02 8.65800e+01  4.75196e+06 4.75196e+06 
5.56346e-02 8.65800e+01  4.76175e+06 4.76175e+06 
5.56918e-02 8.65800e+01  4.77156e+06 4.77156e+06 
5.57490e-02 8.65800e+01  4.78137e+06 4.78137e+06 
5.58063e-02 8.65800e+01  4.79119e+06 4.79119e+06 
5.58635e-02 8.65800e+01  4.80103e+06 4.80103e+06 
5.59207e-02 8.65800e+01  4.81087e+06 4.81087e+06 
5.59780e-02 8.65800e+01  4.82072e+06 4.82072e+06 
5.60352e-02 8.65800e+01  4.83059e+06 4.83059e+06 
5.60925e-02 8.65800e+01  4.84046e+06 4.84046e+06 
5.61497e-02 8.65800e+01  4.85035e+06 4.85035e+06 
5.62069e-02 8.65800e+01  4.86024e+06 4.86024e+06 
5.62642e-02 8.65800e+01  4.87014e+06 4.87014e+06 
5.63214e-02 8.65800e+01  4.88006e+06 4.88006e+06 
5.63786e-02 8.65800e+01  4.88998e+06 4.88998e+06 
5.64359e-02 8.65800e+01  4.89991e+06 4.89991e+06 
5.64931e-02 8.65800e+01  4.90986e+06 4.90986e+06 
5.65504e-02 8.65800e+01  4.91981e+06 4.91981e+06 
5.66076e-02 8.65800e+01  4.92978e+06 4.92978e+06 
5.66648e-02 8.65800e+01  4.93975e+06 4.93975e+06 
5.67221e-02 8.65800e+01  4.94974e+06 4.94974e+06 
5.67793e-02 8.65800e+01  4.95973e+06 4.95973e+06 
5.68365e-02 8.65800e+01  4.96974e+06 4.96974e+06 
5.68938e-02 8.65800e+01  4.97975e+06 4.97975e+06 
5.69510e-02 8.65800e+01  4.98978e+06 4.98978e+06 
5.70083e-02 8.65800e+01  4.99981e+06 4.99981e+06 
5.70655e-02 8.65800e+01  5.00986e+06 5.00986e+06 
5.71227e-02 8.65800e+01  5.01991e+06 5.01991e+06 
5.71800e-02 8.65800e+01  5.02998e+06 5.02998e+06 
5.72372e-02 8.65800e+01  5.04005e+06 5.04005e+06 
5.72944e-02 8.65800e+01  5.05014e+06 5.05014e+06 
5.73517e-02 8.65800e+01  5.06023e+06 5.06023e+06 
5.74089e-02 8.65800e+01  5.07034e+06 5.07034e+06 
5.74662e-02 8.65800e+01  5.08045e+06 5.08045e+06 
5.75234e-02 8.65800e+01  5.09058e+06 5.09058e+06 
5.75806e-02 8.65800e+01  5.10071e+06 5.10071e+06 
5.76379e-02 8.65800e+01  5.11086e+06 5.11086e+06 
5.76951e-02 8.65800e+01  5.12102e+06 5.12102e+06 
5.77523e-02 8.65800e+01  5.13118e+06 5.13118e+06 
5.78096e-02 8.65800e+01  5.14136e+06 5.14136e+06 
5.78668e-02 8.65800e+01  5.15154e+06 5.15154e+06 
5.79240e-02 8.65800e+01  5.16174e+06 5.16174e+06 
5.79813e-02 8.65800e+01  5.17195e+06 5.17195e+06 
5.80385e-02 8.65800e+01  5.18216e+06 5.18216e+06 
5.80958e-02 8.65800e+01  5.19239e+06 5.19239e+06 
5.81530e-02 8.65800e+01  5.20263e+06 5.20263e+06 
5.82102e-02 8.65800e+01  5.21287e+06 5.21287e+06 
5.82675e-02 8.65800e+01  5.22313e+06 5.22313e+06 
5.83247e-02 8.65800e+01  5.23340e+06 5.23340e+06 
5.83819e-02 8.65800e+01  5.24367e+06 5.24367e+06 
5.84392e-02 8.65800e+01  5.25396e+06 5.25396e+06 
5.84964e-02 8.65800e+01  5.26426e+06 5.26426e+06 
5.85537e-02 8.65800e+01  5.27456e+06 5.27456e+06 
5.86109e-02 8.65800e+01  5.28488e+06 5.28488e+06 
5.86681e-02 8.65800e+01  5.29521e+06 5.29521e+06 
5.87254e-02 8.65800e+01  5.30555e+06 5.30555e+06 
5.87826e-02 8.65800e+01  5.31589e+06 5.31589e+06 
5.88398e-02 8.65800e+01  5.32625e+06 5.32625e+06 
5.88971e-02 8.65800e+01  5.33662e+06 5.33662e+06 
5.89543e-02 8.65800e+01  5.34700e+06 5.34700e+06 
5.90116e-02 8.65800e+01  5.35738e+06 5.35738e+06 
5.90688e-02 8.65800e+01  5.36778e+06 5.36778e+06 
5.91260e-02 8.65800e+01  5.37819e+06 5.37819e+06 
5.91833e-02 8.65800e+01  5.38861e+06 5.38861e+06 
5.92405e-02 8.65800e+01  5.39904e+06 5.39904e+06 
5.92977e-02 8.65800e+01  5.40948e+06 5.40948e+06 
5.93550e-02 8.65800e+01  5.41992e+06 5.41992e+06 
5.94122e-02 8.65800e+01  5.43038e+06 5.43038e+06 
5.94695e-02 8.65800e+01  5.44085e+06 5.44085e+06 
5.95267e-02 8.65800e+01  5.45133e+06 5.45133e+06 
5.95839e-02 8.65800e+01  5.46182e+06 5.46182e+06 
5.96412e-02 8.65800e+01  5.47232e+06 5.47232e+06 
5.96984e-02 8.65800e+01  5.48282e+06 5.48282e+06 
5.97556e-02 8.65800e+01  5.49334e+06 5.49334e+06 
5.98129e-02 8.65800e+01  5.50387e+06 5.50387e+06 
5.98701e-02 8.65800e+01  5.51441e+06 5.51441e+06 
5.99274e-02 8.65800e+01  5.52496e+06 5.52496e+06 
5.99846e-02 8.65800e+01  5.53552e+06 5.53552e+06 
6.00418e-02 8.65800e+01  5.54609e+06 5.54609e+06 
6.00991e-02 8.65800e+01  5.55667e+06 5.55667e+06 
6.01563e-02 8.65800e+01  5.56726e+06 5.56726e+06 
6.02135e-02 8.65800e+01  5.57786e+06 5.57786e+06 
6.02708e-02 8.65800e+01  5.58847e+06 5.58847e+06 
6.03280e-02 8.65800e+01  5.59909e+06 5.59909e+06 
6.03852e-02 8.65800e+01  5.60972e+06 5.60972e+06 
6.04425e-02 8.65800e+01  5.62036e+06 5.62036e+06 
6.04997e-02 8.65800e+01  5.63101e+06 5.63101e+06 
6.05570e-02 8.65800e+01  5.64167e+06 5.64167e+06 
6.06142e-02 8.65800e+01  5.65234e+06 5.65234e+06 
6.06714e-02 8.65800e+01  5.66302e+06 5.66302e+06 
6.07287e-02 8.65800e+01  5.67371e+06 5.67371e+06 
6.07859e-02 8.65800e+01  5.68441e+06 5.68441e+06 
6.08431e-02 8.65800e+01  5.69512e+06 5.69512e+06 
6.09004e-02 8.65800e+01  5.70584e+06 5.70584e+06 
6.09576e-02 8.65800e+01  5.71657e+06 5.71657e+06 
6.10149e-02 8.65800e+01  5.72731e+06 5.72731e+06 
6.10721e-02 8.65800e+01  5.73806e+06 5.73806e+06 
6.11293e-02 8.65800e+01  5.74882e+06 5.74882e+06 
6.11866e-02 8.65800e+01  5.75959e+06 5.75959e+06 
6.12438e-02 8.65800e+01  5.77037e+06 5.77037e+06 
6.13010e-02 8.65800e+01  5.78116e+06 5.78116e+06 
6.13583e-02 8.65800e+01  5.79196e+06 5.79196e+06 
6.14155e-02 8.65800e+01  5.80278e+06 5.80278e+06 
6.14728e-02 8.65800e+01  5.81360e+06 5.81360e+06 
6.15300e-02 8.65800e+01  5.82443e+06 5.82443e+06 
6.15872e-02 8.65800e+01  5.83527e+06 5.83527e+06 
6.16445e-02 8.65800e+01  5.84612e+06 5.84612e+06 
6.17017e-02 8.65800e+01  5.85698e+06 5.85698e+06 
6.17589e-02 8.65800e+01  5.86785e+06 5.86785e+06 
6.18162e-02 8.65800e+01  5.87874e+06 5.87874e+06 
6.18734e-02 8.65800e+01  5.88963e+06 5.88963e+06 
6.19307e-02 8.65800e+01  5.90053e+06 5.90053e+06 
6.19879e-02 8.65800e+01  5.91144e+06 5.91144e+06 
6.20451e-02 8.65800e+01  5.92236e+06 5.92236e+06 
6.21024e-02 8.65800e+01  5.93330e+06 5.93330e+06 
6.21596e-02 8.65800e+01  5.94424e+06 5.94424e+06 
6.22168e-02 8.65800e+01  5.95519e+06 5.95519e+06 
6.22741e-02 8.65800e+01  5.96615e+06 5.96615e+06 
6.23313e-02 8.65800e+01  5.97713e+06 5.97713e+06 
6.23886e-02 8.65800e+01  5.98811e+06 5.98811e+06 
6.24458e-02 8.65800e+01  5.99910e+06 5.99910e+06 
6.25030e-02 8.65800e+01  6.01010e+06 6.01010e+06 
6.25603e-02 8.65800e+01  6.02112e+06 6.02112e+06 
6.26175e-02 8.65800e+01  6.03214e+06 6.03214e+06 
6.26747e-02 8.65800e+01  6.04317e+06 6.04317e+06 
6.27320e-02 8.65800e+01  6.05422e+06 6.05422e+06 
6.27892e-02 8.65800e+01  6.06527e+06 6.06527e+06 
6.28464e-02 8.65800e+01  6.07633e+06 6.07633e+06 
6.29037e-02 8.65800e+01  6.08740e+06 6.08740e+06 
6.29609e-02 8.65800e+01  6.09849e+06 6.09849e+06 
6.30182e-02 8.65800e+01  6.10958e+06 6.10958e+06 
6.30754e-02 8.65800e+01  6.12069e+06 6.12069e+06 
6.31326e-02 8.65800e+01  6.13180e+06 6.13180e+06 
6.31899e-02 8.65800e+01  6.14292e+06 6.14292e+06 
6.32471e-02 8.65800e+01  6.15406e+06 6.15406e+06 
6.33043e-02 8.65800e+01  6.16520e+06 6.16520e+06 
6.33616e-02 8.65800e+01  6.17635e+06 6.17635e+06 
6.34188e-02 8.65800e+01  6.18752e+06 6.18752e+06 
6.34761e-02 8.65800e+01  6.19869e+06 6.19869e+06 
6.35333e-02 8.65800e+01  6.20988e+06 6.20988e+06 
6.35905e-02 8.65800e+01  6.22107e+06 6.22107e+06 
6.36478e-02 8.65800e+01  6.23228e+06 6.23228e+06 
6.37050e-02 8.65800e+01  6.24349e+06 6.24349e+06 
6.37622e-02 8.65800e+01  6.25471e+06 6.25471e+06 
6.38195e-02 8.65800e+01  6.26595e+06 6.26595e+06 
6.38767e-02 8.65800e+01  6.27719e+06 6.27719e+06 
6.39340e-02 8.65800e+01  6.28845e+06 6.28845e+06 
6.39912e-02 8.65800e+01  6.29971e+06 6.29971e+06 
6.40484e-02 8.65800e+01  6.31099e+06 6.31099e+06 
6.41057e-02 8.65800e+01  6.32227e+06 6.32227e+06 
6.41629e-02 8.65800e+01  6.33357e+06 6.33357e+06 
6.42201e-02 8.65800e+01  6.34487e+06 6.34487e+06 
6.42774e-02 8.65800e+01  6.35619e+06 6.35619e+06 
6.43346e-02 8.65800e+01  6.36751e+06 6.36751e+06 
6.43919e-02 8.65800e+01  6.37885e+06 6.37885e+06 
6.44491e-02 8.65800e+01  6.39020e+06 6.39020e+06 
6.45063e-02 8.65800e+01  6.40155e+06 6.40155e+06 
6.45636e-02 8.65800e+01  6.41292e+06 6.41292e+06 
6.46208e-02 8.65800e+01  6.42429e+06 6.42429e+06 
6.46780e-02 8.65800e+01  6.43568e+06 6.43568e+06 
6.47353e-02 8.65800e+01  6.44707e+06 6.44707e+06 
6.47925e-02 8.65800e+01  6.45848e+06 6.45848e+06 
6.48498e-02 8.65800e+01  6.46990e+06 6.46990e+06 
6.49070e-02 8.65800e+01  6.48132e+06 6.48132e+06 
6.49642e-02 8.65800e+01  6.49276e+06 6.49276e+06 
6.50215e-02 8.65800e+01  6.50420e+06 6.50420e+06 
6.50787e-02 8.65800e+01  6.51566e+06 6.51566e+06 
6.51359e-02 8.65800e+01  6.52713e+06 6.52713e+06 
6.51932e-02 8.65800e+01  6.53860e+06 6.53860e+06 
6.52504e-02 8.65800e+01  6.55009e+06 6.55009e+06 
6.53076e-02 8.65800e+01  6.56159e+06 6.56159e+06 
6.53649e-02 8.65800e+01  6.57309e+06 6.57309e+06 
6.54221e-02 8.65800e+01  6.58461e+06 6.58461e+06 
6.54794e-02 8.65800e+01  6.59614e+06 6.59614e+06 
6.55366e-02 8.65800e+01  6.60768e+06 6.60768e+06 
6.55938e-02 8.65800e+01  6.61922e+06 6.61922e+06 
6.56511e-02 8.65800e+01  6.63078e+06 6.63078e+06 
6.57083e-02 8.65800e+01  6.64235e+06 6.64235e+06 
6.57655e-02 8.65800e+01  6.65392e+06 6.65392e+06 
6.58228e-02 8.65800e+01  6.66551e+06 6.66551e+06 
6.58800e-02 8.65800e+01  6.67711e+06 6.67711e+06 
6.59373e-02 8.65800e+01  6.68872e+06 6.68872e+06 
6.59945e-02 8.65800e+01  6.70033e+06 6.70033e+06 
6.60517e-02 8.65800e+01  6.71196e+06 6.71196e+06 
6.61090e-02 8.65800e+01  6.72360e+06 6.72360e+06 
6.61662e-02 8.65800e+01  6.73525e+06 6.73525e+06 
6.62234e-02 8.65800e+01  6.74691e+06 6.74691e+06 
6.62807e-02 8.65800e+01  6.75857e+06 6.75857e+06 
6.63379e-02 8.65800e+01  6.77025e+06 6.77025e+06 
6.63952e-02 8.65800e+01  6.78194e+06 6.78194e+06 
6.64524e-02 8.65800e+01  6.79364e+06 6.79364e+06 
6.65096e-02 8.65800e+01  6.80535e+06 6.80535e+06 
6.65669e-02 8.65800e+01  6.81707e+06 6.81707e+06 
6.66241e-02 8.65800e+01  6.82879e+06 6.82879e+06 
6.66813e-02 8.65800e+01  6.84053e+06 6.84053e+06 
6.67386e-02 8.65800e+01  6.85228e+06 6.85228e+06 
6.67958e-02 8.65800e+01  6.86404e+06 6.86404e+06 
6.68531e-02 8.65800e+01  6.87581e+06 6.87581e+06 
6.69103e-02 8.65800e+01  6.88759e+06 6.88759e+06 
6.69675e-02 8.65800e+01  6.89938e+06 6.89938e+06 
6.70248e-02 8.65800e+01  6.91118e+06 6.91118e+06 
6.70820e-02 8.65800e+01  6.92299e+06 6.92299e+06 
6.71392e-02 8.65800e+01  6.93481e+06 6.93481e+06 
6.71965e-02 8.65800e+01  6.94664e+06 6.94664e+06 
6.72537e-02 8.65800e+01  6.95847e+06 6.95847e+06 
6.73110e-02 8.65800e+01  6.97032e+06 6.97032e+06 
6.73682e-02 8.65800e+01  6.98218e+06 6.98218e+06 
6.74254e-02 8.65800e+01  6.99405e+06 6.99405e+06 
6.74827e-02 8.65800e+01  7.00593e+06 7.00593e+06 
6.75399e-02 8.65800e+01  7.01782e+06 7.01782e+06 
6.75971e-02 8.65800e+01  7.02972e+06 7.02972e+06 
6.76544e-02 8.65800e+01  7.04163e+06 7.04163e+06 
6.77116e-02 8.65800e+01  7.05355e+06 7.05355e+06 
6.77688e-02 8.65800e+01  7.06548e+06 7.06548e+06 
6.78261e-02 8.65800e+01  7.07742e+06 7.07742e+06 
6.78833e-02 8.65800e+01  7.08937e+06 7.08937e+06 
6.79406e-02 8.65800e+01  7.10134e+06 7.10134e+06 
6.79978e-02 8.65800e+01  7.11331e+06 7.11331e+06 
6.80550e-02 8.65800e+01  7.12529e+06 7.12529e+06 
6.81123e-02 8.65800e+01  7.13728e+06 7.13728e+06 
6.81695e-02 8.65800e+01  7.14928e+06 7.14928e+06 
6.82267e-02 8.65800e+01  7.16129e+06 7.16129e+06 
6.82840e-02 8.65800e+01  7.17331e+06 7.17331e+06 
6.83412e-02 8.65800e+01  7.18534e+06 7.18534e+06 
6.83985e-02 8.65800e+01  7.19738e+06 7.19738e+06 
6.84557e-02 8.65800e+01  7.20943e+06 7.20943e+06 
6.85129e-02 8.65800e+01  7.22149e+06 7.22149e+06 
6.85702e-02 8.65800e+01  7.23357e+06 7.23357e+06 
6.86274e-02 8.65800e+01  7.24565e+06 7.24565e+06 
6.86846e-02 8.65800e+01  7.25774e+06 7.25774e+06 
6.87419e-02 8.65800e+01  7.26984e+06 7.26984e+06 
6.87991e-02 8.65800e+01  7.28195e+06 7.28195e+06 
6.88564e-02 8.65800e+01  7.29407e+06 7.29407e+06 
6.89136e-02 8.65800e+01  7.30621e+06 7.30621e+06 
6.89708e-02 8.65800e+01  7.31835e+06 7.31835e+06 
6.90281e-02 8.65800e+01  7.33050e+06 7.33050e+06 
6.90853e-02 8.65800e+01  7.34266e+06 7.34266e+06 
6.91425e-02 8.65800e+01  7.35483e+06 7.35483e+06 
6.91998e-02 8.65800e+01  7.36702e+06 7.36702e+06 
6.92570e-02 8.65800e+01  7.37921e+06 7.37921e+06 
6.93143e-02 8.65800e+01  7.39141e+06 7.39141e+06 
6.93715e-02 8.65800e+01  7.40362e+06 7.40362e+06 
6.94287e-02 8.65800e+01  7.41585e+06 7.41585e+06 
6.94860e-02 8.65800e+01  7.42808e+06 7.42808e+06 
6.95432e-02 8.65800e+01  7.44032e+06 7.44032e+06 
6.96004e-02 8.65800e+01  7.45258e+06 7.45258e+06 
6.96577e-02 8.65800e+01  7.46484e+06 7.46484e+06 
6.97149e-02 8.65800e+01  7.47711e+06 7.47711e+06 
6.97722e-02 8.65800e+01  7.48939e+06 7.48939e+06 
6.98294e-02 8.65800e+01  7.50169e+06 7.50169e+06 
6.98866e-02 8.65800e+01  7.51399e+06 7.51399e+06 
6.99439e-02 8.65800e+01  7.52630e+06 7.52630e+06 
7.00011e-02 8.65800e+01  7.53863e+06 7.53863e+06 
7.00583e-02 8.65800e+01  7.55096e+06 7.55096e+06 
7.01156e-02 8.65800e+01  7.56330e+06 7.56330e+06 
7.01728e-02 8.65800e+01  7.57566e+06 7.57566e+06 
7.02300e-02 8.65800e+01  7.58802e+06 7.58802e+06 
7.02873e-02 8.65800e+01  7.60040e+06 7.60040e+06 
7.03445e-02 8.65800e+01  7.61278e+06 7.61278e+06 
7.04018e-02 8.65800e+01  7.62517e+06 7.62517e+06 
7.04590e-02 8.65800e+01  7.63758e+06 7.63758e+06 
7.05162e-02 8.65800e+01  7.64999e+06 7.64999e+06 
7.05735e-02 8.65800e+01  7.66242e+06 7.66242e+06 
7.06307e-02 8.65800e+01  7.67485e+06 7.67485e+06 
7.06879e-02 8.65800e+01  7.68729e+06 7.68729e+06 
7.07452e-02 8.65800e+01  7.69975e+06 7.69975e+06 
7.08024e-02 8.65800e+01  7.71221e+06 7.71221e+06 
7.08597e-02 8.65800e+01  7.72469e+06 7.72469e+06 
7.09169e-02 8.65800e+01  7.73717e+06 7.73717e+06 
7.09741e-02 8.65800e+01  7.74967e+06 7.74967e+06 
7.10314e-02 8.65800e+01  7.76217e+06 7.76217e+06 
7.10886e-02 8.65800e+01  7.77469e+06 7.77469e+06 
7.11458e-02 8.65800e+01  7.78721e+06 7.78721e+06 
7.12031e-02 8.65800e+01  7.79975e+06 7.79975e+06 
7.12603e-02 8.65800e+01  7.81229e+06 7.81229e+06 
7.13176e-02 8.65800e+01  7.82485e+06 7.82485e+06 
7.13748e-02 8.65800e+01  7.83741e+06 7.83741e+06 
7.14320e-02 8.65800e+01  7.84999e+06 7.84999e+06 
7.14893e-02 8.65800e+01  7.86258e+06 7.86258e+06 
7.15465e-02 8.65800e+01  7.87517e+06 7.87517e+06 
7.16037e-02 8.65800e+01  7.88778e+06 7.88778e+06 
7.16610e-02 8.65800e+01  7.90039e+06 7.90039e+06 
7.17182e-02 8.65800e+01  7.91302e+06 7.91302e+06 
7.17755e-02 8.65800e+01  7.92565e+06 7.92565e+06 
7.18327e-02 8.65800e+01  7.93830e+06 7.93830e+06 
7.18899e-02 8.65800e+01  7.95096e+06 7.95096e+06 
7.19472e-02 8.65800e+01  7.96362e+06 7.96362e+06 
7.20044e-02 8.65800e+01  7.97630e+06 7.97630e+06 
7.20616e-02 8.65800e+01  7.98899e+06 7.98899e+06 
7.21189e-02 8.65800e+01  8.00168e+06 8.00168e+06 
7.21761e-02 8.65800e+01  8.01439e+06 8.01439e+06 
7.22334e-02 8.65800e+01  8.02710e+06 8.02710e+06 
7.22906e-02 8.65800e+01  8.03983e+06 8.03983e+06 
7.23478e-02 8.65800e+01  8.05257e+06 8.05257e+06 
7.24051e-02 8.65800e+01  8.06532e+06 8.06532e+06 
7.24623e-02 8.65800e+01  8.07807e+06 8.07807e+06 
7.25195e-02 8.65800e+01  8.09084e+06 8.09084e+06 
7.25768e-02 8.65800e+01  8.10362e+06 8.10362e+06 
7.26340e-02 8.65800e+01  8.11640e+06 8.11640e+06 
7.26912e-02 8.65800e+01  8.12920e+06 8.12920e+06 
7.27485e-02 8.65800e+01  8.14201e+06 8.14201e+06 
7.28057e-02 8.65800e+01  8.15483e+06 8.15483e+06 
7.28630e-02 8.65800e+01  8.16765e+06 8.16765e+06 
7.29202e-02 8.65800e+01  8.18049e+06 8.18049e+06 
7.29774e-02 8.65800e+01  8.19334e+06 8.19334e+06 
7.30347e-02 8.65800e+01  8.20620e+06 8.20620e+06 
7.30919e-02 8.65800e+01  8.21906e+06 8.21906e+06 
7.31491e-02 8.65800e+01  8.23194e+06 8.23194e+06 
7.32064e-02 8.65800e+01  8.24483e+06 8.24483e+06 
7.32636e-02 8.65800e+01  8.25773e+06 8.25773e+06 
7.33209e-02 8.65800e+01  8.27064e+06 8.27064e+06 
7.33781e-02 8.65800e+01  8.28355e+06 8.28355e+06 
7.34353e-02 8.65800e+01  8.29648e+06 8.29648e+06 
7.34926e-02 8.65800e+01  8.30942e+06 8.30942e+06 
7.35498e-02 8.65800e+01  8.32237e+06 8.32237e+06 
7.36070e-02 8.65800e+01  8.33533e+06 8.33533e+06 
7.36643e-02 8.65800e+01  8.34830e+06 8.34830e+06 
7.37215e-02 8.65800e+01  8.36128e+06 8.36128e+06 
7.37788e-02 8.65800e+01  8.37426e+06 8.37426e+06 
7.38360e-02 8.65800e+01  8.38726e+06 8.38726e+06 
7.38932e-02 8.65800e+01  8.40027e+06 8.40027e+06 
7.39505e-02 8.65800e+01  8.41329e+06 8.41329e+06 
7.40077e-02 8.65800e+01  8.42632e+06 8.42632e+06 
7.40649e-02 8.65800e+01  8.43936e+06 8.43936e+06 
7.41222e-02 8.65800e+01  8.45241e+06 8.45241e+06 
7.41794e-02 8.65800e+01  8.46547e+06 8.46547e+06 
7.42367e-02 8.65800e+01  8.47854e+06 8.47854e+06 
7.42939e-02 8.65800e+01  8.49162e+06 8.49162e+06 
7.43511e-02 8.65800e+01  8.50471e+06 8.50471e+06 
7.44084e-02 8.65800e+01  8.51781e+06 8.51781e+06 
7.44656e-02 8.65800e+01  8.53092e+06 8.53092e+06 
7.45228e-02 8.65800e+01  8.54404e+06 8.54404e+06 
7.45801e-02 8.65800e+01  8.55717e+06 8.55717e+06 
7.46373e-02 8.65800e+01  8.57031e+06 8.57031e+06 
7.46946e-02 8.65800e+01  8.58346e+06 8.58346e+06 
7.47518e-02 8.65800e+01  8.59662e+06 8.59662e+06 
7.48090e-02 8.65800e+01  8.60979e+06 8.60979e+06 
7.48663e-02 8.65800e+01  8.62297e+06 8.62297e+06 
7.49235e-02 8.65800e+01  8.63616e+06 8.63616e+06 
7.49807e-02 8.65800e+01  8.64936e+06 8.64936e+06 
7.50380e-02 8.65800e+01  8.66257e+06 8.66257e+06 
7.50952e-02 8.65800e+01  8.67579e+06 8.67579e+06 
7.51524e-02 8.65800e+01  8.68902e+06 8.68902e+06 
7.52097e-02 8.65800e+01  8.70226e+06 8.70226e+06 
7.52669e-02 8.65800e+01  8.71551e+06 8.71551e+06 
7.53242e-02 8.65800e+01  8.72877e+06 8.72877e+06 
7.53814e-02 8.65800e+01  8.74204e+06 8.74204e+06 
7.54386e-02 8.65800e+01  8.75533e+06 8.75533e+06 
7.54959e-02 8.65800e+01  8.76862e+06 8.76862e+06 
7.55531e-02 8.65800e+01  8.78192e+06 8.78192e+06 
7.56103e-02 8.65800e+01  8.79523e+06 8.79523e+06 
7.56676e-02 8.65800e+01  8.80855e+06 8.80855e+06 
7.57248e-02 8.65800e+01  8.82188e+06 8.82188e+06 
7.57821e-02 8.65800e+01  8.83522e+06 8.83522e+06 
7.58393e-02 8.65800e+01  8.84858e+06 8.84858e+06 
7.58965e-02 8.65800e+01  8.86194e+06 8.86194e+06 
7.59538e-02 8.65800e+01  8.87531e+06 8.87531e+06 
7.60110e-02 8.65800e+01  8.88869e+06 8.88869e+06 
7.60682e-02 8.65800e+01  8.90208e+06 8.90208e+06 
7.61255e-02 8.65800e+01  8.91549e+06 8.91549e+06 
7.61827e-02 8.65800e+01  8.92890e+06 8.92890e+06 
7.62400e-02 8.65800e+01  8.94232e+06 8.94232e+06 
7.62972e-02 8.65800e+01  8.95575e+06 8.95575e+06 
7.63544e-02 8.65800e+01  8.96920e+06 8.96920e+06 
7.64117e-02 8.65800e+01  8.98265e+06 8.98265e+06 
7.64689e-02 8.65800e+01  8.99611e+06 8.99611e+06 
7.65261e-02 8.65800e+01  9.00958e+06 9.00958e+06 
7.65834e-02 8.65800e+01  9.02307e+06 9.02307e+06 
7.66406e-02 8.65800e+01  9.03656e+06 9.03656e+06 
7.66979e-02 8.65800e+01  9.05006e+06 9.05006e+06 
7.67551e-02 8.65800e+01  9.06358e+06 9.06358e+06 
7.68123e-02 8.65800e+01  9.07710e+06 9.07710e+06 
7.68696e-02 8.65800e+01  9.09063e+06 9.09063e+06 
7.69268e-02 8.65800e+01  9.10418e+06 9.10418e+06 
7.69840e-02 8.65800e+01  9.11773e+06 9.11773e+06 
7.70413e-02 8.65800e+01  9.13129e+06 9.13129e+06 
7.70985e-02 8.65800e+01  9.14487e+06 9.14487e+06 
7.71557e-02 8.65800e+01  9.15845e+06 9.15845e+06 
7.72130e-02 8.65800e+01  9.17204e+06 9.17204e+06 
7.72702e-02 8.65800e+01  9.18565e+06 9.18565e+06 
7.73275e-02 8.65800e+01  9.19926e+06 9.19926e+06 
7.73847e-02 8.65800e+01  9.21289e+06 9.21289e+06 
7.74419e-02 8.65800e+01  9.22652e+06 9.22652e+06 
7.74992e-02 8.65800e+01  9.24016e+06 9.24016e+06 
7.75564e-02 8.65800e+01  9.25382e+06 9.25382e+06 
7.76136e-02 8.65800e+01  9.26748e+06 9.26748e+06 
7.76709e-02 8.65800e+01  9.28116e+06 9.28116e+06 
7.77281e-02 8.65800e+01  9.29484e+06 9.29484e+06 
7.77854e-02 8.65800e+01  9.30854e+06 9.30854e+06 
7.78426e-02 8.65800e+01  9.32224e+06 9.32224e+06 
7.78998e-02 8.65800e+01  9.33596e+06 9.33596e+06 
7.79571e-02 8.65800e+01  9.34968e+06 9.34968e+06 
7.80143e-02 8.65800e+01  9.36342e+06 9.36342e+06 
7.80715e-02 8.65800e+01  9.37716e+06 9.37716e+06 
7.81288e-02 8.65800e+01  9.39092e+06 9.39092e+06 
7.81860e-02 8.65800e+01  9.40468e+06 9.40468e+06 
7.82433e-02 8.65800e+01  9.41846e+06 9.41846e+06 
7.83005e-02 8.65800e+01  9.43224e+06 9.43224e+06 
7.83577e-02 8.65800e+01  9.44604e+06 9.44604e+06 
7.84150e-02 8.65800e+01  9.45984e+06 9.45984e+06 
7.84722e-02 8.65800e+01  9.47366e+06 9.47366e+06 
7.85294e-02 8.65800e+01  9.48748e+06 9.48748e+06 
7.85867e-02 8.65800e+01  9.50132e+06 9.50132e+06 
7.86439e-02 8.65800e+01  9.51516e+06 9.51516e+06 
7.87012e-02 8.65800e+01  9.52902e+06 9.52902e+06 
7.87584e-02 8.65800e+01  9.54289e+06 9.54289e+06 
7.88156e-02 8.65800e+01  9.55676e+06 9.55676e+06 
7.88729e-02 8.65800e+01  9.57065e+06 9.57065e+06 
7.89301e-02 8.65800e+01  9.58454e+06 9.58454e+06 
7.89873e-02 8.65800e+01  9.59845e+06 9.59845e+06 
7.90446e-02 8.65800e+01  9.61237e+06 9.61237e+06 
7.91018e-02 8.65800e+01  9.62629e+06 9.62629e+06 
7.91591e-02 8.65800e+01  9.64023e+06 9.64023e+06 
7.92163e-02 8.65800e+01  9.65418e+06 9.65418e+06 
7.92735e-02 8.65800e+01  9.66813e+06 9.66813e+06 
7.93308e-02 8.65800e+01  9.68210e+06 9.68210e+06 
7.93880e-02 8.65800e+01  9.69608e+06 9.69608e+06 
7.94452e-02 8.65800e+01  9.71006e+06 9.71006e+06 
7.95025e-02 8.65800e+01  9.72406e+06 9.72406e+06 
7.95597e-02 8.65800e+01  9.73807e+06 9.73807e+06 
7.96169e-02 8.65800e+01  9.75209e+06 9.75209e+06 
7.96742e-02 8.65800e+01  9.76611e+06 9.76611e+06 
7.97314e-02 8.65800e+01  9.78015e+06 9.78015e+06 
7.97887e-02 8.65800e+01  9.79420e+06 9.79420e+06 
7.98459e-02 8.65800e+01  9.80826e+06 9.80826e+06 
7.99031e-02 8.65800e+01  9.82232e+06 9.82232e+06 
7.99604e-02 8.65800e+01  9.83640e+06 9.83640e+06 
8.00176e-02 8.65800e+01  9.85049e+06 9.85049e+06 
8.00748e-02 8.65800e+01  9.86459e+06 9.86459e+06 
8.01321e-02 8.65800e+01  9.87869e+06 9.87869e+06 
8.01893e-02 8.65800e+01  9.89281e+06 9.89281e+06 
8.02466e-02 8.65800e+01  9.90694e+06 9.90694e+06 
8.03038e-02 8.65800e+01  9.92108e+06 9.92108e+06 
8.03610e-02 8.65800e+01  9.93523e+06 9.93523e+06 
8.04183e-02 8.65800e+01  9.94939e+06 9.94939e+06 
8.04755e-02 8.65800e+01  9.96355e+06 9.96355e+06 
8.05327e-02 8.65800e+01  9.97773e+06 9.97773e+06 
8.05900e-02 8.65800e+01  9.99192e+06 9.99192e+06 
8.06472e-02 8.65800e+01  1.00061e+07 1.00061e+07 
8.07045e-02 8.65800e+01  1.00203e+07 1.00203e+07 
8.07617e-02 8.65800e+01  1.00345e+07 1.00345e+07 
8.08189e-02 8.65800e+01  1.00488e+07 1.00488e+07 
8.08762e-02 8.65800e+01  1.00630e+07 1.00630e+07 
8.09334e-02 8.65800e+01  1.00773e+07 1.00773e+07 
8.09906e-02 8.65800e+01  1.00915e+07 1.00915e+07 
8.10479e-02 8.65800e+01  1.01058e+07 1.01058e+07 
8.11051e-02 8.65800e+01  1.01201e+07 1.01201e+07 
8.11624e-02 8.65800e+01  1.01344e+07 1.01344e+07 
8.12196e-02 8.65800e+01  1.01487e+07 1.01487e+07 
8.12768e-02 8.65800e+01  1.01630e+07 1.01630e+07 
8.13341e-02 8.65800e+01  1.01773e+07 1.01773e+07 
8.13913e-02 8.65800e+01  1.01916e+07 1.01916e+07 
8.14485e-02 8.65800e+01  1.02060e+07 1.02060e+07 
8.15058e-02 8.65800e+01  1.02203e+07 1.02203e+07 
8.15630e-02 8.65800e+01  1.02347e+07 1.02347e+07 
8.16203e-02 8.65800e+01  1.02490e+07 1.02490e+07 
8.16775e-02 8.65800e+01  1.02634e+07 1.02634e+07 
8.17347e-02 8.65800e+01  1.02778e+07 1.02778e+07 
8.17920e-02 8.65800e+01  1.02922e+07 1.02922e+07 
8.18492e-02 8.65800e+01  1.03066e+07 1.03066e+07 
8.19064e-02 8.65800e+01  1.03210e+07 1.03210e+07 
8.19637e-02 8.65800e+01  1.03355e+07 1.03355e+07 
8.20209e-02 8.65800e+01  1.03499e+07 1.03499e+07 
8.20781e-02 8.65800e+01  1.03644e+07 1.03644e+07 
8.21354e-02 8.65800e+01  1.03788e+07 1.03788e+07 
8.21926e-02 8.65800e+01  1.03933e+07 1.03933e+07 
8.22499e-02 8.65800e+01  1.04078e+07 1.04078e+07 
8.23071e-02 8.65800e+01  1.04223e+07 1.04223e+07 
8.23643e-02 8.65800e+01  1.04368e+07 1.04368e+07 
8.24216e-02 8.65800e+01  1.04513e+07 1.04513e+07 
8.24788e-02 8.65800e+01  1.04658e+07 1.04658e+07 
8.25360e-02 8.65800e+01  1.04803e+07 1.04803e+07 
8.25933e-02 8.65800e+01  1.04949e+07 1.04949e+07 
8.26505e-02 8.65800e+01  1.05094e+07 1.05094e+07 
8.27078e-02 8.65800e+01  1.05240e+07 1.05240e+07 
8.27650e-02 8.65800e+01  1.05386e+07 1.05386e+07 
8.28222e-02 8.65800e+01  1.05531e+07 1.05531e+07 
8.28795e-02 8.65800e+01  1.05677e+07 1.05677e+07 
8.29367e-02 8.65800e+01  1.05823e+07 1.05823e+07 
8.29939e-02 8.65800e+01  1.05969e+07 1.05969e+07 
8.30512e-02 8.65800e+01  1.06116e+07 1.06116e+07 
8.31084e-02 8.65800e+01  1.06262e+07 1.06262e+07 
8.31657e-02 8.65800e+01  1.06408e+07 1.06408e+07 
8.32229e-02 8.65800e+01  1.06555e+07 1.06555e+07 
8.32801e-02 8.65800e+01  1.06702e+07 1.06702e+07 
8.33374e-02 8.65800e+01  1.06848e+07 1.06848e+07 
8.33946e-02 8.65800e+01  1.06995e+07 1.06995e+07 
8.34518e-02 8.65800e+01  1.07142e+07 1.07142e+07 
8.35091e-02 8.65800e+01  1.07289e+07 1.07289e+07 
8.35663e-02 8.65800e+01  1.07436e+07 1.07436e+07 
8.36236e-02 8.65800e+01  1.07583e+07 1.07583e+07 
8.36808e-02 8.65800e+01  1.07731e+07 1.07731e+07 
8.37380e-02 8.65800e+01  1.07878e+07 1.07878e+07 
8.37953e-02 8.65800e+01  1.08026e+07 1.08026e+07 
8.38525e-02 8.65800e+01  1.08173e+07 1.08173e+07 
8.39097e-02 8.65800e+01  1.08321e+07 1.08321e+07 
8.39670e-02 8.65800e+01  1.08469e+07 1.08469e+07 
8.40242e-02 8.65800e+01  1.08617e+07 1.08617e+07 
8.40815e-02 8.65800e+01  1.08765e+07 1.08765e+07 
8.41387e-02 8.65800e+01  1.08913e+07 1.08913e+07 
8.41959e-02 8.65800e+01  1.09061e+07 1.09061e+07 
8.42532e-02 8.65800e+01  1.09210e+07 1.09210e+07 
8.43104e-02 8.65800e+01  1.09358e+07 1.09358e+07 
8.43676e-02 8.65800e+01  1.09507e+07 1.09507e+07 
8.44249e-02 8.65800e+01  1.09655e+07 1.09655e+07 
8.44821e-02 8.65800e+01  1.09804e+07 1.09804e+07 
8.45393e-02 8.65800e+01  1.09953e+07 1.09953e+07 
8.45966e-02 8.65800e+01  1.10102e+07 1.10102e+07 
8.46538e-02 8.65800e+01  1.10251e+07 1.10251e+07 
8.47111e-02 8.65800e+01  1.10400e+07 1.10400e+07 
8.47683e-02 8.65800e+01  1.10549e+07 1.10549e+07 
8.48255e-02 8.65800e+01  1.10699e+07 1.10699e+07 
8.48828e-02 8.65800e+01  1.10848e+07 1.10848e+07 
8.49400e-02 8.65800e+01  1.10998e+07 1.10998e+07 
8.49972e-02 8.65800e+01  1.11147e+07 1.11147e+07 
8.50545e-02 8.65800e+01  1.11297e+07 1.11297e+07 
8.51117e-02 8.65800e+01  1.11447e+07 1.11447e+07 
8.51690e-02 8.65800e+01  1.11597e+07 1.11597e+07 
8.52262e-02 8.65800e+01  1.11747e+07 1.11747e+07 
8.52834e-02 8.65800e+01  1.11897e+07 1.11897e+07 
8.53407e-02 8.65800e+01  1.12047e+07 1.12047e+07 
8.53979e-02 8.65800e+01  1.12198e+07 1.12198e+07 
8.54551e-02 8.65800e+01  1.12348e+07 1.12348e+07 
8.55124e-02 8.65800e+01  1.12499e+07 1.12499e+07 
8.55696e-02 8.65800e+01  1.12649e+07 1.12649e+07 
8.56269e-02 8.65800e+01  1.12800e+07 1.12800e+07 
8.56841e-02 8.65800e+01  1.12951e+07 1.12951e+07 
8.57413e-02 8.65800e+01  1.13102e+07 1.13102e+07 
8.57986e-02 8.65800e+01  1.13253e+07 1.13253e+07 
8.58558e-02 8.65800e+01  1.13404e+07 1.13404e+07 
8.59130e-02 8.65800e+01  1.13555e+07 1.13555e+07 
8.59703e-02 8.65800e+01  1.13707e+07 1.13707e+07 
8.60275e-02 8.65800e+01  1.13858e+07 1.13858e+07 
8.60848e-02 8.65800e+01  1.14010e+07 1.14010e+07 
8.61420e-02 8.65800e+01  1.14161e+07 1.14161e+07 
8.61992e-02 8.65800e+01  1.14313e+07 1.14313e+07 
8.62565e-02 8.65800e+01  1.14465e+07 1.14465e+07 
8.63137e-02 8.65800e+01  1.14617e+07 1.14617e+07 
8.63709e-02 8.65800e+01  1.14769e+07 1.14769e+07 
8.64282e-02 8.65800e+01  1.14921e+07 1.14921e+07 
8.64854e-02 8.65800e+01  1.15073e+07 1.15073e+07 
8.65427e-02 8.65800e+01  1.15226e+07 1.15226e+07 
8.65999e-02 8.65800e+01  1.15378e+07 1.15378e+07 
8.66571e-02 8.65800e+01  1.15531e+07 1.15531e+07 
8.67144e-02 8.65800e+01  1.15684e+07 1.15684e+07 
8.67716e-02 8.65800e+01  1.15836e+07 1.15836e+07 
8.68288e-02 8.65800e+01  1.15989e+07 1.15989e+07 
8.68861e-02 8.65800e+01  1.16142e+07 1.16142e+07 
8.69433e-02 8.65800e+01  1.16295e+07 1.16295e+07 
8.70005e-02 8.65800e+01  1.16448e+07 1.16448e+07 
8.70578e-02 8.65800e+01  1.16602e+07 1.16602e+07 
8.71150e-02 8.65800e+01  1.16755e+07 1.16755e+07 
8.71723e-02 8.65800e+01  1.16909e+07 1.16909e+07 
8.72295e-02 8.65800e+01  1.17062e+07 1.17062e+07 
8.72867e-02 8.65800e+01  1.17216e+07 1.17216e+07 
8.73440e-02 8.65800e+01  1.17370e+07 1.17370e+07 
8.74012e-02 8.65800e+01  1.17524e+07 1.17524e+07 
8.74584e-02 8.65800e+01  1.17678e+07 1.17678e+07 
8.75157e-02 8.65800e+01  1.17832e+07 1.17832e+07 
8.75729e-02 8.65800e+01  1.17986e+07 1.17986e+07 
8.76302e-02 8.65800e+01  1.18140e+07 1.18140e+07 
8.76874e-02 8.65800e+01  1.18294e+07 1.18294e+07 
8.77446e-02 8.65800e+01  1.18449e+07 1.18449e+07 
8.78019e-02 8.65800e+01  1.18604e+07 1.18604e+07 
8.78591e-02 8.65800e+01  1.18758e+07 1.18758e+07 
8.79163e-02 8.65800e+01  1.18913e+07 1.18913e+07 
8.79736e-02 8.65800e+01  1.19068e+07 1.19068e+07 
8.80308e-02 8.65800e+01  1.19223e+07 1.19223e+07 
8.80881e-02 8.65800e+01  1.19378e+07 1.19378e+07 
8.81453e-02 8.65800e+01  1.19533e+07 1.19533e+07 
8.82025e-02 8.65800e+01  1.19689e+07 1.19689e+07 
8.82598e-02 8.65800e+01  1.19844e+07 1.19844e+07 
8.83170e-02 8.65800e+01  1.19999e+07 1.19999e+07 
8.83742e-02 8.65800e+01  1.20155e+07 1.20155e+07 
8.84315e-02 8.65800e+01  1.20311e+07 1.20311e+07 
8.84887e-02 8.65800e+01  1.20466e+07 1.20466e+07 
8.85460e-02 8.65800e+01  1.20622e+07 1.20622e+07 
8.86032e-02 8.65800e+01  1.20778e+07 1.20778e+07 
8.86604e-02 8.65800e+01  1.20934e+07 1.20934e+07 
8.87177e-02 8.65800e+01  1.21091e+07 1.21091e+07 
8.87749e-02 8.65800e+01  1.21247e+07 1.21247e+07 
8.88321e-02 8.65800e+01  1.21403e+07 1.21403e+07 
8.88894e-02 8.65800e+01  1.21560e+07 1.21560e+07 
8.89466e-02 8.65800e+01  1.21717e+07 1.21717e+07 
8.90039e-02 8.65800e+01  1.21873e+07 1.21873e+07 
8.90611e-02 8.65800e+01  1.22030e+07 1.22030e+07 
8.91183e-02 8.65800e+01  1.22187e+07 1.22187e+07 
8.91756e-02 8.65800e+01  1.22344e+07 1.22344e+07 
8.92328e-02 8.65800e+01  1.22501e+07 1.22501e+07 
8.92900e-02 8.65800e+01  1.22658e+07 1.22658e+07 
8.93473e-02 8.65800e+01  1.22816e+07 1.22816e+07 
8.94045e-02 8.65800e+01  1.22973e+07 1.22973e+07 
8.94617e-02 8.65800e+01  1.23131e+07 1.23131e+07 
8.95190e-02 8.65800e+01  1.23288e+07 1.23288e+07 
8.95762e-02 8.65800e+01  1.23446e+07 1.23446e+07 
8.96335e-02 8.65800e+01  1.23604e+07 1.23604e+07 
8.96907e-02 8.65800e+01  1.23762e+07 1.23762e+07 
8.97479e-02 8.65800e+01  1.23920e+07 1.23920e+07 
8.98052e-02 8.65800e+01  1.24078e+07 1.24078e+07 
8.98624e-02 8.65800e+01  1.24236e+07 1.24236e+07 
8.99196e-02 8.65800e+01  1.24394e+07 1.24394e+07 
8.99769e-02 8.65800e+01  1.24553e+07 1.24553e+07 
9.00341e-02 8.65800e+01  1.24711e+07 1.24711e+07 
9.00914e-02 8.65800e+01  1.24870e+07 1.24870e+07 
9.01486e-02 8.65800e+01  1.25029e+07 1.25029e+07 
9.02058e-02 8.65800e+01  1.25187e+07 1.25187e+07 
9.02631e-02 8.65800e+01  1.25346e+07 1.25346e+07 
9.03203e-02 8.65800e+01  1.25505e+07 1.25505e+07 
9.03775e-02 8.65800e+01  1.25664e+07 1.25664e+07 
9.04348e-02 8.65800e+01  1.25824e+07 1.25824e+07 
9.04920e-02 8.65800e+01  1.25983e+07 1.25983e+07 
9.05493e-02 8.65800e+01  1.26142e+07 1.26142e+07 
9.06065e-02 8.65800e+01  1.26302e+07 1.26302e+07 
9.06637e-02 8.65800e+01  1.26462e+07 1.26462e+07 
9.07210e-02 8.65800e+01  1.26621e+07 1.26621e+07 
9.07782e-02 8.65800e+01  1.26781e+07 1.26781e+07 
9.08354e-02 8.65800e+01  1.26941e+07 1.26941e+07 
9.08927e-02 8.65800e+01  1.27101e+07 1.27101e+07 
9.09499e-02 8.65800e+01  1.27261e+07 1.27261e+07 
9.10072e-02 8.65800e+01  1.27422e+07 1.27422e+07 
9.10644e-02 8.65800e+01  1.27582e+07 1.27582e+07 
9.11216e-02 8.65800e+01  1.27742e+07 1.27742e+07 
9.11789e-02 8.65800e+01  1.27903e+07 1.27903e+07 
9.12361e-02 8.65800e+01  1.28063e+07 1.28063e+07 
9.12933e-02 8.65800e+01  1.28224e+07 1.28224e+07 
9.13506e-02 8.65800e+01  1.28385e+07 1.28385e+07 
9.14078e-02 8.65800e+01  1.28546e+07 1.28546e+07 
9.14651e-02 8.65800e+01  1.28707e+07 1.28707e+07 
9.15223e-02 8.65800e+01  1.28868e+07 1.28868e+07 
9.15795e-02 8.65800e+01  1.29029e+07 1.29029e+07 
9.16368e-02 8.65800e+01  1.29191e+07 1.29191e+07 
9.16940e-02 8.65800e+01  1.29352e+07 1.29352e+07 
9.17512e-02 8.65800e+01  1.29514e+07 1.29514e+07 
9.18085e-02 8.65800e+01  1.29675e+07 1.29675e+07 
9.18657e-02 8.65800e+01  1.29837e+07 1.29837e+07 
9.19229e-02 8.65800e+01  1.29999e+07 1.29999e+07 
9.19802e-02 8.65800e+01  1.30161e+07 1.30161e+07 
9.20374e-02 8.65800e+01  1.30323e+07 1.30323e+07 
9.20947e-02 8.65800e+01  1.30485e+07 1.30485e+07 
9.21519e-02 8.65800e+01  1.30647e+07 1.30647e+07 
9.22091e-02 8.65800e+01  1.30810e+07 1.30810e+07 
9.22664e-02 8.65800e+01  1.30972e+07 1.30972e+07 
9.23236e-02 8.65800e+01  1.31135e+07 1.31135e+07 
9.23808e-02 8.65800e+01  1.31297e+07 1.31297e+07 
9.24381e-02 8.65800e+01  1.31460e+07 1.31460e+07 
9.24953e-02 8.65800e+01  1.31623e+07 1.31623e+07 
9.25526e-02 8.65800e+01  1.31786e+07 1.31786e+07 
9.26098e-02 8.65800e+01  1.31949e+07 1.31949e+07 
9.26670e-02 8.65800e+01  1.32112e+07 1.32112e+07 
9.27243e-02 8.65800e+01  1.32275e+07 1.32275e+07 
9.27815e-02 8.65800e+01  1.32439e+07 1.32439e+07 
9.28387e-02 8.65800e+01  1.32602e+07 1.32602e+07 
9.28960e-02 8.65800e+01  1.32766e+07 1.32766e+07 
9.29532e-02 8.65800e+01  1.32930e+07 1.32930e+07 
9.30105e-02 8.65800e+01  1.33093e+07 1.33093e+07 
9.30677e-02 8.65800e+01  1.33257e+07 1.33257e+07 
9.31249e-02 8.65800e+01  1.33421e+07 1.33421e+07 
9.31822e-02 8.65800e+01  1.33585e+07 1.33585e+07 
9.32394e-02 8.65800e+01  1.33749e+07 1.33749e+07 
9.32966e-02 8.65800e+01  1.33914e+07 1.33914e+07 
9.33539e-02 8.65800e+01  1.34078e+07 1.34078e+07 
9.34111e-02 8.65800e+01  1.34242e+07 1.34242e+07 
9.34684e-02 8.65800e+01  1.34407e+07 1.34407e+07 
9.35256e-02 8.65800e+01  1.34572e+07 1.34572e+07 
9.35828e-02 8.65800e+01  1.34737e+07 1.34737e+07 
9.36401e-02 8.65800e+01  1.34901e+07 1.34901e+07 
9.36973e-02 8.65800e+01  1.35066e+07 1.35066e+07 
9.37545e-02 8.65800e+01  1.35231e+07 1.35231e+07 
9.38118e-02 8.65800e+01  1.35397e+07 1.35397e+07 
9.38690e-02 8.65800e+01  1.35562e+07 1.35562e+07 
9.39263e-02 8.65800e+01  1.35727e+07 1.35727e+07 
9.39835e-02 8.65800e+01  1.35893e+07 1.35893e+07 
9.40407e-02 8.65800e+01  1.36058e+07 1.36058e+07 
9.40980e-02 8.65800e+01  1.36224e+07 1.36224e+07 
9.41552e-02 8.65800e+01  1.36390e+07 1.36390e+07 
9.42124e-02 8.65800e+01  1.36556e+07 1.36556e+07 
9.42697e-02 8.65800e+01  1.36722e+07 1.36722e+07 
9.43269e-02 8.65800e+01  1.36888e+07 1.36888e+07 
9.43841e-02 8.65800e+01  1.37054e+07 1.37054e+07 
9.44414e-02 8.65800e+01  1.37220e+07 1.37220e+07 
9.44986e-02 8.65800e+01  1.37387e+07 1.37387e+07 
9.45559e-02 8.65800e+01  1.37553e+07 1.37553e+07 
9.46131e-02 8.65800e+01  1.37720e+07 1.37720e+07 
9.46703e-02 8.65800e+01  1.37886e+07 1.37886e+07 
9.47276e-02 8.65800e+01  1.38053e+07 1.38053e+07 
9.47848e-02 8.65800e+01  1.38220e+07 1.38220e+07 
9.48420e-02 8.65800e+01  1.38387e+07 1.38387e+07 
9.48993e-02 8.65800e+01  1.38554e+07 1.38554e+07 
9.49565e-02 8.65800e+01  1.38721e+07 1.38721e+07 
9.50138e-02 8.65800e+01  1.38889e+07 1.38889e+07 
9.50710e-02 8.65800e+01  1.39056e+07 1.39056e+07 
9.51282e-02 8.65800e+01  1.39224e+07 1.39224e+07 
9.51855e-02 8.65800e+01  1.39391e+07 1.39391e+07 
9.52427e-02 8.65800e+01  1.39559e+07 1.39559e+07 
9.52999e-02 8.65800e+01  1.39727e+07 1.39727e+07 
9.53572e-02 8.65800e+01  1.39895e+07 1.39895e+07 
9.54144e-02 8.65800e+01  1.40063e+07 1.40063e+07 
9.54717e-02 8.65800e+01  1.40231e+07 1.40231e+07 
9.55289e-02 8.65800e+01  1.40399e+07 1.40399e+07 
9.55861e-02 8.65800e+01  1.40567e+07 1.40567e+07 
9.56434e-02 8.65800e+01  1.40736e+07 1.40736e+07 
9.57006e-02 8.65800e+01  1.40904e+07 1.40904e+07 
9.57578e-02 8.65800e+01  1.41073e+07 1.41073e+07 
9.58151e-02 8.65800e+01  1.41241e+07 1.41241e+07 
9.58723e-02 8.65800e+01  1.41410e+07 1.41410e+07 
9.59296e-02 8.65800e+01  1.41579e+07 1.41579e+07 
9.59868e-02 8.65800e+01  1.41748e+07 1.41748e+07 
9.60440e-02 8.65800e+01  1.41917e+07 1.41917e+07 
9.61013e-02 8.65800e+01  1.42086e+07 1.42086e+07 
9.61585e-02 8.65800e+01  1.42256e+07 1.42256e+07 
9.62157e-02 8.65800e+01  1.42425e+07 1.42425e+07 
9.62730e-02 8.65800e+01  1.42595e+07 1.42595e+07 
9.63302e-02 8.65800e+01  1.42764e+07 1.42764e+07 
9.63875e-02 8.65800e+01  1.42934e+07 1.42934e+07 
9.64447e-02 8.65800e+01  1.43104e+07 1.43104e+07 
9.65019e-02 8.65800e+01  1.43274e+07 1.43274e+07 
9.65592e-02 8.65800e+01  1.43444e+07 1.43444e+07 
9.66164e-02 8.65800e+01  1.43614e+07 1.43614e+07 
9.66736e-02 8.65800e+01  1.43784e+07 1.43784e+07 
9.67309e-02 8.65800e+01  1.43954e+07 1.43954e+07 
9.67881e-02 8.65800e+01  1.44125e+07 1.44125e+07 
9.68453e-02 8.65800e+01  1.44295e+07 1.44295e+07 
9.69026e-02 8.65800e+01  1.44466e+07 1.44466e+07 
9.69598e-02 8.65800e+01  1.44637e+07 1.44637e+07 
9.70171e-02 8.65800e+01  1.44807e+07 1.44807e+07 
9.70743e-02 8.65800e+01  1.44978e+07 1.44978e+07 
9.71315e-02 8.65800e+01  1.45149e+07 1.45149e+07 
9.71888e-02 8.65800e+01  1.45321e+07 1.45321e+07 
9.72460e-02 8.65800e+01  1.45492e+07 1.45492e+07 
9.73032e-02 8.65800e+01  1.45663e+07 1.45663e+07 
9.73605e-02 8.65800e+01  1.45835e+07 1.45835e+07 
9.74177e-02 8.65800e+01  1.46006e+07 1.46006e+07 
9.74750e-02 8.65800e+01  1.46178e+07 1.46178e+07 
9.75322e-02 8.65800e+01  1.46349e+07 1.46349e+07 
9.75894e-02 8.65800e+01  1.46521e+07 1.46521e+07 
9.76467e-02 8.65800e+01  1.46693e+07 1.46693e+07 
9.77039e-02 8.65800e+01  1.46865e+07 1.46865e+07 
9.77611e-02 8.65800e+01  1.47037e+07 1.47037e+07 
9.78184e-02 8.65800e+01  1.47210e+07 1.47210e+07 
9.78756e-02 8.65800e+01  1.47382e+07 1.47382e+07 
9.79329e-02 8.65800e+01  1.47554e+07 1.47554e+07 
9.79901e-02 8.65800e+01  1.47727e+07 1.47727e+07 
9.80473e-02 8.65800e+01  1.47900e+07 1.47900e+07 
9.81046e-02 8.65800e+01  1.48072e+07 1.48072e+07 
9.81618e-02 8.65800e+01  1.48245e+07 1.48245e+07 
9.82190e-02 8.65800e+01  1.48418e+07 1.48418e+07 
9.82763e-02 8.65800e+01  1.48591e+07 1.48591e+07 
9.83335e-02 8.65800e+01  1.48764e+07 1.48764e+07 
9.83908e-02 8.65800e+01  1.48937e+07 1.48937e+07 
9.84480e-02 8.65800e+01  1.49111e+07 1.49111e+07 
9.85052e-02 8.65800e+01  1.49284e+07 1.49284e+07 
9.85625e-02 8.65800e+01  1.49458e+07 1.49458e+07 
9.86197e-02 8.65800e+01  1.49631e+07 1.49631e+07 
9.86769e-02 8.65800e+01  1.49805e+07 1.49805e+07 
9.87342e-02 8.65800e+01  1.49979e+07 1.49979e+07 
9.87914e-02 8.65800e+01  1.50153e+07 1.50153e+07 
9.88486e-02 8.65800e+01  1.50327e+07 1.50327e+07 
9.89059e-02 8.65800e+01  1.50501e+07 1.50501e+07 
9.89631e-02 8.65800e+01  1.50675e+07 1.50675e+07 
9.90204e-02 8.65800e+01  1.50850e+07 1.50850e+07 
9.90776e-02 8.65800e+01  1.51024e+07 1.51024e+07 
9.91348e-02 8.65800e+01  1.51199e+07 1.51199e+07 
9.91921e-02 8.65800e+01  1.51374e+07 1.51374e+07 
9.92493e-02 8.65800e+01  1.51548e+07 1.51548e+07 
9.93065e-02 8.65800e+01  1.51723e+07 1.51723e+07 
9.93638e-02 8.65800e+01  1.51898e+07 1.51898e+07 
9.94210e-02 8.65800e+01  1.52073e+07 1.52073e+07 
9.94783e-02 8.65800e+01  1.52248e+07 1.52248e+07 
9.95355e-02 8.65800e+01  1.52424e+07 1.52424e+07 
9.95927e-02 8.65800e+01  1.52599e+07 1.52599e+07 
9.96500e-02 8.65800e+01  1.52774e+07 1.52774e+07 
9.97072e-02 8.65800e+01  1.52950e+07 1.52950e+07 
9.97644e-02 8.65800e+01  1.53126e+07 1.53126e+07 
9.98217e-02 8.65800e+01  1.53301e+07 1.53301e+07 
9.98789e-02 8.65800e+01  1.53477e+07 1.53477e+07 
9.99362e-02 8.65800e+01  1.53653e+07 1.53653e+07 
9.99934e-02 8.65800e+01  1.53829e+07 1.53829e+07 
1.00000e-01 8.65800e+01  1.53850e+07 1.53850e+07 
