5.72372e-05 6.11492e-23
1.14474e-04 9.79800e-23
1.71712e-04 3.68365e-23
2.28949e-04 9.86917e-23
2.86186e-04 2.09179e-22
3.43423e-04 2.51913e-22
4.00660e-04 1.90768e-22
4.57898e-04 2.22052e-22
5.15135e-04 2.71396e-22
5.72372e-04 3.14120e-22
6.29609e-04 2.64778e-22
6.86846e-04 3.45413e-22
7.44084e-04 4.44101e-22
8.01321e-04 5.30277e-22
8.58558e-04 5.91413e-22
9.15795e-04 5.54584e-22
9.73032e-04 6.53796e-22
1.03027e-03 7.89310e-22
1.08751e-03 7.39442e-22
1.14474e-03 8.62976e-22
1.20198e-03 9.49868e-22
1.25922e-03 1.03605e-21
1.31646e-03 9.37362e-22
1.37369e-03 9.00523e-22
1.43093e-03 9.49866e-22
1.48817e-03 9.86694e-22
1.54540e-03 9.37352e-22
1.60264e-03 9.99212e-22
1.65988e-03 1.10973e-21
1.71712e-03 1.10973e-21
1.77435e-03 9.99216e-22
1.83159e-03 9.99216e-22
1.88883e-03 1.04856e-21
1.94606e-03 1.04856e-21
2.00330e-03 9.99216e-22
2.06054e-03 1.04856e-21
2.11778e-03 1.14725e-21
2.17501e-03 1.19659e-21
2.23225e-03 1.24593e-21
2.28949e-03 1.22126e-21
2.34673e-03 1.31995e-21
2.40396e-03 1.41864e-21
2.46120e-03 1.38112e-21
2.51844e-03 1.47981e-21
2.57567e-03 1.56667e-21
2.63291e-03 1.61601e-21
2.69015e-03 1.61601e-21
2.74739e-03 1.56667e-21
2.80462e-03 1.62835e-21
2.86186e-03 1.62835e-21
2.91910e-03 1.56667e-21
2.97633e-03 1.61601e-21
3.03357e-03 1.76404e-21
3.09081e-03 1.86273e-21
3.14805e-03 1.71470e-21
3.20528e-03 1.66536e-21
3.26252e-03 1.71470e-21
3.31976e-03 1.71470e-21
3.37699e-03 1.66536e-21
3.43423e-03 1.71470e-21
3.49147e-03 1.81339e-21
3.54871e-03 1.81339e-21
3.60594e-03 1.71470e-21
3.66318e-03 1.71470e-21
3.72042e-03 1.76405e-21
3.77766e-03 1.76405e-21
3.83489e-03 1.71470e-21
3.89213e-03 1.76405e-21
3.94937e-03 1.86274e-21
4.00660e-03 1.91208e-21
4.06384e-03 1.96142e-21
4.12108e-03 2.10945e-21
4.17832e-03 2.22028e-21
4.23555e-03 2.18270e-21
4.29279e-03 2.15822e-21
4.35003e-03 2.25748e-21
4.40726e-03 2.39299e-21
4.46450e-03 2.33718e-21
4.52174e-03 2.43606e-21
4.57898e-03 2.54060e-21
4.63621e-03 2.57741e-21
4.69345e-03 2.46697e-21
4.75069e-03 2.47950e-21
4.80793e-03 2.54060e-21
4.86516e-03 2.62676e-21
4.92240e-03 2.56566e-21
4.97964e-03 2.63987e-21
5.03687e-03 2.73856e-21
5.09411e-03 2.77537e-21
5.15135e-03 2.77537e-21
5.20859e-03 2.78790e-21
5.26582e-03 2.83724e-21
5.32306e-03 2.92340e-21
5.38030e-03 2.88582e-21
5.43753e-03 2.96003e-21
5.49477e-03 2.99761e-21
5.55201e-03 3.09003e-21
5.60925e-03 3.09003e-21
5.66648e-03 3.05929e-21
5.72372e-03 3.10863e-21
5.78096e-03 3.22573e-21
5.83819e-03 3.17638e-21
5.89543e-03 3.26900e-21
5.95267e-03 3.36769e-21
6.00991e-03 3.44170e-21
6.06714e-03 3.39236e-21
6.12438e-03 3.35535e-21
6.18162e-03 3.46637e-21
6.23886e-03 3.51572e-21
6.29609e-03 3.45404e-21
6.35333e-03 3.51572e-21
6.41057e-03 3.71309e-21
6.46780e-03 3.78711e-21
6.52504e-03 3.58973e-21
6.58228e-03 3.55272e-21
6.63952e-03 3.60207e-21
6.69675e-03 3.65141e-21
6.75399e-03 3.60207e-21
6.81123e-03 3.67608e-21
6.86846e-03 3.72543e-21
6.92570e-03 3.79944e-21
6.98294e-03 3.79944e-21
7.04018e-03 3.76244e-21
7.09741e-03 3.81178e-21
7.15465e-03 3.86112e-21
7.21189e-03 3.81178e-21
7.26912e-03 3.87346e-21
7.32636e-03 3.92280e-21
7.38360e-03 4.02149e-21
7.44084e-03 3.97215e-21
7.49807e-03 3.92280e-21
7.55531e-03 4.02149e-21
7.61255e-03 4.12018e-21
7.66979e-03 4.07083e-21
7.72702e-03 4.18128e-21
7.78426e-03 4.31678e-21
7.84150e-03 4.26149e-21
7.89873e-03 4.38499e-21
7.95597e-03 4.48955e-21
8.01321e-03 4.52642e-21
8.07045e-03 4.54514e-21
8.12768e-03 4.55762e-21
8.18492e-03 4.62568e-21
8.24216e-03 4.66250e-21
8.29939e-03 4.62506e-21
8.35663e-03 4.63754e-21
8.41387e-03 4.67498e-21
8.47111e-03 4.78586e-21
8.52834e-03 4.82228e-21
8.58558e-03 4.77309e-21
8.64282e-03 4.83520e-21
8.70005e-03 4.87206e-21
8.75729e-03 4.82867e-21
8.81453e-03 4.87821e-21
8.87177e-03 4.97094e-21
8.92900e-03 5.08182e-21
8.98624e-03 5.01376e-21
9.04348e-03 4.98923e-21
9.10072e-03 5.06913e-21
9.15795e-03 5.10599e-21
9.21519e-03 5.05070e-21
9.27243e-03 5.08785e-21
9.32966e-03 5.19242e-21
9.38690e-03 5.22928e-21
9.44414e-03 5.17399e-21
9.50138e-03 5.18647e-21
9.55861e-03 5.27920e-21
9.61585e-03 5.37789e-21
9.67309e-03 5.33450e-21
9.73032e-03 5.44552e-21
9.78756e-03 5.48899e-21
9.84480e-03 5.56300e-21
9.90204e-03 5.59943e-21
9.95927e-03 5.56242e-21
1.00165e-02 5.62468e-21
1.00737e-02 5.62468e-21
1.01310e-02 5.57534e-21
1.01882e-02 5.61234e-21
1.02455e-02 5.66169e-21
1.03027e-02 5.73570e-21
1.03599e-02 5.66169e-21
1.04172e-02 5.60001e-21
1.04744e-02 5.67403e-21
1.05316e-02 5.67403e-21
1.05889e-02 5.62468e-21
1.06461e-02 5.66169e-21
1.07034e-02 5.85906e-21
1.07606e-02 5.95775e-21
1.08178e-02 5.80973e-21
1.08751e-02 5.76038e-21
1.09323e-02 5.85907e-21
1.09895e-02 5.95776e-21
1.10468e-02 5.90841e-21
1.11040e-02 6.00710e-21
1.11613e-02 6.10579e-21
1.12185e-02 6.10579e-21
1.12757e-02 6.08112e-21
1.13330e-02 6.08112e-21
1.13902e-02 6.15513e-21
1.14474e-02 6.15513e-21
1.15047e-02 6.10579e-21
1.15619e-02 6.15513e-21
1.16192e-02 6.20448e-21
1.16764e-02 6.30316e-21
1.17336e-02 6.32783e-21
1.17909e-02 6.25382e-21
1.18481e-02 6.32783e-21
1.19053e-02 6.32783e-21
1.19626e-02 6.27849e-21
1.20198e-02 6.31550e-21
1.20770e-02 6.41418e-21
1.21343e-02 6.48820e-21
1.21915e-02 6.41418e-21
1.22488e-02 6.35251e-21
1.23060e-02 6.38932e-21
1.23632e-02 6.33998e-21
1.24205e-02 6.35241e-21
1.24777e-02 6.41351e-21
1.25349e-02 6.45645e-21
1.25922e-02 6.39535e-21
1.26494e-02 6.47601e-21
1.27067e-02 6.57470e-21
1.27639e-02 6.66674e-21
1.28211e-02 6.72813e-21
1.28784e-02 6.73477e-21
1.29356e-02 6.83404e-21
1.29928e-02 6.96963e-21
1.30501e-02 6.91971e-21
1.31073e-02 7.04326e-21
1.31646e-02 7.12990e-21
1.32218e-02 7.21606e-21
1.32790e-02 7.12942e-21
1.33363e-02 7.09261e-21
1.33935e-02 7.13019e-21
1.34507e-02 7.16710e-21
1.35080e-02 7.11776e-21
1.35652e-02 7.13019e-21
1.36225e-02 7.22888e-21
1.36797e-02 7.29037e-21
1.37369e-02 7.19168e-21
1.37942e-02 7.19187e-21
1.38514e-02 7.25326e-21
1.39086e-02 7.29008e-21
1.39659e-02 7.22898e-21
1.40231e-02 7.29075e-21
1.40804e-02 7.38944e-21
1.41376e-02 7.38944e-21
1.41948e-02 7.34010e-21
1.42521e-02 7.34010e-21
1.43093e-02 7.38944e-21
1.43665e-02 7.38944e-21
1.44238e-02 7.34010e-21
1.44810e-02 7.38944e-21
1.45382e-02 7.48813e-21
1.45955e-02 7.53747e-21
1.46527e-02 7.58682e-21
1.47100e-02 7.53747e-21
1.47672e-02 7.64849e-21
1.48244e-02 7.64849e-21
1.48817e-02 7.58682e-21
1.49389e-02 7.64849e-21
1.49961e-02 7.74718e-21
1.50534e-02 7.84587e-21
1.51106e-02 7.74718e-21
1.51679e-02 7.67316e-21
1.52251e-02 7.72251e-21
1.52823e-02 7.72251e-21
1.53396e-02 7.67316e-21
1.53968e-02 7.72251e-21
1.54540e-02 7.82119e-21
1.55113e-02 7.82120e-21
1.55685e-02 7.72251e-21
1.56258e-02 7.72251e-21
1.56830e-02 7.77185e-21
1.57402e-02 7.77185e-21
1.57975e-02 7.72251e-21
1.58547e-02 7.77185e-21
1.59119e-02 7.87054e-21
1.59692e-02 7.91988e-21
1.60264e-02 7.96923e-21
1.60837e-02 7.94455e-21
1.61409e-02 8.04324e-21
1.61981e-02 8.14193e-21
1.62554e-02 8.09258e-21
1.63126e-02 8.20361e-21
1.63698e-02 8.30229e-21
1.64271e-02 8.35164e-21
1.64843e-02 8.35164e-21
1.65416e-02 8.30229e-21
1.65988e-02 8.35164e-21
1.66560e-02 8.35164e-21
1.67133e-02 8.30229e-21
1.67705e-02 8.35164e-21
1.68277e-02 8.42546e-21
1.68850e-02 8.38214e-21
1.69422e-02 8.45635e-21
1.69994e-02 8.56106e-21
1.70567e-02 8.59788e-21
1.71139e-02 8.54266e-21
1.71712e-02 8.55509e-21
1.72284e-02 8.59855e-21
1.72856e-02 8.68481e-21
1.73429e-02 8.64134e-21
1.74001e-02 8.72789e-21
1.74573e-02 8.77121e-21
1.75146e-02 8.88204e-21
1.75718e-02 8.89409e-21
1.76291e-02 8.86961e-21
1.76863e-02 8.90719e-21
1.77435e-02 8.99345e-21
1.78008e-02 8.95586e-21
1.78580e-02 8.99296e-21
1.79152e-02 9.07990e-21
1.79725e-02 9.19072e-21
1.80297e-02 9.14138e-21
1.80870e-02 9.11690e-21
1.81442e-02 9.22792e-21
1.82014e-02 9.36343e-21
1.82587e-02 9.30175e-21
1.83159e-02 9.40053e-21
1.83731e-02 9.60966e-21
1.84304e-02 9.64648e-21
1.84876e-02 9.43706e-21
1.85449e-02 9.44959e-21
1.86021e-02 9.49893e-21
1.86593e-02 9.56668e-21
1.87166e-02 9.51734e-21
1.87738e-02 9.58523e-21
1.88310e-02 9.63458e-21
1.88883e-02 9.72705e-21
1.89455e-02 9.72705e-21
1.90028e-02 9.69631e-21
1.90600e-02 9.74565e-21
1.91172e-02 9.79499e-21
1.91745e-02 9.75770e-21
1.92317e-02 9.81938e-21
1.92889e-02 9.85697e-21
1.93462e-02 9.95565e-21
1.94034e-02 9.95565e-21
1.94606e-02 9.90631e-21
1.95179e-02 9.95565e-21
1.95751e-02 1.00543e-20
1.96324e-02 1.00050e-20
1.96896e-02 1.00913e-20
1.97468e-02 1.01900e-20
1.98041e-02 1.02640e-20
1.98613e-02 1.01654e-20
1.99185e-02 1.01284e-20
1.99758e-02 1.01900e-20
2.00330e-02 1.02394e-20
2.00903e-02 1.01777e-20
2.01475e-02 1.02394e-20
2.02047e-02 1.04368e-20
2.02620e-02 1.05108e-20
2.03192e-02 1.03134e-20
2.03764e-02 1.02764e-20
2.04337e-02 1.03257e-20
2.04909e-02 1.03751e-20
2.05482e-02 1.03257e-20
2.06054e-02 1.03997e-20
2.06626e-02 1.04491e-20
2.07199e-02 1.05231e-20
2.07771e-02 1.05231e-20
2.08343e-02 1.04861e-20
2.08916e-02 1.05354e-20
2.09488e-02 1.05848e-20
2.10061e-02 1.05354e-20
2.10633e-02 1.05971e-20
2.11205e-02 1.06465e-20
2.11778e-02 1.07452e-20
2.12350e-02 1.06958e-20
2.12922e-02 1.06465e-20
2.13495e-02 1.06833e-20
2.14067e-02 1.07388e-20
2.14640e-02 1.07513e-20
2.15212e-02 1.08559e-20
2.15784e-02 1.09914e-20
2.16357e-02 1.09362e-20
2.16929e-02 1.10595e-20
2.17501e-02 1.11147e-20
2.18074e-02 1.12256e-20
2.18646e-02 1.12444e-20
2.19218e-02 1.12199e-20
2.19791e-02 1.12877e-20
2.20363e-02 1.13245e-20
2.20936e-02 1.12870e-20
2.21508e-02 1.12995e-20
2.22080e-02 1.13371e-20
2.22653e-02 1.14481e-20
2.23225e-02 1.14845e-20
2.23797e-02 1.14354e-20
2.24370e-02 1.14976e-20
2.24942e-02 1.15345e-20
2.25515e-02 1.14913e-20
2.26087e-02 1.15408e-20
2.26659e-02 1.16336e-20
2.27232e-02 1.17445e-20
2.27804e-02 1.16763e-20
2.28376e-02 1.16516e-20
2.28949e-02 1.17315e-20
2.29521e-02 1.17684e-20
2.30094e-02 1.17131e-20
2.30666e-02 1.17627e-20
2.31238e-02 1.18675e-20
2.31811e-02 1.19043e-20
2.32383e-02 1.18491e-20
2.32955e-02 1.18617e-20
2.33528e-02 1.19545e-20
2.34100e-02 1.19545e-20
2.34673e-02 1.19110e-20
2.35245e-02 1.19727e-20
2.35817e-02 1.20161e-20
2.36390e-02 1.21148e-20
2.36962e-02 1.21518e-20
2.37534e-02 1.21025e-20
2.38107e-02 1.21647e-20
2.38679e-02 1.21647e-20
2.39252e-02 1.21154e-20
2.39824e-02 1.21524e-20
2.40396e-02 1.22018e-20
2.40969e-02 1.22758e-20
2.41541e-02 1.22018e-20
2.42113e-02 1.21401e-20
2.42686e-02 1.22141e-20
2.43258e-02 1.22141e-20
2.43830e-02 1.21647e-20
2.44403e-02 1.22018e-20
2.44975e-02 1.23991e-20
2.45548e-02 1.24731e-20
2.46120e-02 1.23251e-20
2.46692e-02 1.22881e-20
2.47265e-02 1.23868e-20
2.47837e-02 1.24855e-20
2.48409e-02 1.24361e-20
2.48982e-02 1.25472e-20
2.49554e-02 1.26458e-20
2.50127e-02 1.26458e-20
2.50699e-02 1.26212e-20
2.51271e-02 1.26212e-20
2.51844e-02 1.26952e-20
2.52416e-02 1.26952e-20
2.52988e-02 1.26458e-20
2.53561e-02 1.26952e-20
2.54133e-02 1.27445e-20
2.54706e-02 1.28432e-20
2.55278e-02 1.28679e-20
2.55850e-02 1.27939e-20
2.56423e-02 1.28679e-20
2.56995e-02 1.28679e-20
2.57567e-02 1.28185e-20
2.58140e-02 1.28556e-20
2.58712e-02 1.29542e-20
2.59285e-02 1.29542e-20
2.59857e-02 1.29296e-20
2.60429e-02 1.29413e-20
2.61002e-02 1.29840e-20
2.61574e-02 1.28736e-20
2.62146e-02 1.29049e-20
2.62719e-02 1.29660e-20
2.63291e-02 1.30092e-20
2.63864e-02 1.29481e-20
2.64436e-02 1.30287e-20
2.65008e-02 1.31274e-20
2.65581e-02 1.32136e-20
2.66153e-02 1.32753e-20
2.66725e-02 1.32384e-20
2.67298e-02 1.33377e-20
2.67870e-02 1.34732e-20
2.68442e-02 1.34233e-20
2.69015e-02 1.35467e-20
2.69587e-02 1.36336e-20
2.70160e-02 1.37197e-20
2.70732e-02 1.36211e-20
2.71304e-02 1.35842e-20
2.71877e-02 1.36336e-20
2.72449e-02 1.36704e-20
2.73021e-02 1.36211e-20
2.73594e-02 1.36336e-20
2.74166e-02 1.37323e-20
2.74739e-02 1.37939e-20
2.75311e-02 1.36953e-20
2.75883e-02 1.36955e-20
2.76456e-02 1.37566e-20
2.77028e-02 1.37566e-20
2.77600e-02 1.36949e-20
2.78173e-02 1.37442e-20
2.78745e-02 1.38429e-20
2.79318e-02 1.38922e-20
2.79890e-02 1.38922e-20
2.80462e-02 1.38676e-20
2.81035e-02 1.39169e-20
2.81607e-02 1.40156e-20
2.82179e-02 1.39780e-20
2.82752e-02 1.40767e-20
2.83324e-02 1.41631e-20
2.83897e-02 1.42124e-20
2.84469e-02 1.42124e-20
2.85041e-02 1.41631e-20
2.85614e-02 1.42247e-20
2.86186e-02 1.42247e-20
2.86758e-02 1.41631e-20
2.87331e-02 1.42247e-20
2.87903e-02 1.43234e-20
2.88476e-02 1.44221e-20
2.89048e-02 1.43234e-20
2.89620e-02 1.42494e-20
2.90193e-02 1.42987e-20
2.90765e-02 1.42987e-20
2.91337e-02 1.42494e-20
2.91910e-02 1.42987e-20
2.92482e-02 1.43974e-20
2.93054e-02 1.43974e-20
2.93627e-02 1.42987e-20
2.94199e-02 1.42987e-20
2.94772e-02 1.43481e-20
2.95344e-02 1.43481e-20
2.95916e-02 1.42987e-20
2.96489e-02 1.43481e-20
2.97061e-02 1.44468e-20
2.97633e-02 1.45455e-20
2.98206e-02 1.45948e-20
2.98778e-02 1.45455e-20
2.99351e-02 1.46565e-20
2.99923e-02 1.47552e-20
3.00495e-02 1.46935e-20
3.01068e-02 1.48045e-20
3.01640e-02 1.49032e-20
3.02212e-02 1.49525e-20
3.02785e-02 1.49525e-20
3.03357e-02 1.49032e-20
3.03930e-02 1.49525e-20
3.04502e-02 1.49525e-20
3.05074e-02 1.49032e-20
3.05647e-02 1.49643e-20
3.06219e-02 1.50507e-20
3.06791e-02 1.49954e-20
3.07364e-02 1.50696e-20
3.07936e-02 1.51742e-20
3.08509e-02 1.52110e-20
3.09081e-02 1.52049e-20
3.09653e-02 1.52174e-20
3.10226e-02 1.52609e-20
3.10798e-02 1.53470e-20
3.11370e-02 1.53094e-20
3.11943e-02 1.53958e-20
3.12515e-02 1.54334e-20
3.13088e-02 1.55440e-20
3.13660e-02 1.55558e-20
3.14232e-02 1.55315e-20
3.14805e-02 1.55696e-20
3.15377e-02 1.56558e-20
3.15949e-02 1.56065e-20
3.16522e-02 1.56437e-20
3.17094e-02 1.57423e-20
3.17666e-02 1.58347e-20
3.18239e-02 1.57853e-20
3.18811e-02 1.57547e-20
3.19384e-02 1.58657e-20
3.19956e-02 1.59644e-20
3.20528e-02 1.59027e-20
3.21101e-02 1.59891e-20
3.21673e-02 1.61864e-20
3.22245e-02 1.62604e-20
3.22818e-02 1.60631e-20
3.23390e-02 1.60261e-20
3.23963e-02 1.60754e-20
3.24535e-02 1.61248e-20
3.25107e-02 1.60754e-20
3.25680e-02 1.61494e-20
3.26252e-02 1.61988e-20
3.26824e-02 1.62728e-20
3.27397e-02 1.62728e-20
3.27969e-02 1.62358e-20
3.28542e-02 1.62851e-20
3.29114e-02 1.63345e-20
3.29686e-02 1.62851e-20
3.30259e-02 1.63468e-20
3.30831e-02 1.63961e-20
3.31403e-02 1.64948e-20
3.31976e-02 1.65442e-20
3.32548e-02 1.68520e-20
3.33121e-02 1.69626e-20
3.33693e-02 1.68087e-20
3.34265e-02 1.67844e-20
3.34838e-02 1.68887e-20
3.35410e-02 1.70242e-20
3.35982e-02 1.69693e-20
3.36555e-02 1.70928e-20
3.37127e-02 1.71859e-20
3.37699e-02 1.72226e-20
3.38272e-02 1.72531e-20
3.38844e-02 1.72658e-20
3.39417e-02 1.73340e-20
3.39989e-02 1.73706e-20
3.40561e-02 1.73324e-20
3.41134e-02 1.73820e-20
3.41706e-02 1.74201e-20
3.42278e-02 1.74941e-20
3.42851e-02 1.75188e-20
3.43423e-02 1.74571e-20
3.43996e-02 1.75311e-20
3.44568e-02 1.75311e-20
3.45140e-02 1.74818e-20
3.45713e-02 1.75188e-20
3.46285e-02 1.76175e-20
3.46857e-02 1.76915e-20
3.47430e-02 1.76175e-20
3.48002e-02 1.75805e-20
3.48575e-02 1.76545e-20
3.49147e-02 1.76545e-20
3.49719e-02 1.76052e-20
3.50292e-02 1.76298e-20
3.50864e-02 1.77285e-20
3.51436e-02 1.77285e-20
3.52009e-02 1.76792e-20
3.52581e-02 1.76792e-20
3.53154e-02 1.77779e-20
3.53726e-02 1.78766e-20
3.54298e-02 1.78272e-20
3.54871e-02 1.79382e-20
3.55443e-02 1.80796e-20
3.56015e-02 1.80291e-20
3.56588e-02 1.81715e-20
3.57160e-02 1.82590e-20
3.57733e-02 1.83449e-20
3.58305e-02 1.82462e-20
3.58877e-02 1.82096e-20
3.59450e-02 1.82590e-20
3.60022e-02 1.82956e-20
3.60594e-02 1.82462e-20
3.61167e-02 1.83081e-20
3.61739e-02 1.84180e-20
3.62311e-02 1.84795e-20
3.62884e-02 1.83696e-20
3.63456e-02 1.83700e-20
3.64029e-02 1.84311e-20
3.64601e-02 1.84311e-20
3.65173e-02 1.83706e-20
3.65746e-02 1.84199e-20
3.66318e-02 1.85186e-20
3.66890e-02 1.85680e-20
3.67463e-02 1.86173e-20
3.68035e-02 1.85926e-20
3.68608e-02 1.86913e-20
3.69180e-02 1.87900e-20
3.69752e-02 1.87407e-20
3.70325e-02 1.88393e-20
3.70897e-02 1.89380e-20
3.71469e-02 1.89874e-20
3.72042e-02 1.89874e-20
3.72614e-02 1.89380e-20
3.73187e-02 1.89997e-20
3.73759e-02 1.89997e-20
3.74331e-02 1.89380e-20
3.74904e-02 1.89874e-20
3.75476e-02 1.91354e-20
3.76048e-02 1.92341e-20
3.76621e-02 1.90861e-20
3.77193e-02 1.90367e-20
3.77766e-02 1.90733e-20
3.78338e-02 1.91286e-20
3.78910e-02 1.91413e-20
3.79483e-02 1.91962e-20
3.80055e-02 1.92824e-20
3.80627e-02 1.92219e-20
3.81200e-02 1.93084e-20
3.81772e-02 1.93577e-20
3.82345e-02 1.94684e-20
3.82917e-02 1.94801e-20
3.83489e-02 1.94559e-20
3.84062e-02 1.94934e-20
3.84634e-02 1.95794e-20
3.85206e-02 1.95412e-20
3.85779e-02 1.95784e-20
3.86351e-02 1.96659e-20
3.86923e-02 1.97584e-20
3.87496e-02 1.97090e-20
3.88068e-02 1.96784e-20
3.88641e-02 1.97894e-20
3.89213e-02 1.98881e-20
3.89785e-02 1.98264e-20
3.90358e-02 1.99128e-20
3.90930e-02 2.00114e-20
3.91502e-02 2.00114e-20
3.92075e-02 1.99128e-20
3.92647e-02 1.99128e-20
3.93220e-02 1.99621e-20
3.93792e-02 2.00114e-20
3.94364e-02 1.99621e-20
3.94937e-02 2.00238e-20
3.95509e-02 2.01225e-20
3.96081e-02 2.01225e-20
3.96654e-02 2.01225e-20
3.97226e-02 2.01225e-20
3.97799e-02 2.01718e-20
3.98371e-02 2.02212e-20
3.98943e-02 2.01718e-20
3.99516e-02 2.02335e-20
4.00088e-02 2.02828e-20
4.00660e-02 2.03445e-20
4.01233e-02 2.04432e-20
4.01805e-02 2.06294e-20
4.02378e-02 2.07647e-20
4.02950e-02 2.06223e-20
4.03522e-02 2.05853e-20
4.04095e-02 2.06895e-20
4.04667e-02 2.08249e-20
4.05239e-02 2.07699e-20
4.05812e-02 2.08813e-20
4.06384e-02 2.09862e-20
4.06957e-02 2.10228e-20
4.07529e-02 2.09926e-20
4.08101e-02 2.10053e-20
4.08674e-02 2.10737e-20
4.09246e-02 2.11107e-20
4.09818e-02 2.10670e-20
4.10391e-02 2.11290e-20
4.10963e-02 2.11728e-20
4.11535e-02 2.12715e-20
4.12108e-02 2.13085e-20
4.12680e-02 2.12344e-20
4.13253e-02 2.12973e-20
4.13825e-02 2.12973e-20
4.14397e-02 2.12479e-20
4.14970e-02 2.12850e-20
4.15542e-02 2.13836e-20
4.16114e-02 2.14577e-20
4.16687e-02 2.13836e-20
4.17259e-02 2.13220e-20
4.17832e-02 2.13960e-20
4.18404e-02 2.13960e-20
4.18976e-02 2.13466e-20
4.19549e-02 2.13836e-20
4.20121e-02 2.14823e-20
4.20693e-02 2.14823e-20
4.21266e-02 2.14330e-20
4.21838e-02 2.14330e-20
4.22411e-02 2.15317e-20
4.22983e-02 2.17402e-20
4.23555e-02 2.16909e-20
4.24128e-02 2.17907e-20
4.24700e-02 2.19316e-20
4.25272e-02 2.18811e-20
4.25845e-02 2.20240e-20
4.26417e-02 2.21103e-20
4.26990e-02 2.21963e-20
4.27562e-02 2.21088e-20
4.28134e-02 2.20721e-20
4.28707e-02 2.21103e-20
4.29279e-02 2.21473e-20
4.29851e-02 2.20980e-20
4.30424e-02 2.21107e-20
4.30996e-02 2.22094e-20
4.31569e-02 2.22953e-20
4.32141e-02 2.21967e-20
4.32713e-02 2.21847e-20
4.33286e-02 2.22452e-20
4.33858e-02 2.22452e-20
4.34430e-02 2.21847e-20
4.35003e-02 2.22340e-20
4.35575e-02 2.23327e-20
4.36147e-02 2.23327e-20
4.36720e-02 2.22834e-20
4.37292e-02 2.22834e-20
4.37865e-02 2.23327e-20
4.38437e-02 2.23327e-20
4.39009e-02 2.22834e-20
4.39582e-02 2.23327e-20
4.40154e-02 2.24314e-20
4.40726e-02 2.24808e-20
4.41299e-02 2.25301e-20
4.41871e-02 2.24808e-20
4.42444e-02 2.25918e-20
4.43016e-02 2.25918e-20
4.43588e-02 2.25301e-20
4.44161e-02 2.25918e-20
4.44733e-02 2.26905e-20
4.45305e-02 2.27892e-20
4.45878e-02 2.26905e-20
4.46450e-02 2.26165e-20
4.47023e-02 2.26901e-20
4.47595e-02 2.26463e-20
4.48167e-02 2.26220e-20
4.48740e-02 2.26770e-20
4.49312e-02 2.27633e-20
4.49884e-02 2.27028e-20
4.50457e-02 2.27896e-20
4.51029e-02 2.28389e-20
4.51602e-02 2.29495e-20
4.52174e-02 2.29619e-20
4.52746e-02 2.29376e-20
4.53319e-02 2.29757e-20
4.53891e-02 2.30617e-20
4.54463e-02 2.30236e-20
4.55036e-02 2.30976e-20
4.55608e-02 2.31357e-20
4.56181e-02 2.32436e-20
4.56753e-02 2.31942e-20
4.57325e-02 2.31481e-20
4.57898e-02 2.32591e-20
4.58470e-02 2.33578e-20
4.59042e-02 2.32961e-20
4.59615e-02 2.33824e-20
4.60187e-02 2.34811e-20
4.60759e-02 2.35305e-20
4.61332e-02 2.34318e-20
4.61904e-02 2.34071e-20
4.62477e-02 2.34565e-20
4.63049e-02 2.35058e-20
4.63621e-02 2.34565e-20
4.64194e-02 2.35181e-20
4.64766e-02 2.36168e-20
4.65338e-02 2.36168e-20
4.65911e-02 2.35675e-20
4.66483e-02 2.35675e-20
4.67056e-02 2.36168e-20
4.67628e-02 2.36662e-20
4.68200e-02 2.36168e-20
4.68773e-02 2.36909e-20
4.69345e-02 2.37402e-20
4.69917e-02 2.38007e-20
4.70490e-02 2.38994e-20
4.71062e-02 2.40856e-20
4.71635e-02 2.41962e-20
4.72207e-02 2.40297e-20
4.72779e-02 2.40054e-20
4.73352e-02 2.40850e-20
4.73924e-02 2.41216e-20
4.74496e-02 2.40667e-20
4.75069e-02 2.41161e-20
4.75641e-02 2.42203e-20
4.76214e-02 2.42570e-20
4.76786e-02 2.42020e-20
4.77358e-02 2.42148e-20
4.77931e-02 2.43073e-20
4.78503e-02 2.43073e-20
4.79075e-02 2.42579e-20
4.79648e-02 2.43196e-20
4.80220e-02 2.43689e-20
4.80793e-02 2.44676e-20
4.81365e-02 2.45035e-20
4.81937e-02 2.44541e-20
4.82510e-02 2.45170e-20
4.83082e-02 2.45170e-20
4.83654e-02 2.44676e-20
4.84227e-02 2.45046e-20
4.84799e-02 2.45540e-20
4.85371e-02 2.46280e-20
4.85944e-02 2.45540e-20
4.86516e-02 2.44923e-20
4.87089e-02 2.45663e-20
4.87661e-02 2.45663e-20
4.88233e-02 2.45170e-20
4.88806e-02 2.45540e-20
4.89378e-02 2.47514e-20
4.89950e-02 2.48254e-20
4.90523e-02 2.46773e-20
4.91095e-02 2.46403e-20
4.91668e-02 2.47566e-20
4.92240e-02 2.49046e-20
4.92812e-02 2.48871e-20
4.93385e-02 2.49981e-20
4.93957e-02 2.51390e-20
4.94529e-02 2.50885e-20
4.95102e-02 2.52303e-20
4.95674e-02 2.53179e-20
4.96247e-02 2.54038e-20
4.96819e-02 2.54150e-20
4.97391e-02 2.53784e-20
4.97964e-02 2.54154e-20
4.98536e-02 2.54520e-20
4.99108e-02 2.54027e-20
4.99681e-02 2.54154e-20
5.00253e-02 2.55141e-20
5.00826e-02 2.56004e-20
5.01398e-02 2.55017e-20
5.01970e-02 2.54898e-20
5.02543e-02 2.55503e-20
5.03115e-02 2.55503e-20
5.03687e-02 2.54886e-20
5.04260e-02 2.55380e-20
5.04832e-02 2.56367e-20
5.05405e-02 2.56367e-20
5.05977e-02 2.55380e-20
5.06549e-02 2.55380e-20
5.07122e-02 2.55873e-20
5.07694e-02 2.55873e-20
5.08266e-02 2.55380e-20
5.08839e-02 2.55873e-20
5.09411e-02 2.56860e-20
5.09983e-02 2.57354e-20
5.10556e-02 2.57847e-20
5.11128e-02 2.57354e-20
5.11701e-02 2.58464e-20
5.12273e-02 2.59451e-20
5.12845e-02 2.58834e-20
5.13418e-02 2.59944e-20
5.13990e-02 2.60931e-20
5.14562e-02 2.61234e-20
5.15135e-02 2.60740e-20
5.15707e-02 2.60796e-20
5.16280e-02 2.61902e-20
5.16852e-02 2.59845e-20
5.17424e-02 2.59602e-20
5.17997e-02 2.60188e-20
5.18569e-02 2.61048e-20
5.19141e-02 2.60442e-20
5.19714e-02 2.61310e-20
5.20286e-02 2.61803e-20
5.20859e-02 2.62910e-20
5.21431e-02 2.62910e-20
5.22003e-02 2.62667e-20
5.22576e-02 2.63160e-20
5.23148e-02 2.64020e-20
5.23720e-02 2.63638e-20
5.24293e-02 2.64378e-20
5.24865e-02 2.64760e-20
5.25438e-02 2.65747e-20
5.26010e-02 2.66240e-20
5.26582e-02 2.65747e-20
5.27155e-02 2.66734e-20
5.27727e-02 2.67721e-20
5.28299e-02 2.67227e-20
5.28872e-02 2.68091e-20
5.29444e-02 2.69078e-20
5.30017e-02 2.69818e-20
5.30589e-02 2.68831e-20
5.31161e-02 2.68461e-20
5.31734e-02 2.69078e-20
5.32306e-02 2.69571e-20
5.32878e-02 2.68954e-20
5.33451e-02 2.69694e-20
5.34023e-02 2.70681e-20
5.34595e-02 2.71421e-20
5.35168e-02 2.70434e-20
5.35740e-02 2.70064e-20
5.36313e-02 2.70558e-20
5.36885e-02 2.71051e-20
5.37457e-02 2.70558e-20
5.38030e-02 2.71298e-20
5.38602e-02 2.71668e-20
5.39174e-02 2.71286e-20
5.39747e-02 2.71784e-20
5.40319e-02 2.72659e-20
5.40892e-02 2.73765e-20
5.41464e-02 2.73087e-20
5.42036e-02 2.72844e-20
5.42609e-02 2.73528e-20
5.43181e-02 2.73894e-20
5.43753e-02 2.73457e-20
5.44326e-02 2.73827e-20
5.44898e-02 2.74870e-20
5.45471e-02 2.75236e-20
5.46043e-02 2.74687e-20
5.46615e-02 2.74814e-20
5.47188e-02 2.75739e-20
5.47760e-02 2.76726e-20
5.48332e-02 2.76232e-20
5.48905e-02 2.77343e-20
5.49477e-02 2.77836e-20
5.50050e-02 2.78576e-20
5.50622e-02 2.78823e-20
5.51194e-02 2.78453e-20
5.51767e-02 2.79193e-20
5.52339e-02 2.79193e-20
5.52911e-02 2.78700e-20
5.53484e-02 2.78700e-20
5.54056e-02 2.79193e-20
5.54628e-02 2.79933e-20
5.55201e-02 2.80180e-20
5.55773e-02 2.79563e-20
5.56346e-02 2.80303e-20
5.56918e-02 2.80303e-20
5.57490e-02 2.79810e-20
5.58063e-02 2.80180e-20
5.58635e-02 2.82154e-20
5.59207e-02 2.83141e-20
5.59780e-02 2.81414e-20
5.60352e-02 2.80920e-20
5.60925e-02 2.81836e-20
5.61497e-02 2.83316e-20
5.62069e-02 2.83387e-20
5.62642e-02 2.84374e-20
5.63214e-02 2.85727e-20
5.63786e-02 2.85346e-20
5.64359e-02 2.86456e-20
5.64931e-02 2.87331e-20
5.65504e-02 2.88191e-20
5.66076e-02 2.88302e-20
5.66648e-02 2.87936e-20
5.67221e-02 2.88430e-20
5.67793e-02 2.88796e-20
5.68365e-02 2.88179e-20
5.68938e-02 2.88800e-20
5.69510e-02 2.90280e-20
5.70083e-02 2.91267e-20
5.70655e-02 2.89787e-20
5.71227e-02 2.89293e-20
5.71800e-02 2.89787e-20
5.72372e-02 2.89787e-20
5.72944e-02 2.89293e-20
5.73517e-02 2.89787e-20
5.74089e-02 2.90773e-20
5.74662e-02 2.90773e-20
5.75234e-02 2.89787e-20
5.75806e-02 2.89787e-20
5.76379e-02 2.90280e-20
5.76951e-02 2.90280e-20
5.77523e-02 2.89787e-20
5.78096e-02 2.90280e-20
5.78668e-02 2.91267e-20
5.79240e-02 2.91760e-20
5.79813e-02 2.92254e-20
5.80385e-02 2.92007e-20
5.80958e-02 2.93117e-20
5.81530e-02 2.94104e-20
5.82102e-02 2.93487e-20
5.82675e-02 2.94598e-20
5.83247e-02 2.95584e-20
5.83819e-02 2.95887e-20
5.84392e-02 2.96874e-20
5.84964e-02 2.97917e-20
5.85537e-02 2.98283e-20
5.86109e-02 2.97184e-20
5.86681e-02 2.97312e-20
5.87254e-02 2.97928e-20
5.87826e-02 2.98788e-20
5.88398e-02 2.98183e-20
5.88971e-02 2.98927e-20
5.89543e-02 2.99914e-20
5.90116e-02 3.00284e-20
5.90688e-02 3.00284e-20
5.91260e-02 3.00411e-20
5.91833e-02 3.00904e-20
5.92405e-02 3.01489e-20
5.92977e-02 3.01119e-20
5.93550e-02 3.01768e-20
5.94122e-02 3.02150e-20
5.94695e-02 3.02890e-20
5.95267e-02 3.02890e-20
5.95839e-02 3.02520e-20
5.96412e-02 3.03013e-20
5.96984e-02 3.04000e-20
5.97556e-02 3.03507e-20
5.98129e-02 3.04370e-20
5.98701e-02 3.05357e-20
5.99274e-02 3.06097e-20
5.99846e-02 3.05604e-20
6.00418e-02 3.05234e-20
6.00991e-02 3.06344e-20
6.01563e-02 3.06837e-20
6.02135e-02 3.06220e-20
6.02708e-02 3.06837e-20
6.03280e-02 3.08811e-20
6.03852e-02 3.09551e-20
6.04425e-02 3.07577e-20
6.04997e-02 3.07207e-20
6.05570e-02 3.07701e-20
6.06142e-02 3.09293e-20
6.06714e-02 3.08553e-20
6.07287e-02 3.09170e-20
6.07859e-02 3.09536e-20
6.08431e-02 3.09154e-20
6.09004e-02 3.09652e-20
6.09576e-02 3.10527e-20
6.10149e-02 3.11637e-20
6.10721e-02 3.10953e-20
6.11293e-02 3.10463e-20
6.11866e-02 3.11147e-20
6.12438e-02 3.11513e-20
6.13010e-02 3.11082e-20
6.13583e-02 3.11579e-20
6.14155e-02 3.12622e-20
6.14728e-02 3.12988e-20
6.15300e-02 3.12383e-20
6.15872e-02 3.12506e-20
6.16445e-02 3.13493e-20
6.17017e-02 3.14480e-20
6.17589e-02 3.13986e-20
6.18162e-02 3.15097e-20
6.18734e-02 3.16084e-20
6.19307e-02 3.16084e-20
6.19879e-02 3.16330e-20
6.20451e-02 3.16330e-20
6.21024e-02 3.17070e-20
6.21596e-02 3.17070e-20
6.22168e-02 3.16577e-20
6.22741e-02 3.16577e-20
6.23313e-02 3.17070e-20
6.23886e-02 3.17811e-20
6.24458e-02 3.18057e-20
6.25030e-02 3.17441e-20
6.25603e-02 3.18181e-20
6.26175e-02 3.18181e-20
6.26747e-02 3.17687e-20
6.27320e-02 3.18057e-20
6.27892e-02 3.19044e-20
6.28464e-02 3.19784e-20
6.29037e-02 3.19044e-20
6.29609e-02 3.18674e-20
6.30182e-02 3.19414e-20
6.30754e-02 3.19414e-20
6.31326e-02 3.18921e-20
6.31899e-02 3.19168e-20
6.32471e-02 3.20154e-20
6.33043e-02 3.20154e-20
6.33616e-02 3.19661e-20
6.34188e-02 3.19661e-20
6.34761e-02 3.20648e-20
6.35333e-02 3.21635e-20
6.35905e-02 3.21141e-20
6.36478e-02 3.22252e-20
6.37050e-02 3.22745e-20
6.37622e-02 3.23485e-20
6.38195e-02 3.23732e-20
6.38767e-02 3.23362e-20
6.39340e-02 3.24102e-20
6.39912e-02 3.24102e-20
6.40484e-02 3.23608e-20
6.41057e-02 3.23979e-20
6.41629e-02 3.24472e-20
6.42201e-02 3.25212e-20
6.42774e-02 3.24472e-20
6.43346e-02 3.23855e-20
6.43919e-02 3.24595e-20
6.44491e-02 3.24595e-20
6.45063e-02 3.24102e-20
6.45636e-02 3.24472e-20
6.46208e-02 3.26446e-20
6.46780e-02 3.27433e-20
6.47353e-02 3.25952e-20
6.47925e-02 3.25459e-20
6.48498e-02 3.26446e-20
6.49070e-02 3.27433e-20
6.49642e-02 3.26939e-20
6.50215e-02 3.27926e-20
6.50787e-02 3.28913e-20
6.51359e-02 3.28913e-20
6.51932e-02 3.28666e-20
6.52504e-02 3.28666e-20
6.53076e-02 3.29406e-20
6.53649e-02 3.29406e-20
6.54221e-02 3.28913e-20
6.54794e-02 3.29406e-20
6.55366e-02 3.29900e-20
6.55938e-02 3.30887e-20
6.56511e-02 3.31133e-20
6.57083e-02 3.30393e-20
6.57655e-02 3.31133e-20
6.58228e-02 3.31133e-20
6.58800e-02 3.30640e-20
6.59373e-02 3.31010e-20
6.59945e-02 3.31997e-20
6.60517e-02 3.32737e-20
6.61090e-02 3.31997e-20
6.61662e-02 3.31380e-20
6.62234e-02 3.32120e-20
6.62807e-02 3.32120e-20
6.63379e-02 3.31627e-20
6.63952e-02 3.31997e-20
6.64524e-02 3.32984e-20
6.65096e-02 3.32984e-20
6.65669e-02 3.32490e-20
6.66241e-02 3.32490e-20
6.66813e-02 3.33477e-20
6.67386e-02 3.34464e-20
6.67958e-02 3.33971e-20
6.68531e-02 3.35081e-20
6.69103e-02 3.36068e-20
6.69675e-02 3.36068e-20
6.70248e-02 3.36315e-20
6.70820e-02 3.36315e-20
6.71392e-02 3.37055e-20
6.71965e-02 3.37055e-20
6.72537e-02 3.36561e-20
6.73110e-02 3.36561e-20
6.73682e-02 3.37055e-20
6.74254e-02 3.37795e-20
6.74827e-02 3.38042e-20
6.75399e-02 3.37425e-20
6.75971e-02 3.38165e-20
6.76544e-02 3.38165e-20
6.77116e-02 3.37671e-20
6.77688e-02 3.38042e-20
6.78261e-02 3.39028e-20
6.78833e-02 3.39769e-20
6.79406e-02 3.39028e-20
6.79978e-02 3.38658e-20
6.80550e-02 3.39399e-20
6.81123e-02 3.39399e-20
6.81695e-02 3.38905e-20
6.82267e-02 3.39152e-20
6.82840e-02 3.40139e-20
6.83412e-02 3.40139e-20
6.83985e-02 3.39645e-20
6.84557e-02 3.39645e-20
6.85129e-02 3.40632e-20
6.85702e-02 3.41619e-20
6.86274e-02 3.41126e-20
6.86846e-02 3.42236e-20
6.87419e-02 3.42729e-20
6.87991e-02 3.43469e-20
6.88564e-02 3.43716e-20
6.89136e-02 3.43346e-20
6.89708e-02 3.44086e-20
6.90281e-02 3.44086e-20
6.90853e-02 3.43593e-20
6.91425e-02 3.43963e-20
6.91998e-02 3.44456e-20
6.92570e-02 3.45196e-20
6.93143e-02 3.44456e-20
6.93715e-02 3.43839e-20
6.94287e-02 3.44580e-20
6.94860e-02 3.44580e-20
6.95432e-02 3.44086e-20
6.96004e-02 3.44456e-20
6.96577e-02 3.46430e-20
6.97149e-02 3.47417e-20
6.97722e-02 3.45937e-20
6.98294e-02 3.45443e-20
6.98866e-02 3.46430e-20
6.99439e-02 3.47417e-20
7.00011e-02 3.46923e-20
7.00583e-02 3.47910e-20
7.01156e-02 3.48897e-20
7.01728e-02 3.48897e-20
7.02300e-02 3.48651e-20
7.02873e-02 3.48651e-20
7.03445e-02 3.49391e-20
7.04018e-02 3.49391e-20
7.04590e-02 3.48897e-20
7.05162e-02 3.49391e-20
7.05735e-02 3.49884e-20
7.06307e-02 3.50871e-20
7.06879e-02 3.51118e-20
7.07452e-02 3.50378e-20
7.08024e-02 3.51118e-20
7.08597e-02 3.51118e-20
7.09169e-02 3.50624e-20
7.09741e-02 3.50994e-20
7.10314e-02 3.51981e-20
7.10886e-02 3.52721e-20
7.11458e-02 3.51981e-20
7.12031e-02 3.51364e-20
7.12603e-02 3.52105e-20
7.13176e-02 3.52105e-20
7.13748e-02 3.51611e-20
7.14320e-02 3.51981e-20
7.14893e-02 3.52968e-20
7.15465e-02 3.52968e-20
7.16037e-02 3.52475e-20
7.16610e-02 3.52475e-20
7.17182e-02 3.53462e-20
7.17755e-02 3.54448e-20
7.18327e-02 3.53955e-20
7.18899e-02 3.55065e-20
7.19472e-02 3.56052e-20
7.20044e-02 3.56052e-20
7.20616e-02 3.56299e-20
7.21189e-02 3.56299e-20
7.21761e-02 3.57039e-20
7.22334e-02 3.57039e-20
7.22906e-02 3.56546e-20
7.23478e-02 3.56546e-20
7.24051e-02 3.57039e-20
7.24623e-02 3.57779e-20
7.25195e-02 3.58026e-20
7.25768e-02 3.57409e-20
7.26340e-02 3.58149e-20
7.26912e-02 3.58149e-20
7.27485e-02 3.57656e-20
7.28057e-02 3.58026e-20
7.28630e-02 3.59013e-20
7.29202e-02 3.59753e-20
7.29774e-02 3.59013e-20
7.30347e-02 3.58643e-20
7.30919e-02 3.59383e-20
7.31491e-02 3.59383e-20
7.32064e-02 3.58889e-20
7.32636e-02 3.59136e-20
7.33209e-02 3.60123e-20
7.33781e-02 3.60123e-20
7.34353e-02 3.59629e-20
7.34926e-02 3.59629e-20
7.35498e-02 3.60616e-20
7.36070e-02 3.61603e-20
7.36643e-02 3.61110e-20
7.37215e-02 3.62220e-20
7.37788e-02 3.62713e-20
7.38360e-02 3.63454e-20
7.38932e-02 3.63700e-20
7.39505e-02 3.63330e-20
7.40077e-02 3.64070e-20
7.40649e-02 3.64070e-20
7.41222e-02 3.63577e-20
7.41794e-02 3.63947e-20
7.42367e-02 3.64440e-20
7.42939e-02 3.65181e-20
7.43511e-02 3.64440e-20
7.44084e-02 3.63824e-20
7.44656e-02 3.64564e-20
7.45228e-02 3.64564e-20
7.45801e-02 3.64070e-20
7.46373e-02 3.64441e-20
7.46946e-02 3.66414e-20
7.47518e-02 3.67401e-20
7.48090e-02 3.65674e-20
7.48663e-02 3.65181e-20
7.49235e-02 3.65921e-20
7.49807e-02 3.66908e-20
7.50380e-02 3.66414e-20
7.50952e-02 3.67401e-20
7.51524e-02 3.68388e-20
7.52097e-02 3.68388e-20
7.52669e-02 3.68141e-20
7.53242e-02 3.68141e-20
7.53814e-02 3.68881e-20
7.54386e-02 3.68881e-20
7.54959e-02 3.68388e-20
7.55531e-02 3.68881e-20
7.56103e-02 3.69375e-20
7.56676e-02 3.70362e-20
7.57248e-02 3.70609e-20
7.57821e-02 3.69868e-20
7.58393e-02 3.70608e-20
7.58965e-02 3.70608e-20
7.59538e-02 3.70115e-20
7.60110e-02 3.70485e-20
7.60682e-02 3.71472e-20
7.61255e-02 3.72212e-20
7.61827e-02 3.71472e-20
7.62400e-02 3.70855e-20
7.62972e-02 3.71595e-20
7.63544e-02 3.71595e-20
7.64117e-02 3.71102e-20
7.64689e-02 3.71472e-20
7.65261e-02 3.72459e-20
7.65834e-02 3.72459e-20
7.66406e-02 3.71965e-20
7.66979e-02 3.71965e-20
7.67551e-02 3.72952e-20
7.68123e-02 3.73939e-20
7.68696e-02 3.73446e-20
7.69268e-02 3.74556e-20
7.69840e-02 3.75543e-20
7.70413e-02 3.75543e-20
7.70985e-02 3.75790e-20
7.71557e-02 3.75790e-20
7.72130e-02 3.76530e-20
7.72702e-02 3.76530e-20
7.73275e-02 3.76036e-20
7.73847e-02 3.76036e-20
7.74419e-02 3.76530e-20
7.74992e-02 3.77270e-20
7.75564e-02 3.77517e-20
7.76136e-02 3.76900e-20
7.76709e-02 3.77640e-20
7.77281e-02 3.77640e-20
7.77854e-02 3.77147e-20
7.78426e-02 3.77517e-20
7.78998e-02 3.78504e-20
7.79571e-02 3.79244e-20
7.80143e-02 3.78504e-20
7.80715e-02 3.78133e-20
7.81288e-02 3.78874e-20
7.81860e-02 3.78874e-20
7.82433e-02 3.78380e-20
7.83005e-02 3.78627e-20
7.83577e-02 3.79614e-20
7.84150e-02 3.79614e-20
7.84722e-02 3.79120e-20
7.85294e-02 3.79120e-20
7.85867e-02 3.80107e-20
7.86439e-02 3.81094e-20
7.87012e-02 3.80601e-20
7.87584e-02 3.81711e-20
7.88156e-02 3.82204e-20
7.88729e-02 3.82944e-20
7.89301e-02 3.83191e-20
7.89873e-02 3.82821e-20
7.90446e-02 3.83561e-20
7.91018e-02 3.83561e-20
7.91591e-02 3.83068e-20
7.92163e-02 3.83068e-20
7.92735e-02 3.83561e-20
7.93308e-02 3.84301e-20
7.93880e-02 3.83561e-20
7.94452e-02 3.82944e-20
7.95025e-02 3.83685e-20
7.95597e-02 3.83685e-20
7.96169e-02 3.83191e-20
7.96742e-02 3.83561e-20
7.97314e-02 3.85535e-20
7.97887e-02 3.86522e-20
7.98459e-02 3.84795e-20
7.99031e-02 3.84301e-20
7.99604e-02 3.85042e-20
8.00176e-02 3.86028e-20
8.00748e-02 3.85535e-20
8.01321e-02 3.86522e-20
8.01893e-02 3.87509e-20
8.02466e-02 3.87509e-20
8.03038e-02 3.87262e-20
8.03610e-02 3.87262e-20
8.04183e-02 3.88002e-20
8.04755e-02 3.88002e-20
8.05327e-02 3.87509e-20
8.05900e-02 3.88002e-20
8.06472e-02 3.88496e-20
8.07045e-02 3.89483e-20
8.07617e-02 3.89729e-20
8.08189e-02 3.88989e-20
8.08762e-02 3.89729e-20
8.09334e-02 3.89729e-20
8.09906e-02 3.89236e-20
8.10479e-02 3.89606e-20
8.11051e-02 3.90593e-20
8.11624e-02 3.91333e-20
8.12196e-02 3.90593e-20
8.12768e-02 3.89976e-20
8.13341e-02 3.90716e-20
8.13913e-02 3.90716e-20
8.14485e-02 3.90223e-20
8.15058e-02 3.90593e-20
8.15630e-02 3.91580e-20
8.16203e-02 3.92320e-20
8.16775e-02 3.91826e-20
8.17347e-02 3.91456e-20
8.17920e-02 3.92443e-20
8.18492e-02 3.93430e-20
8.19064e-02 3.92937e-20
8.19637e-02 3.94047e-20
8.20209e-02 3.95034e-20
8.20781e-02 3.95034e-20
8.21354e-02 3.95280e-20
8.21926e-02 3.95280e-20
8.22499e-02 3.96021e-20
8.23071e-02 3.96021e-20
8.23643e-02 3.95527e-20
8.24216e-02 3.95527e-20
8.24788e-02 3.96021e-20
8.25360e-02 3.96761e-20
8.25933e-02 3.97007e-20
8.26505e-02 3.96391e-20
8.27078e-02 3.97131e-20
8.27650e-02 3.97131e-20
8.28222e-02 3.96637e-20
8.28795e-02 3.97007e-20
8.29367e-02 3.97994e-20
8.29939e-02 3.98734e-20
8.30512e-02 3.97994e-20
8.31084e-02 3.97624e-20
8.31657e-02 3.98364e-20
8.32229e-02 3.98364e-20
8.32801e-02 3.97871e-20
8.33374e-02 3.98118e-20
8.33946e-02 3.99105e-20
8.34518e-02 3.99105e-20
8.35091e-02 3.98611e-20
8.35663e-02 3.98611e-20
8.36236e-02 3.99598e-20
8.36808e-02 4.00585e-20
8.37380e-02 4.00091e-20
8.37953e-02 4.01202e-20
8.38525e-02 4.01695e-20
8.39097e-02 4.02435e-20
8.39670e-02 4.02682e-20
8.40242e-02 4.02312e-20
8.40815e-02 4.03052e-20
8.41387e-02 4.03052e-20
8.41959e-02 4.02559e-20
8.42532e-02 4.02559e-20
8.43104e-02 4.03052e-20
8.43676e-02 4.03792e-20
8.44249e-02 4.03052e-20
8.44821e-02 4.02435e-20
8.45393e-02 4.03175e-20
8.45966e-02 4.03175e-20
8.46538e-02 4.02682e-20
8.47111e-02 4.03052e-20
8.47683e-02 4.05026e-20
8.48255e-02 4.06013e-20
8.48828e-02 4.04286e-20
8.49400e-02 4.03792e-20
8.49972e-02 4.04532e-20
8.50545e-02 4.05519e-20
8.51117e-02 4.05026e-20
8.51690e-02 4.06013e-20
8.52262e-02 4.07000e-20
8.52834e-02 4.07000e-20
8.53407e-02 4.06753e-20
8.53979e-02 4.06753e-20
8.54551e-02 4.07493e-20
8.55124e-02 4.07493e-20
8.55696e-02 4.07000e-20
8.56269e-02 4.07493e-20
8.56841e-02 4.07986e-20
8.57413e-02 4.08973e-20
8.57986e-02 4.09220e-20
8.58558e-02 4.08480e-20
8.59130e-02 4.09220e-20
8.59703e-02 4.09220e-20
8.60275e-02 4.08727e-20
8.60848e-02 4.09097e-20
8.61420e-02 4.10084e-20
8.61992e-02 4.10824e-20
8.62565e-02 4.10084e-20
8.63137e-02 4.09467e-20
8.63709e-02 4.10207e-20
8.64282e-02 4.10207e-20
8.64854e-02 4.09714e-20
8.65427e-02 4.10084e-20
8.65999e-02 4.11070e-20
8.66571e-02 4.11811e-20
8.67144e-02 4.11317e-20
8.67716e-02 4.10947e-20
8.68288e-02 4.11934e-20
8.68861e-02 4.12921e-20
8.69433e-02 4.12427e-20
8.70005e-02 4.13538e-20
8.70578e-02 4.14525e-20
8.71150e-02 4.14525e-20
8.71723e-02 4.14771e-20
8.72295e-02 4.14771e-20
8.72867e-02 4.15511e-20
8.73440e-02 4.15511e-20
8.74012e-02 4.15018e-20
8.74584e-02 4.15018e-20
8.75157e-02 4.15511e-20
8.75729e-02 4.16252e-20
8.76302e-02 4.16498e-20
8.76874e-02 4.15881e-20
8.77446e-02 4.16622e-20
8.78019e-02 4.16622e-20
8.78591e-02 4.16128e-20
8.79163e-02 4.16498e-20
8.79736e-02 4.17485e-20
8.80308e-02 4.18225e-20
8.80881e-02 4.17485e-20
8.81453e-02 4.17115e-20
8.82025e-02 4.17855e-20
8.82598e-02 4.17855e-20
8.83170e-02 4.17362e-20
8.83742e-02 4.17608e-20
8.84315e-02 4.18595e-20
8.84887e-02 4.18595e-20
8.85460e-02 4.18102e-20
8.86032e-02 4.18102e-20
8.86604e-02 4.19089e-20
8.87177e-02 4.20076e-20
8.87749e-02 4.19582e-20
8.88321e-02 4.20692e-20
8.88894e-02 4.21186e-20
8.89466e-02 4.21926e-20
8.90039e-02 4.22173e-20
8.90611e-02 4.21803e-20
8.91183e-02 4.22543e-20
8.91756e-02 4.22543e-20
8.92328e-02 4.22049e-20
8.92900e-02 4.22049e-20
8.93473e-02 4.22543e-20
8.94045e-02 4.23283e-20
8.94617e-02 4.23530e-20
8.95190e-02 4.22913e-20
8.95762e-02 4.23653e-20
8.96335e-02 4.23653e-20
8.96907e-02 4.23160e-20
8.97479e-02 4.23530e-20
8.98052e-02 4.25503e-20
8.98624e-02 4.26490e-20
8.99196e-02 4.24763e-20
8.99769e-02 4.24270e-20
9.00341e-02 4.25010e-20
9.00914e-02 4.25997e-20
9.01486e-02 4.25504e-20
9.02058e-02 4.26490e-20
9.02631e-02 4.27477e-20
9.03203e-02 4.27477e-20
9.03775e-02 4.27231e-20
9.04348e-02 4.27231e-20
9.04920e-02 4.27971e-20
9.05493e-02 4.27971e-20
9.06065e-02 4.27477e-20
9.06637e-02 4.27971e-20
9.07210e-02 4.28464e-20
9.07782e-02 4.29451e-20
9.08354e-02 4.29698e-20
9.08927e-02 4.28958e-20
9.09499e-02 4.29698e-20
9.10072e-02 4.29698e-20
9.10644e-02 4.29204e-20
9.11216e-02 4.29574e-20
9.11789e-02 4.30561e-20
9.12361e-02 4.31301e-20
9.12933e-02 4.30561e-20
9.13506e-02 4.29944e-20
9.14078e-02 4.30685e-20
9.14651e-02 4.30685e-20
9.15223e-02 4.30191e-20
9.15795e-02 4.30561e-20
9.16368e-02 4.31548e-20
9.16940e-02 4.32288e-20
9.17512e-02 4.31795e-20
9.18085e-02 4.31425e-20
9.18657e-02 4.32412e-20
9.19229e-02 4.33399e-20
9.19802e-02 4.32905e-20
9.20374e-02 4.34015e-20
9.20947e-02 4.35002e-20
9.21519e-02 4.35002e-20
9.22091e-02 4.35249e-20
9.22664e-02 4.35249e-20
9.23236e-02 4.35989e-20
9.23808e-02 4.35989e-20
9.24381e-02 4.35496e-20
9.24953e-02 4.35496e-20
9.25526e-02 4.35989e-20
9.26098e-02 4.36729e-20
9.26670e-02 4.36976e-20
9.27243e-02 4.36359e-20
9.27815e-02 4.37099e-20
9.28387e-02 4.37099e-20
9.28960e-02 4.36606e-20
9.29532e-02 4.36976e-20
9.30105e-02 4.37963e-20
9.30677e-02 4.38703e-20
9.31249e-02 4.37963e-20
9.31822e-02 4.37593e-20
9.32394e-02 4.38333e-20
9.32966e-02 4.38333e-20
9.33539e-02 4.37839e-20
9.34111e-02 4.38086e-20
9.34684e-02 4.39073e-20
9.35256e-02 4.39073e-20
9.35828e-02 4.38580e-20
9.36401e-02 4.38580e-20
9.36973e-02 4.39567e-20
9.37545e-02 4.40553e-20
9.38118e-02 4.40060e-20
9.38690e-02 4.41170e-20
9.39263e-02 4.41664e-20
9.39835e-02 4.42404e-20
9.40407e-02 4.42650e-20
9.40980e-02 4.42280e-20
9.41552e-02 4.43021e-20
9.42124e-02 4.43021e-20
9.42697e-02 4.42527e-20
9.43269e-02 4.42527e-20
9.43841e-02 4.43021e-20
9.44414e-02 4.43761e-20
9.44986e-02 4.44007e-20
9.45559e-02 4.43391e-20
9.46131e-02 4.44131e-20
9.46703e-02 4.44131e-20
9.47276e-02 4.43637e-20
9.47848e-02 4.44007e-20
9.48420e-02 4.45981e-20
9.48993e-02 4.46968e-20
9.49565e-02 4.45241e-20
9.50138e-02 4.44748e-20
9.50710e-02 4.45488e-20
9.51282e-02 4.46475e-20
9.51855e-02 4.45981e-20
9.52427e-02 4.46968e-20
9.52999e-02 4.47955e-20
9.53572e-02 4.47955e-20
9.54144e-02 4.47708e-20
9.54717e-02 4.47708e-20
9.55289e-02 4.48448e-20
9.55861e-02 4.48448e-20
9.56434e-02 4.47955e-20
9.57006e-02 4.48448e-20
9.57578e-02 4.48942e-20
9.58151e-02 4.49929e-20
9.58723e-02 4.50175e-20
9.59296e-02 4.49435e-20
9.59868e-02 4.50175e-20
9.60440e-02 4.50175e-20
9.61013e-02 4.49682e-20
9.61585e-02 4.50052e-20
9.62157e-02 4.51039e-20
9.62730e-02 4.51779e-20
9.63302e-02 4.51039e-20
9.63875e-02 4.50422e-20
9.64447e-02 4.51162e-20
9.65019e-02 4.51162e-20
9.65592e-02 4.50669e-20
9.66164e-02 4.51039e-20
9.66736e-02 4.52026e-20
9.67309e-02 4.52766e-20
9.67881e-02 4.52273e-20
9.68453e-02 4.51902e-20
9.69026e-02 4.52889e-20
9.69598e-02 4.53876e-20
9.70171e-02 4.53383e-20
9.70743e-02 4.54493e-20
9.71315e-02 4.55480e-20
9.71888e-02 4.55480e-20
9.72460e-02 4.55727e-20
9.73032e-02 4.55727e-20
9.73605e-02 4.56467e-20
9.74177e-02 4.56467e-20
9.74750e-02 4.55973e-20
9.75322e-02 4.55973e-20
9.75894e-02 4.56467e-20
9.76467e-02 4.57207e-20
9.77039e-02 4.57454e-20
9.77611e-02 4.56837e-20
9.78184e-02 4.57577e-20
9.78756e-02 4.57577e-20
9.79329e-02 4.57084e-20
9.79901e-02 4.57454e-20
9.80473e-02 4.58441e-20
9.81046e-02 4.59181e-20
9.81618e-02 4.58441e-20
9.82190e-02 4.58070e-20
9.82763e-02 4.58811e-20
9.83335e-02 4.58811e-20
9.83908e-02 4.58317e-20
9.84480e-02 4.58564e-20
9.85052e-02 4.59551e-20
9.85625e-02 4.59551e-20
9.86197e-02 4.59057e-20
9.86769e-02 4.59057e-20
9.87342e-02 4.60044e-20
9.87914e-02 4.61031e-20
9.88486e-02 4.60538e-20
9.89059e-02 4.61648e-20
9.89631e-02 4.62141e-20
9.90204e-02 4.62881e-20
9.90776e-02 4.63128e-20
9.91348e-02 4.62758e-20
9.91921e-02 4.63498e-20
9.92493e-02 4.63498e-20
9.93065e-02 4.63005e-20
9.93638e-02 4.63005e-20
9.94210e-02 4.63498e-20
9.94783e-02 4.64238e-20
9.95355e-02 4.64485e-20
9.95927e-02 4.63868e-20
9.96500e-02 4.64608e-20
9.97072e-02 4.64608e-20
9.97644e-02 4.64115e-20
9.98217e-02 4.64485e-20
9.98789e-02 4.66459e-20
9.99362e-02 4.67446e-20
9.99934e-02 4.65719e-20
1.00000e-01 4.67116e-20
