4.29978e-09 8.78538e-14
8.59955e-09 2.63267e-13
1.28993e-08 4.38218e-13
1.71991e-08 6.12615e-13
2.14989e-08 7.86368e-13
2.57987e-08 9.59387e-13
3.00984e-08 1.13158e-12
3.43982e-08 1.30288e-12
3.86980e-08 1.47318e-12
4.29978e-08 1.64241e-12
4.72975e-08 1.81049e-12
5.15973e-08 1.97735e-12
5.58971e-08 2.14292e-12
6.01969e-08 2.30712e-12
6.44966e-08 2.46989e-12
6.87964e-08 2.63117e-12
7.30962e-08 2.79090e-12
7.73960e-08 2.94902e-12
8.16958e-08 3.10549e-12
8.59955e-08 3.26024e-12
9.02953e-08 3.41325e-12
9.45951e-08 3.56447e-12
9.88949e-08 3.71385e-12
1.03195e-07 3.86138e-12
1.07494e-07 4.00702e-12
1.11794e-07 4.15074e-12
1.16094e-07 4.29253e-12
1.20394e-07 4.43237e-12
1.24694e-07 4.57024e-12
1.28993e-07 4.70614e-12
1.33293e-07 4.84006e-12
1.37593e-07 4.97200e-12
1.41893e-07 5.10196e-12
1.46192e-07 5.22995e-12
1.50492e-07 5.35598e-12
1.54792e-07 5.48005e-12
1.59092e-07 5.60219e-12
1.63392e-07 5.72242e-12
1.67691e-07 5.84075e-12
1.71991e-07 5.95722e-12
1.76291e-07 6.07184e-12
1.80591e-07 6.18466e-12
1.84890e-07 6.29570e-12
1.89190e-07 6.40500e-12
1.93490e-07 6.51260e-12
1.97790e-07 6.61853e-12
2.02089e-07 6.72284e-12
2.06389e-07 6.82558e-12
2.10689e-07 6.92679e-12
2.14989e-07 7.02651e-12
2.19289e-07 7.12479e-12
2.23588e-07 7.22168e-12
2.27888e-07 7.31724e-12
2.32188e-07 7.41151e-12
2.36488e-07 7.50454e-12
2.40787e-07 7.59638e-12
2.45087e-07 7.68709e-12
2.49387e-07 7.77672e-12
2.53687e-07 7.86532e-12
2.57987e-07 7.95294e-12
2.62286e-07 8.03963e-12
2.66586e-07 8.12545e-12
2.70886e-07 8.21044e-12
2.75186e-07 8.29466e-12
2.79485e-07 8.37814e-12
2.83785e-07 8.46095e-12
2.88085e-07 8.54312e-12
2.92385e-07 8.62470e-12
2.96685e-07 8.70573e-12
3.00984e-07 8.78627e-12
3.05284e-07 8.86634e-12
3.09584e-07 8.94599e-12
3.13884e-07 9.02525e-12
3.18183e-07 9.10417e-12
3.22483e-07 9.18277e-12
3.26783e-07 9.26110e-12
3.31083e-07 9.33917e-12
3.35383e-07 9.41702e-12
3.39682e-07 9.49468e-12
3.43982e-07 9.57216e-12
3.48282e-07 9.64951e-12
3.52582e-07 9.72673e-12
3.56881e-07 9.80384e-12
3.61181e-07 9.88087e-12
3.65481e-07 9.95783e-12
3.69781e-07 1.00347e-11
3.74081e-07 1.01116e-11
3.78380e-07 1.01884e-11
3.82680e-07 1.02652e-11
3.86980e-07 1.03420e-11
3.91280e-07 1.04188e-11
3.95579e-07 1.04955e-11
3.99879e-07 1.05723e-11
4.04179e-07 1.06490e-11
4.08479e-07 1.07258e-11
4.12779e-07 1.08025e-11
4.17078e-07 1.08793e-11
4.21378e-07 1.09560e-11
4.25678e-07 1.10327e-11
4.29978e-07 1.11094e-11
4.34277e-07 1.11861e-11
4.38577e-07 1.12627e-11
4.42877e-07 1.13393e-11
4.47177e-07 1.14158e-11
4.51477e-07 1.14923e-11
4.55776e-07 1.15687e-11
4.60076e-07 1.16450e-11
4.64376e-07 1.17212e-11
4.68676e-07 1.17974e-11
4.72975e-07 1.18734e-11
4.77275e-07 1.19493e-11
4.81575e-07 1.20251e-11
4.85875e-07 1.21007e-11
4.90175e-07 1.21762e-11
4.94474e-07 1.22515e-11
4.98774e-07 1.23267e-11
5.03074e-07 1.24016e-11
5.07374e-07 1.24764e-11
5.11673e-07 1.25510e-11
5.15973e-07 1.26255e-11
5.20273e-07 1.26997e-11
5.24573e-07 1.27736e-11
5.28872e-07 1.28474e-11
5.33172e-07 1.29210e-11
5.37472e-07 1.29943e-11
5.41772e-07 1.30674e-11
5.46072e-07 1.31403e-11
5.50371e-07 1.32130e-11
5.54671e-07 1.32854e-11
5.58971e-07 1.33576e-11
5.63271e-07 1.34296e-11
5.67570e-07 1.35014e-11
5.71870e-07 1.35729e-11
5.76170e-07 1.36443e-11
5.80470e-07 1.37154e-11
5.84770e-07 1.37864e-11
5.89069e-07 1.38571e-11
5.93369e-07 1.39277e-11
5.97669e-07 1.39981e-11
6.01969e-07 1.40683e-11
6.06268e-07 1.41384e-11
6.10568e-07 1.42084e-11
6.14868e-07 1.42782e-11
6.19168e-07 1.43480e-11
6.23468e-07 1.44176e-11
6.27767e-07 1.44871e-11
6.32067e-07 1.45566e-11
6.36367e-07 1.46260e-11
6.40667e-07 1.46954e-11
6.44966e-07 1.47648e-11
6.49266e-07 1.48342e-11
6.53566e-07 1.49036e-11
6.57866e-07 1.49731e-11
6.62166e-07 1.50426e-11
6.66465e-07 1.51122e-11
6.70765e-07 1.51819e-11
6.75065e-07 1.52517e-11
6.79365e-07 1.53216e-11
6.83664e-07 1.53917e-11
6.87964e-07 1.54620e-11
6.92264e-07 1.55325e-11
6.96564e-07 1.56032e-11
7.00864e-07 1.56742e-11
7.05163e-07 1.57454e-11
7.09463e-07 1.58168e-11
7.13763e-07 1.58886e-11
7.18063e-07 1.59607e-11
7.22362e-07 1.60331e-11
7.26662e-07 1.61059e-11
7.30962e-07 1.61791e-11
7.35262e-07 1.62526e-11
7.39562e-07 1.63266e-11
7.43861e-07 1.64010e-11
7.48161e-07 1.64758e-11
7.52461e-07 1.65511e-11
7.56761e-07 1.66268e-11
7.61060e-07 1.67030e-11
7.65360e-07 1.67798e-11
7.69660e-07 1.68570e-11
7.73960e-07 1.69348e-11
7.78260e-07 1.70131e-11
7.82559e-07 1.70920e-11
7.86859e-07 1.71714e-11
7.91159e-07 1.72514e-11
7.95459e-07 1.73319e-11
7.99758e-07 1.74131e-11
8.04058e-07 1.74948e-11
8.08358e-07 1.75772e-11
8.12658e-07 1.76601e-11
8.16958e-07 1.77437e-11
8.21257e-07 1.78279e-11
8.25557e-07 1.79126e-11
8.29857e-07 1.79980e-11
8.34157e-07 1.80841e-11
8.38456e-07 1.81707e-11
8.42756e-07 1.82579e-11
8.47056e-07 1.83458e-11
8.51356e-07 1.84343e-11
8.55655e-07 1.85234e-11
8.59955e-07 1.86130e-11
8.64255e-07 1.87033e-11
8.68555e-07 1.87942e-11
8.72855e-07 1.88857e-11
8.77154e-07 1.89777e-11
8.81454e-07 1.90703e-11
8.85754e-07 1.91635e-11
8.90054e-07 1.92572e-11
8.94353e-07 1.93514e-11
8.98653e-07 1.94462e-11
9.02953e-07 1.95415e-11
9.07253e-07 1.96373e-11
9.11553e-07 1.97335e-11
9.15852e-07 1.98303e-11
9.20152e-07 1.99274e-11
9.24452e-07 2.00250e-11
9.28752e-07 2.01231e-11
9.33051e-07 2.02215e-11
9.37351e-07 2.03203e-11
9.41651e-07 2.04194e-11
9.45951e-07 2.05189e-11
9.50251e-07 2.06187e-11
9.54550e-07 2.07188e-11
9.58850e-07 2.08192e-11
9.63150e-07 2.09198e-11
9.67450e-07 2.10207e-11
9.71749e-07 2.11217e-11
9.76049e-07 2.12230e-11
9.80349e-07 2.13243e-11
9.84649e-07 2.14258e-11
9.88949e-07 2.15274e-11
9.93248e-07 2.16291e-11
9.97548e-07 2.17309e-11
1.00185e-06 2.18326e-11
1.00615e-06 2.19344e-11
1.01045e-06 2.20361e-11
1.01475e-06 2.21378e-11
1.01905e-06 2.22394e-11
1.02335e-06 2.23409e-11
1.02765e-06 2.24422e-11
1.03195e-06 2.25434e-11
1.03625e-06 2.26444e-11
1.04055e-06 2.27451e-11
1.04485e-06 2.28457e-11
1.04915e-06 2.29459e-11
1.05345e-06 2.30459e-11
1.05774e-06 2.31455e-11
1.06204e-06 2.32448e-11
1.06634e-06 2.33437e-11
1.07064e-06 2.34423e-11
1.07494e-06 2.35404e-11
1.07924e-06 2.36380e-11
1.08354e-06 2.37352e-11
1.08784e-06 2.38319e-11
1.09214e-06 2.39281e-11
1.09644e-06 2.40237e-11
1.10074e-06 2.41188e-11
1.10504e-06 2.42133e-11
1.10934e-06 2.43072e-11
1.11364e-06 2.44005e-11
1.11794e-06 2.44932e-11
1.12224e-06 2.45852e-11
1.12654e-06 2.46765e-11
1.13084e-06 2.47672e-11
1.13514e-06 2.48572e-11
1.13944e-06 2.49465e-11
1.14374e-06 2.50351e-11
1.14804e-06 2.51229e-11
1.15234e-06 2.52100e-11
1.15664e-06 2.52964e-11
1.16094e-06 2.53820e-11
1.16524e-06 2.54668e-11
1.16954e-06 2.55509e-11
1.17384e-06 2.56342e-11
1.17814e-06 2.57167e-11
1.18244e-06 2.57985e-11
1.18674e-06 2.58795e-11
1.19104e-06 2.59597e-11
1.19534e-06 2.60392e-11
1.19964e-06 2.61179e-11
1.20394e-06 2.61958e-11
1.20824e-06 2.62729e-11
1.21254e-06 2.63494e-11
1.21684e-06 2.64250e-11
1.22114e-06 2.64999e-11
1.22544e-06 2.65741e-11
1.22974e-06 2.66476e-11
1.23404e-06 2.67204e-11
1.23834e-06 2.67924e-11
1.24264e-06 2.68638e-11
1.24694e-06 2.69346e-11
1.25123e-06 2.70046e-11
1.25553e-06 2.70741e-11
1.25983e-06 2.71429e-11
1.26413e-06 2.72111e-11
1.26843e-06 2.72787e-11
1.27273e-06 2.73458e-11
1.27703e-06 2.74123e-11
1.28133e-06 2.74783e-11
1.28563e-06 2.75438e-11
1.28993e-06 2.76088e-11
1.29423e-06 2.76733e-11
1.29853e-06 2.77374e-11
1.30283e-06 2.78011e-11
1.30713e-06 2.78643e-11
1.31143e-06 2.79272e-11
1.31573e-06 2.79898e-11
1.32003e-06 2.80520e-11
1.32433e-06 2.81138e-11
1.32863e-06 2.81754e-11
1.33293e-06 2.82368e-11
1.33723e-06 2.82979e-11
1.34153e-06 2.83587e-11
1.34583e-06 2.84194e-11
1.35013e-06 2.84798e-11
1.35443e-06 2.85402e-11
1.35873e-06 2.86003e-11
1.36303e-06 2.86604e-11
1.36733e-06 2.87203e-11
1.37163e-06 2.87802e-11
1.37593e-06 2.88400e-11
1.38023e-06 2.88998e-11
1.38453e-06 2.89595e-11
1.38883e-06 2.90193e-11
1.39313e-06 2.90790e-11
1.39743e-06 2.91387e-11
1.40173e-06 2.91985e-11
1.40603e-06 2.92584e-11
1.41033e-06 2.93183e-11
1.41463e-06 2.93782e-11
1.41893e-06 2.94383e-11
1.42323e-06 2.94984e-11
1.42753e-06 2.95587e-11
1.43183e-06 2.96190e-11
1.43613e-06 2.96795e-11
1.44043e-06 2.97401e-11
1.44472e-06 2.98008e-11
1.44902e-06 2.98617e-11
1.45332e-06 2.99227e-11
1.45762e-06 2.99839e-11
1.46192e-06 3.00452e-11
1.46622e-06 3.01067e-11
1.47052e-06 3.01683e-11
1.47482e-06 3.02301e-11
1.47912e-06 3.02921e-11
1.48342e-06 3.03542e-11
1.48772e-06 3.04164e-11
1.49202e-06 3.04788e-11
1.49632e-06 3.05413e-11
1.50062e-06 3.06040e-11
1.50492e-06 3.06669e-11
1.50922e-06 3.07298e-11
1.51352e-06 3.07930e-11
1.51782e-06 3.08562e-11
1.52212e-06 3.09195e-11
1.52642e-06 3.09830e-11
1.53072e-06 3.10466e-11
1.53502e-06 3.11103e-11
1.53932e-06 3.11741e-11
1.54362e-06 3.12380e-11
1.54792e-06 3.13020e-11
1.55222e-06 3.13661e-11
1.55652e-06 3.14302e-11
1.56082e-06 3.14944e-11
1.56512e-06 3.15587e-11
1.56942e-06 3.16230e-11
1.57372e-06 3.16874e-11
1.57802e-06 3.17518e-11
1.58232e-06 3.18163e-11
1.58662e-06 3.18808e-11
1.59092e-06 3.19453e-11
1.59522e-06 3.20098e-11
1.59952e-06 3.20744e-11
1.60382e-06 3.21390e-11
1.60812e-06 3.22036e-11
1.61242e-06 3.22682e-11
1.61672e-06 3.23328e-11
1.62102e-06 3.23974e-11
1.62532e-06 3.24619e-11
1.62962e-06 3.25265e-11
1.63392e-06 3.25911e-11
1.63821e-06 3.26557e-11
1.64251e-06 3.27203e-11
1.64681e-06 3.27849e-11
1.65111e-06 3.28495e-11
1.65541e-06 3.29140e-11
1.65971e-06 3.29786e-11
1.66401e-06 3.30432e-11
1.66831e-06 3.31078e-11
1.67261e-06 3.31723e-11
1.67691e-06 3.32370e-11
1.68121e-06 3.33016e-11
1.68551e-06 3.33662e-11
1.68981e-06 3.34309e-11
1.69411e-06 3.34956e-11
1.69841e-06 3.35603e-11
1.70271e-06 3.36251e-11
1.70701e-06 3.36900e-11
1.71131e-06 3.37549e-11
1.71561e-06 3.38198e-11
1.71991e-06 3.38849e-11
1.72421e-06 3.39500e-11
1.72851e-06 3.40152e-11
1.73281e-06 3.40805e-11
1.73711e-06 3.41459e-11
1.74141e-06 3.42114e-11
1.74571e-06 3.42770e-11
1.75001e-06 3.43428e-11
1.75431e-06 3.44087e-11
1.75861e-06 3.44747e-11
1.76291e-06 3.45409e-11
1.76721e-06 3.46072e-11
1.77151e-06 3.46737e-11
1.77581e-06 3.47404e-11
1.78011e-06 3.48073e-11
1.78441e-06 3.48743e-11
1.78871e-06 3.49415e-11
1.79301e-06 3.50090e-11
1.79731e-06 3.50766e-11
1.80161e-06 3.51444e-11
1.80591e-06 3.52124e-11
1.81021e-06 3.52807e-11
1.81451e-06 3.53491e-11
1.81881e-06 3.54178e-11
1.82311e-06 3.54867e-11
1.82740e-06 3.55558e-11
1.83170e-06 3.56252e-11
1.83600e-06 3.56947e-11
1.84030e-06 3.57645e-11
1.84460e-06 3.58345e-11
1.84890e-06 3.59047e-11
1.85320e-06 3.59751e-11
1.85750e-06 3.60458e-11
1.86180e-06 3.61166e-11
1.86610e-06 3.61876e-11
1.87040e-06 3.62589e-11
1.87470e-06 3.63303e-11
1.87900e-06 3.64019e-11
1.88330e-06 3.64736e-11
1.88760e-06 3.65456e-11
1.89190e-06 3.66177e-11
1.89620e-06 3.66899e-11
1.90050e-06 3.67622e-11
1.90480e-06 3.68347e-11
1.90910e-06 3.69073e-11
1.91340e-06 3.69800e-11
1.91770e-06 3.70528e-11
1.92200e-06 3.71257e-11
1.92630e-06 3.71986e-11
1.93060e-06 3.72715e-11
1.93490e-06 3.73445e-11
1.93920e-06 3.74175e-11
1.94350e-06 3.74905e-11
1.94780e-06 3.75635e-11
1.95210e-06 3.76364e-11
1.95640e-06 3.77093e-11
1.96070e-06 3.77821e-11
1.96500e-06 3.78549e-11
1.96930e-06 3.79275e-11
1.97360e-06 3.80000e-11
1.97790e-06 3.80724e-11
1.98220e-06 3.81446e-11
1.98650e-06 3.82167e-11
1.99080e-06 3.82885e-11
1.99510e-06 3.83602e-11
1.99940e-06 3.84316e-11
2.00370e-06 3.85028e-11
2.00800e-06 3.85737e-11
2.01230e-06 3.86443e-11
2.01660e-06 3.87147e-11
2.02089e-06 3.87847e-11
2.02519e-06 3.88545e-11
2.02949e-06 3.89238e-11
2.03379e-06 3.89929e-11
2.03809e-06 3.90615e-11
2.04239e-06 3.91298e-11
2.04669e-06 3.91976e-11
2.05099e-06 3.92651e-11
2.05529e-06 3.93321e-11
2.05959e-06 3.93987e-11
2.06389e-06 3.94649e-11
2.06819e-06 3.95305e-11
2.07249e-06 3.95957e-11
2.07679e-06 3.96605e-11
2.08109e-06 3.97247e-11
2.08539e-06 3.97885e-11
2.08969e-06 3.98517e-11
2.09399e-06 3.99144e-11
2.09829e-06 3.99766e-11
2.10259e-06 4.00383e-11
2.10689e-06 4.00994e-11
2.11119e-06 4.01600e-11
2.11549e-06 4.02201e-11
2.11979e-06 4.02796e-11
2.12409e-06 4.03386e-11
2.12839e-06 4.03970e-11
2.13269e-06 4.04549e-11
2.13699e-06 4.05123e-11
2.14129e-06 4.05691e-11
2.14559e-06 4.06253e-11
2.14989e-06 4.06810e-11
2.15419e-06 4.07362e-11
2.15849e-06 4.07908e-11
2.16279e-06 4.08449e-11
2.16709e-06 4.08985e-11
2.17139e-06 4.09515e-11
2.17569e-06 4.10041e-11
2.17999e-06 4.10561e-11
2.18429e-06 4.11076e-11
2.18859e-06 4.11586e-11
2.19289e-06 4.12091e-11
2.19719e-06 4.12592e-11
2.20149e-06 4.13088e-11
2.20579e-06 4.13579e-11
2.21009e-06 4.14065e-11
2.21438e-06 4.14548e-11
2.21868e-06 4.15025e-11
2.22298e-06 4.15499e-11
2.22728e-06 4.15969e-11
2.23158e-06 4.16434e-11
2.23588e-06 4.16896e-11
2.24018e-06 4.17354e-11
2.24448e-06 4.17808e-11
2.24878e-06 4.18259e-11
2.25308e-06 4.18707e-11
2.25738e-06 4.19151e-11
2.26168e-06 4.19592e-11
2.26598e-06 4.20030e-11
2.27028e-06 4.20465e-11
2.27458e-06 4.20898e-11
2.27888e-06 4.21328e-11
2.28318e-06 4.21755e-11
2.28748e-06 4.22181e-11
2.29178e-06 4.22604e-11
2.29608e-06 4.23025e-11
2.30038e-06 4.23444e-11
2.30468e-06 4.23861e-11
2.30898e-06 4.24276e-11
2.31328e-06 4.24690e-11
2.31758e-06 4.25103e-11
2.32188e-06 4.25514e-11
2.32618e-06 4.25925e-11
2.33048e-06 4.26334e-11
2.33478e-06 4.26742e-11
2.33908e-06 4.27149e-11
2.34338e-06 4.27556e-11
2.34768e-06 4.27962e-11
2.35198e-06 4.28368e-11
2.35628e-06 4.28774e-11
2.36058e-06 4.29179e-11
2.36488e-06 4.29584e-11
2.36918e-06 4.29989e-11
2.37348e-06 4.30394e-11
2.37778e-06 4.30799e-11
2.38208e-06 4.31205e-11
2.38638e-06 4.31611e-11
2.39068e-06 4.32017e-11
2.39498e-06 4.32424e-11
2.39928e-06 4.32832e-11
2.40357e-06 4.33240e-11
2.40787e-06 4.33649e-11
2.41217e-06 4.34059e-11
2.41647e-06 4.34469e-11
2.42077e-06 4.34881e-11
2.42507e-06 4.35294e-11
2.42937e-06 4.35708e-11
2.43367e-06 4.36123e-11
2.43797e-06 4.36539e-11
2.44227e-06 4.36957e-11
2.44657e-06 4.37376e-11
2.45087e-06 4.37796e-11
2.45517e-06 4.38218e-11
2.45947e-06 4.38641e-11
2.46377e-06 4.39066e-11
2.46807e-06 4.39492e-11
2.47237e-06 4.39920e-11
2.47667e-06 4.40349e-11
2.48097e-06 4.40780e-11
2.48527e-06 4.41213e-11
2.48957e-06 4.41647e-11
2.49387e-06 4.42083e-11
2.49817e-06 4.42521e-11
2.50247e-06 4.42960e-11
2.50677e-06 4.43401e-11
2.51107e-06 4.43844e-11
2.51537e-06 4.44289e-11
2.51967e-06 4.44735e-11
2.52397e-06 4.45183e-11
2.52827e-06 4.45633e-11
2.53257e-06 4.46084e-11
2.53687e-06 4.46538e-11
2.54117e-06 4.46993e-11
2.54547e-06 4.47449e-11
2.54977e-06 4.47908e-11
2.55407e-06 4.48368e-11
2.55837e-06 4.48830e-11
2.56267e-06 4.49293e-11
2.56697e-06 4.49758e-11
2.57127e-06 4.50225e-11
2.57557e-06 4.50694e-11
2.57987e-06 4.51164e-11
2.58417e-06 4.51635e-11
2.58847e-06 4.52108e-11
2.59277e-06 4.52583e-11
2.59706e-06 4.53059e-11
2.60136e-06 4.53537e-11
2.60566e-06 4.54016e-11
2.60996e-06 4.54497e-11
2.61426e-06 4.54979e-11
2.61856e-06 4.55462e-11
2.62286e-06 4.55947e-11
2.62716e-06 4.56433e-11
2.63146e-06 4.56921e-11
2.63576e-06 4.57410e-11
2.64006e-06 4.57900e-11
2.64436e-06 4.58391e-11
2.64866e-06 4.58884e-11
2.65296e-06 4.59377e-11
2.65726e-06 4.59872e-11
2.66156e-06 4.60368e-11
2.66586e-06 4.60865e-11
2.67016e-06 4.61363e-11
2.67446e-06 4.61862e-11
2.67876e-06 4.62362e-11
2.68306e-06 4.62863e-11
2.68736e-06 4.63365e-11
2.69166e-06 4.63868e-11
2.69596e-06 4.64372e-11
2.70026e-06 4.64877e-11
2.70456e-06 4.65382e-11
2.70886e-06 4.65889e-11
2.71316e-06 4.66396e-11
2.71746e-06 4.66904e-11
2.72176e-06 4.67413e-11
2.72606e-06 4.67922e-11
2.73036e-06 4.68432e-11
2.73466e-06 4.68943e-11
2.73896e-06 4.69455e-11
2.74326e-06 4.69967e-11
2.74756e-06 4.70480e-11
2.75186e-06 4.70994e-11
2.75616e-06 4.71508e-11
2.76046e-06 4.72023e-11
2.76476e-06 4.72538e-11
2.76906e-06 4.73054e-11
2.77336e-06 4.73570e-11
2.77766e-06 4.74087e-11
2.78196e-06 4.74605e-11
2.78626e-06 4.75123e-11
2.79055e-06 4.75641e-11
2.79485e-06 4.76160e-11
2.79915e-06 4.76680e-11
2.80345e-06 4.77199e-11
2.80775e-06 4.77720e-11
2.81205e-06 4.78240e-11
2.81635e-06 4.78761e-11
2.82065e-06 4.79283e-11
2.82495e-06 4.79804e-11
2.82925e-06 4.80326e-11
2.83355e-06 4.80849e-11
2.83785e-06 4.81372e-11
2.84215e-06 4.81894e-11
2.84645e-06 4.82418e-11
2.85075e-06 4.82941e-11
2.85505e-06 4.83465e-11
2.85935e-06 4.83989e-11
2.86365e-06 4.84513e-11
2.86795e-06 4.85037e-11
2.87225e-06 4.85561e-11
2.87655e-06 4.86085e-11
2.88085e-06 4.86610e-11
2.88515e-06 4.87134e-11
2.88945e-06 4.87658e-11
2.89375e-06 4.88183e-11
2.89805e-06 4.88707e-11
2.90235e-06 4.89231e-11
2.90665e-06 4.89755e-11
2.91095e-06 4.90278e-11
2.91525e-06 4.90802e-11
2.91955e-06 4.91325e-11
2.92385e-06 4.91848e-11
2.92815e-06 4.92370e-11
2.93245e-06 4.92892e-11
2.93675e-06 4.93414e-11
2.94105e-06 4.93935e-11
2.94535e-06 4.94455e-11
2.94965e-06 4.94975e-11
2.95395e-06 4.95494e-11
2.95825e-06 4.96012e-11
2.96255e-06 4.96529e-11
2.96685e-06 4.97046e-11
2.97115e-06 4.97562e-11
2.97545e-06 4.98076e-11
2.97975e-06 4.98590e-11
2.98404e-06 4.99102e-11
2.98834e-06 4.99613e-11
2.99264e-06 5.00123e-11
2.99694e-06 5.00632e-11
3.00124e-06 5.01139e-11
3.00554e-06 5.01644e-11
3.00984e-06 5.02148e-11
3.01414e-06 5.02651e-11
3.01844e-06 5.03152e-11
3.02274e-06 5.03651e-11
3.02704e-06 5.04148e-11
3.03134e-06 5.04643e-11
3.03564e-06 5.05137e-11
3.03994e-06 5.05628e-11
3.04424e-06 5.06118e-11
3.04854e-06 5.06605e-11
3.05284e-06 5.07090e-11
3.05714e-06 5.07572e-11
3.06144e-06 5.08053e-11
3.06574e-06 5.08531e-11
3.07004e-06 5.09006e-11
3.07434e-06 5.09479e-11
3.07864e-06 5.09950e-11
3.08294e-06 5.10418e-11
3.08724e-06 5.10883e-11
3.09154e-06 5.11346e-11
3.09584e-06 5.11805e-11
3.10014e-06 5.12263e-11
3.10444e-06 5.12717e-11
3.10874e-06 5.13168e-11
3.11304e-06 5.13617e-11
3.11734e-06 5.14063e-11
3.12164e-06 5.14505e-11
3.12594e-06 5.14945e-11
3.13024e-06 5.15382e-11
3.13454e-06 5.15817e-11
3.13884e-06 5.16248e-11
3.14314e-06 5.16676e-11
3.14744e-06 5.17101e-11
3.15174e-06 5.17523e-11
3.15604e-06 5.17943e-11
3.16034e-06 5.18359e-11
3.16464e-06 5.18773e-11
3.16894e-06 5.19184e-11
3.17323e-06 5.19592e-11
3.17753e-06 5.19997e-11
3.18183e-06 5.20399e-11
3.18613e-06 5.20799e-11
3.19043e-06 5.21196e-11
3.19473e-06 5.21591e-11
3.19903e-06 5.21983e-11
3.20333e-06 5.22372e-11
3.20763e-06 5.22759e-11
3.21193e-06 5.23144e-11
3.21623e-06 5.23526e-11
3.22053e-06 5.23906e-11
3.22483e-06 5.24284e-11
3.22913e-06 5.24660e-11
3.23343e-06 5.25034e-11
3.23773e-06 5.25407e-11
3.24203e-06 5.25777e-11
3.24633e-06 5.26146e-11
3.25063e-06 5.26513e-11
3.25493e-06 5.26878e-11
3.25923e-06 5.27242e-11
3.26353e-06 5.27605e-11
3.26783e-06 5.27967e-11
3.27213e-06 5.28328e-11
3.27643e-06 5.28687e-11
3.28073e-06 5.29046e-11
3.28503e-06 5.29404e-11
3.28933e-06 5.29761e-11
3.29363e-06 5.30118e-11
3.29793e-06 5.30474e-11
3.30223e-06 5.30830e-11
3.30653e-06 5.31186e-11
3.31083e-06 5.31542e-11
3.31513e-06 5.31897e-11
3.31943e-06 5.32253e-11
3.32373e-06 5.32609e-11
3.32803e-06 5.32966e-11
3.33233e-06 5.33322e-11
3.33663e-06 5.33680e-11
3.34093e-06 5.34038e-11
3.34523e-06 5.34396e-11
3.34953e-06 5.34756e-11
3.35383e-06 5.35117e-11
3.35813e-06 5.35478e-11
3.36243e-06 5.35841e-11
3.36672e-06 5.36204e-11
3.37102e-06 5.36569e-11
3.37532e-06 5.36936e-11
3.37962e-06 5.37304e-11
3.38392e-06 5.37673e-11
3.38822e-06 5.38044e-11
3.39252e-06 5.38417e-11
3.39682e-06 5.38791e-11
3.40112e-06 5.39167e-11
3.40542e-06 5.39545e-11
3.40972e-06 5.39924e-11
3.41402e-06 5.40306e-11
3.41832e-06 5.40689e-11
3.42262e-06 5.41075e-11
3.42692e-06 5.41462e-11
3.43122e-06 5.41852e-11
3.43552e-06 5.42244e-11
3.43982e-06 5.42637e-11
3.44412e-06 5.43033e-11
3.44842e-06 5.43431e-11
3.45272e-06 5.43831e-11
3.45702e-06 5.44234e-11
3.46132e-06 5.44638e-11
3.46562e-06 5.45044e-11
3.46992e-06 5.45453e-11
3.47422e-06 5.45864e-11
3.47852e-06 5.46276e-11
3.48282e-06 5.46691e-11
3.48712e-06 5.47108e-11
3.49142e-06 5.47527e-11
3.49572e-06 5.47948e-11
3.50002e-06 5.48371e-11
3.50432e-06 5.48795e-11
3.50862e-06 5.49222e-11
3.51292e-06 5.49651e-11
3.51722e-06 5.50081e-11
3.52152e-06 5.50513e-11
3.52582e-06 5.50947e-11
3.53012e-06 5.51382e-11
3.53442e-06 5.51819e-11
3.53872e-06 5.52258e-11
3.54302e-06 5.52698e-11
3.54732e-06 5.53139e-11
3.55162e-06 5.53582e-11
3.55592e-06 5.54027e-11
3.56021e-06 5.54472e-11
3.56451e-06 5.54919e-11
3.56881e-06 5.55367e-11
3.57311e-06 5.55816e-11
3.57741e-06 5.56266e-11
3.58171e-06 5.56717e-11
3.58601e-06 5.57168e-11
3.59031e-06 5.57621e-11
3.59461e-06 5.58075e-11
3.59891e-06 5.58529e-11
3.60321e-06 5.58984e-11
3.60751e-06 5.59439e-11
3.61181e-06 5.59895e-11
3.61611e-06 5.60352e-11
3.62041e-06 5.60809e-11
3.62471e-06 5.61266e-11
3.62901e-06 5.61724e-11
3.63331e-06 5.62182e-11
3.63761e-06 5.62640e-11
3.64191e-06 5.63099e-11
3.64621e-06 5.63557e-11
3.65051e-06 5.64016e-11
3.65481e-06 5.64474e-11
3.65911e-06 5.64933e-11
3.66341e-06 5.65391e-11
3.66771e-06 5.65850e-11
3.67201e-06 5.66308e-11
3.67631e-06 5.66766e-11
3.68061e-06 5.67224e-11
3.68491e-06 5.67682e-11
3.68921e-06 5.68139e-11
3.69351e-06 5.68597e-11
3.69781e-06 5.69054e-11
3.70211e-06 5.69510e-11
3.70641e-06 5.69966e-11
3.71071e-06 5.70422e-11
3.71501e-06 5.70877e-11
3.71931e-06 5.71332e-11
3.72361e-06 5.71787e-11
3.72791e-06 5.72241e-11
3.73221e-06 5.72694e-11
3.73651e-06 5.73147e-11
3.74081e-06 5.73600e-11
3.74511e-06 5.74052e-11
3.74941e-06 5.74503e-11
3.75370e-06 5.74954e-11
3.75800e-06 5.75404e-11
3.76230e-06 5.75854e-11
3.76660e-06 5.76303e-11
3.77090e-06 5.76752e-11
3.77520e-06 5.77200e-11
3.77950e-06 5.77647e-11
3.78380e-06 5.78094e-11
3.78810e-06 5.78540e-11
3.79240e-06 5.78985e-11
3.79670e-06 5.79430e-11
3.80100e-06 5.79874e-11
3.80530e-06 5.80318e-11
3.80960e-06 5.80761e-11
3.81390e-06 5.81203e-11
3.81820e-06 5.81645e-11
3.82250e-06 5.82086e-11
3.82680e-06 5.82526e-11
3.83110e-06 5.82965e-11
3.83540e-06 5.83404e-11
3.83970e-06 5.83842e-11
3.84400e-06 5.84280e-11
3.84830e-06 5.84717e-11
3.85260e-06 5.85153e-11
3.85690e-06 5.85588e-11
3.86120e-06 5.86022e-11
3.86550e-06 5.86456e-11
3.86980e-06 5.86889e-11
3.87410e-06 5.87321e-11
3.87840e-06 5.87752e-11
3.88270e-06 5.88182e-11
3.88700e-06 5.88611e-11
3.89130e-06 5.89040e-11
3.89560e-06 5.89467e-11
3.89990e-06 5.89894e-11
3.90420e-06 5.90320e-11
3.90850e-06 5.90744e-11
3.91280e-06 5.91168e-11
3.91710e-06 5.91591e-11
3.92140e-06 5.92012e-11
3.92570e-06 5.92433e-11
3.93000e-06 5.92852e-11
3.93430e-06 5.93270e-11
3.93860e-06 5.93687e-11
3.94289e-06 5.94103e-11
3.94719e-06 5.94517e-11
3.95149e-06 5.94930e-11
3.95579e-06 5.95342e-11
3.96009e-06 5.95753e-11
3.96439e-06 5.96162e-11
3.96869e-06 5.96570e-11
3.97299e-06 5.96976e-11
3.97729e-06 5.97381e-11
3.98159e-06 5.97784e-11
3.98589e-06 5.98186e-11
3.99019e-06 5.98586e-11
3.99449e-06 5.98985e-11
3.99879e-06 5.99382e-11
4.00309e-06 5.99778e-11
4.00739e-06 6.00171e-11
4.01169e-06 6.00563e-11
4.01599e-06 6.00953e-11
4.02029e-06 6.01342e-11
4.02459e-06 6.01728e-11
4.02889e-06 6.02113e-11
4.03319e-06 6.02496e-11
4.03749e-06 6.02877e-11
4.04179e-06 6.03257e-11
4.04609e-06 6.03634e-11
4.05039e-06 6.04009e-11
4.05469e-06 6.04383e-11
4.05899e-06 6.04754e-11
4.06329e-06 6.05124e-11
4.06759e-06 6.05492e-11
4.07189e-06 6.05857e-11
4.07619e-06 6.06221e-11
4.08049e-06 6.06582e-11
4.08479e-06 6.06942e-11
4.08909e-06 6.07300e-11
4.09339e-06 6.07655e-11
4.09769e-06 6.08009e-11
4.10199e-06 6.08360e-11
4.10629e-06 6.08710e-11
4.11059e-06 6.09058e-11
4.11489e-06 6.09403e-11
4.11919e-06 6.09747e-11
4.12349e-06 6.10089e-11
4.12779e-06 6.10429e-11
4.13209e-06 6.10767e-11
4.13638e-06 6.11103e-11
4.14068e-06 6.11437e-11
4.14498e-06 6.11770e-11
4.14928e-06 6.12101e-11
4.15358e-06 6.12430e-11
4.15788e-06 6.12757e-11
4.16218e-06 6.13083e-11
4.16648e-06 6.13407e-11
4.17078e-06 6.13730e-11
4.17508e-06 6.14051e-11
4.17938e-06 6.14370e-11
4.18368e-06 6.14688e-11
4.18798e-06 6.15005e-11
4.19228e-06 6.15320e-11
4.19658e-06 6.15635e-11
4.20088e-06 6.15947e-11
4.20518e-06 6.16259e-11
4.20948e-06 6.16570e-11
4.21378e-06 6.16880e-11
4.21808e-06 6.17188e-11
4.22238e-06 6.17496e-11
4.22668e-06 6.17803e-11
4.23098e-06 6.18109e-11
4.23528e-06 6.18415e-11
4.23958e-06 6.18720e-11
4.24388e-06 6.19024e-11
4.24818e-06 6.19328e-11
4.25248e-06 6.19632e-11
4.25678e-06 6.19935e-11
4.26108e-06 6.20238e-11
4.26538e-06 6.20541e-11
4.26968e-06 6.20843e-11
4.27398e-06 6.21146e-11
4.27828e-06 6.21449e-11
4.28258e-06 6.21752e-11
4.28688e-06 6.22055e-11
4.29118e-06 6.22358e-11
4.29548e-06 6.22662e-11
4.29978e-06 6.22966e-11
4.30408e-06 6.23271e-11
4.30838e-06 6.23576e-11
4.31268e-06 6.23882e-11
4.31698e-06 6.24189e-11
4.32128e-06 6.24496e-11
4.32558e-06 6.24805e-11
4.32987e-06 6.25114e-11
4.33417e-06 6.25425e-11
4.33847e-06 6.25736e-11
4.34277e-06 6.26049e-11
4.34707e-06 6.26362e-11
4.35137e-06 6.26678e-11
4.35567e-06 6.26994e-11
4.35997e-06 6.27312e-11
4.36427e-06 6.27631e-11
4.36857e-06 6.27952e-11
4.37287e-06 6.28274e-11
4.37717e-06 6.28598e-11
4.38147e-06 6.28924e-11
4.38577e-06 6.29251e-11
4.39007e-06 6.29580e-11
4.39437e-06 6.29911e-11
4.39867e-06 6.30244e-11
4.40297e-06 6.30579e-11
4.40727e-06 6.30915e-11
4.41157e-06 6.31254e-11
4.41587e-06 6.31594e-11
4.42017e-06 6.31936e-11
4.42447e-06 6.32281e-11
4.42877e-06 6.32627e-11
4.43307e-06 6.32976e-11
4.43737e-06 6.33326e-11
4.44167e-06 6.33679e-11
4.44597e-06 6.34034e-11
4.45027e-06 6.34390e-11
4.45457e-06 6.34749e-11
4.45887e-06 6.35110e-11
4.46317e-06 6.35473e-11
4.46747e-06 6.35838e-11
4.47177e-06 6.36206e-11
4.47607e-06 6.36575e-11
4.48037e-06 6.36946e-11
4.48467e-06 6.37319e-11
4.48897e-06 6.37695e-11
4.49327e-06 6.38072e-11
4.49757e-06 6.38452e-11
4.50187e-06 6.38833e-11
4.50617e-06 6.39216e-11
4.51047e-06 6.39601e-11
4.51477e-06 6.39988e-11
4.51906e-06 6.40377e-11
4.52336e-06 6.40767e-11
4.52766e-06 6.41160e-11
4.53196e-06 6.41554e-11
4.53626e-06 6.41950e-11
4.54056e-06 6.42347e-11
4.54486e-06 6.42746e-11
4.54916e-06 6.43146e-11
4.55346e-06 6.43548e-11
4.55776e-06 6.43952e-11
4.56206e-06 6.44356e-11
4.56636e-06 6.44763e-11
4.57066e-06 6.45170e-11
4.57496e-06 6.45579e-11
4.57926e-06 6.45988e-11
4.58356e-06 6.46399e-11
4.58786e-06 6.46811e-11
4.59216e-06 6.47224e-11
4.59646e-06 6.47638e-11
4.60076e-06 6.48053e-11
4.60506e-06 6.48469e-11
4.60936e-06 6.48886e-11
4.61366e-06 6.49303e-11
4.61796e-06 6.49721e-11
4.62226e-06 6.50139e-11
4.62656e-06 6.50559e-11
4.63086e-06 6.50978e-11
4.63516e-06 6.51398e-11
4.63946e-06 6.51819e-11
4.64376e-06 6.52240e-11
4.64806e-06 6.52661e-11
4.65236e-06 6.53083e-11
4.65666e-06 6.53504e-11
4.66096e-06 6.53926e-11
4.66526e-06 6.54348e-11
4.66956e-06 6.54770e-11
4.67386e-06 6.55193e-11
4.67816e-06 6.55615e-11
4.68246e-06 6.56037e-11
4.68676e-06 6.56459e-11
4.69106e-06 6.56881e-11
4.69536e-06 6.57302e-11
4.69966e-06 6.57724e-11
4.70396e-06 6.58145e-11
4.70826e-06 6.58566e-11
4.71255e-06 6.58987e-11
4.71685e-06 6.59407e-11
4.72115e-06 6.59827e-11
4.72545e-06 6.60247e-11
4.72975e-06 6.60667e-11
4.73405e-06 6.61086e-11
4.73835e-06 6.61504e-11
4.74265e-06 6.61922e-11
4.74695e-06 6.62340e-11
4.75125e-06 6.62757e-11
4.75555e-06 6.63174e-11
4.75985e-06 6.63590e-11
4.76415e-06 6.64006e-11
4.76845e-06 6.64422e-11
4.77275e-06 6.64836e-11
4.77705e-06 6.65251e-11
4.78135e-06 6.65665e-11
4.78565e-06 6.66078e-11
4.78995e-06 6.66491e-11
4.79425e-06 6.66903e-11
4.79855e-06 6.67315e-11
4.80285e-06 6.67727e-11
4.80715e-06 6.68138e-11
4.81145e-06 6.68548e-11
4.81575e-06 6.68959e-11
4.82005e-06 6.69368e-11
4.82435e-06 6.69778e-11
4.82865e-06 6.70187e-11
4.83295e-06 6.70595e-11
4.83725e-06 6.71003e-11
4.84155e-06 6.71411e-11
4.84585e-06 6.71819e-11
4.85015e-06 6.72226e-11
4.85445e-06 6.72633e-11
4.85875e-06 6.73040e-11
4.86305e-06 6.73446e-11
4.86735e-06 6.73852e-11
4.87165e-06 6.74258e-11
4.87595e-06 6.74664e-11
4.88025e-06 6.75070e-11
4.88455e-06 6.75475e-11
4.88885e-06 6.75881e-11
4.89315e-06 6.76286e-11
4.89745e-06 6.76691e-11
4.90175e-06 6.77096e-11
4.90604e-06 6.77501e-11
4.91034e-06 6.77906e-11
4.91464e-06 6.78311e-11
4.91894e-06 6.78716e-11
4.92324e-06 6.79121e-11
4.92754e-06 6.79526e-11
4.93184e-06 6.79931e-11
4.93614e-06 6.80337e-11
4.94044e-06 6.80742e-11
4.94474e-06 6.81147e-11
4.94904e-06 6.81553e-11
4.95334e-06 6.81958e-11
4.95764e-06 6.82364e-11
4.96194e-06 6.82770e-11
4.96624e-06 6.83176e-11
4.97054e-06 6.83582e-11
4.97484e-06 6.83989e-11
4.97914e-06 6.84396e-11
4.98344e-06 6.84802e-11
4.98774e-06 6.85209e-11
4.99204e-06 6.85617e-11
4.99634e-06 6.86024e-11
5.00064e-06 6.86432e-11
5.00494e-06 6.86840e-11
5.00924e-06 6.87248e-11
5.01354e-06 6.87656e-11
5.01784e-06 6.88065e-11
5.02214e-06 6.88474e-11
5.02644e-06 6.88883e-11
5.03074e-06 6.89292e-11
5.03504e-06 6.89701e-11
5.03934e-06 6.90111e-11
5.04364e-06 6.90521e-11
5.04794e-06 6.90931e-11
5.05224e-06 6.91342e-11
5.05654e-06 6.91752e-11
5.06084e-06 6.92163e-11
5.06514e-06 6.92574e-11
5.06944e-06 6.92985e-11
5.07374e-06 6.93397e-11
5.07804e-06 6.93808e-11
5.08234e-06 6.94220e-11
5.08664e-06 6.94632e-11
5.09094e-06 6.95044e-11
5.09524e-06 6.95457e-11
5.09953e-06 6.95869e-11
5.10383e-06 6.96282e-11
5.10813e-06 6.96695e-11
5.11243e-06 6.97107e-11
5.11673e-06 6.97521e-11
5.12103e-06 6.97934e-11
5.12533e-06 6.98347e-11
5.12963e-06 6.98761e-11
5.13393e-06 6.99174e-11
5.13823e-06 6.99588e-11
5.14253e-06 7.00002e-11
5.14683e-06 7.00416e-11
5.15113e-06 7.00830e-11
5.15543e-06 7.01244e-11
5.15973e-06 7.01658e-11
5.16403e-06 7.02072e-11
5.16833e-06 7.02487e-11
5.17263e-06 7.02901e-11
5.17693e-06 7.03316e-11
5.18123e-06 7.03731e-11
5.18553e-06 7.04146e-11
5.18983e-06 7.04561e-11
5.19413e-06 7.04976e-11
5.19843e-06 7.05391e-11
5.20273e-06 7.05806e-11
5.20703e-06 7.06222e-11
5.21133e-06 7.06637e-11
5.21563e-06 7.07053e-11
5.21993e-06 7.07469e-11
5.22423e-06 7.07885e-11
5.22853e-06 7.08301e-11
5.23283e-06 7.08717e-11
5.23713e-06 7.09134e-11
5.24143e-06 7.09550e-11
5.24573e-06 7.09967e-11
5.25003e-06 7.10384e-11
5.25433e-06 7.10802e-11
5.25863e-06 7.11219e-11
5.26293e-06 7.11637e-11
5.26723e-06 7.12055e-11
5.27153e-06 7.12473e-11
5.27583e-06 7.12891e-11
5.28013e-06 7.13310e-11
5.28443e-06 7.13729e-11
5.28872e-06 7.14148e-11
5.29302e-06 7.14568e-11
5.29732e-06 7.14988e-11
5.30162e-06 7.15408e-11
5.30592e-06 7.15828e-11
5.31022e-06 7.16249e-11
5.31452e-06 7.16671e-11
5.31882e-06 7.17092e-11
5.32312e-06 7.17514e-11
5.32742e-06 7.17936e-11
5.33172e-06 7.18359e-11
5.33602e-06 7.18782e-11
5.34032e-06 7.19205e-11
5.34462e-06 7.19629e-11
5.34892e-06 7.20054e-11
5.35322e-06 7.20478e-11
5.35752e-06 7.20903e-11
5.36182e-06 7.21329e-11
5.36612e-06 7.21755e-11
5.37042e-06 7.22181e-11
5.37472e-06 7.22608e-11
5.37902e-06 7.23035e-11
5.38332e-06 7.23463e-11
5.38762e-06 7.23891e-11
5.39192e-06 7.24319e-11
5.39622e-06 7.24748e-11
5.40052e-06 7.25178e-11
5.40482e-06 7.25607e-11
5.40912e-06 7.26037e-11
5.41342e-06 7.26468e-11
5.41772e-06 7.26899e-11
5.42202e-06 7.27330e-11
5.42632e-06 7.27762e-11
5.43062e-06 7.28194e-11
5.43492e-06 7.28626e-11
5.43922e-06 7.29059e-11
5.44352e-06 7.29492e-11
5.44782e-06 7.29926e-11
5.45212e-06 7.30359e-11
5.45642e-06 7.30793e-11
5.46072e-06 7.31228e-11
5.46502e-06 7.31662e-11
5.46932e-06 7.32097e-11
5.47362e-06 7.32531e-11
5.47792e-06 7.32967e-11
5.48221e-06 7.33402e-11
5.48651e-06 7.33837e-11
5.49081e-06 7.34272e-11
5.49511e-06 7.34708e-11
5.49941e-06 7.35144e-11
5.50371e-06 7.35579e-11
5.50801e-06 7.36015e-11
5.51231e-06 7.36450e-11
5.51661e-06 7.36886e-11
5.52091e-06 7.37321e-11
5.52521e-06 7.37757e-11
5.52951e-06 7.38192e-11
5.53381e-06 7.38627e-11
5.53811e-06 7.39062e-11
5.54241e-06 7.39496e-11
5.54671e-06 7.39930e-11
5.55101e-06 7.40364e-11
5.55531e-06 7.40798e-11
5.55961e-06 7.41231e-11
5.56391e-06 7.41664e-11
5.56821e-06 7.42097e-11
5.57251e-06 7.42529e-11
5.57681e-06 7.42960e-11
5.58111e-06 7.43391e-11
5.58541e-06 7.43822e-11
5.58971e-06 7.44252e-11
5.59401e-06 7.44681e-11
5.59831e-06 7.45109e-11
5.60261e-06 7.45537e-11
5.60691e-06 7.45964e-11
5.61121e-06 7.46391e-11
5.61551e-06 7.46816e-11
5.61981e-06 7.47241e-11
5.62411e-06 7.47665e-11
5.62841e-06 7.48088e-11
5.63271e-06 7.48510e-11
5.63701e-06 7.48931e-11
5.64131e-06 7.49351e-11
5.64561e-06 7.49770e-11
5.64991e-06 7.50188e-11
5.65421e-06 7.50606e-11
5.65851e-06 7.51022e-11
5.66281e-06 7.51436e-11
5.66711e-06 7.51850e-11
5.67141e-06 7.52263e-11
5.67570e-06 7.52674e-11
5.68000e-06 7.53084e-11
5.68430e-06 7.53493e-11
5.68860e-06 7.53901e-11
5.69290e-06 7.54307e-11
5.69720e-06 7.54712e-11
5.70150e-06 7.55116e-11
5.70580e-06 7.55519e-11
5.71010e-06 7.55920e-11
5.71440e-06 7.56320e-11
5.71870e-06 7.56718e-11
5.72300e-06 7.57115e-11
5.72730e-06 7.57511e-11
5.73160e-06 7.57905e-11
5.73590e-06 7.58298e-11
5.74020e-06 7.58689e-11
5.74450e-06 7.59079e-11
5.74880e-06 7.59468e-11
5.75310e-06 7.59855e-11
5.75740e-06 7.60240e-11
5.76170e-06 7.60624e-11
5.76600e-06 7.61007e-11
5.77030e-06 7.61388e-11
5.77460e-06 7.61768e-11
5.77890e-06 7.62146e-11
5.78320e-06 7.62522e-11
5.78750e-06 7.62898e-11
5.79180e-06 7.63271e-11
5.79610e-06 7.63644e-11
5.80040e-06 7.64015e-11
5.80470e-06 7.64384e-11
5.80900e-06 7.64752e-11
5.81330e-06 7.65118e-11
5.81760e-06 7.65483e-11
5.82190e-06 7.65847e-11
5.82620e-06 7.66209e-11
5.83050e-06 7.66570e-11
5.83480e-06 7.66929e-11
5.83910e-06 7.67287e-11
5.84340e-06 7.67644e-11
5.84770e-06 7.67999e-11
5.85200e-06 7.68353e-11
5.85630e-06 7.68705e-11
5.86060e-06 7.69057e-11
5.86490e-06 7.69407e-11
5.86919e-06 7.69755e-11
5.87349e-06 7.70103e-11
5.87779e-06 7.70449e-11
5.88209e-06 7.70794e-11
5.88639e-06 7.71138e-11
5.89069e-06 7.71480e-11
5.89499e-06 7.71822e-11
5.89929e-06 7.72162e-11
5.90359e-06 7.72502e-11
5.90789e-06 7.72840e-11
5.91219e-06 7.73177e-11
5.91649e-06 7.73513e-11
5.92079e-06 7.73848e-11
5.92509e-06 7.74183e-11
5.92939e-06 7.74516e-11
5.93369e-06 7.74848e-11
5.93799e-06 7.75180e-11
5.94229e-06 7.75510e-11
5.94659e-06 7.75840e-11
5.95089e-06 7.76169e-11
5.95519e-06 7.76497e-11
5.95949e-06 7.76825e-11
5.96379e-06 7.77152e-11
5.96809e-06 7.77478e-11
5.97239e-06 7.77803e-11
5.97669e-06 7.78128e-11
5.98099e-06 7.78452e-11
5.98529e-06 7.78776e-11
5.98959e-06 7.79099e-11
5.99389e-06 7.79422e-11
5.99819e-06 7.79744e-11
6.00249e-06 7.80066e-11
6.00679e-06 7.80387e-11
6.01109e-06 7.80708e-11
6.01539e-06 7.81029e-11
6.01969e-06 7.81349e-11
6.02399e-06 7.81669e-11
6.02829e-06 7.81989e-11
6.03259e-06 7.82308e-11
6.03689e-06 7.82628e-11
6.04119e-06 7.82947e-11
6.04549e-06 7.83266e-11
6.04979e-06 7.83585e-11
6.05409e-06 7.83904e-11
6.05838e-06 7.84223e-11
6.06268e-06 7.84542e-11
6.06698e-06 7.84860e-11
6.07128e-06 7.85179e-11
6.07558e-06 7.85498e-11
6.07988e-06 7.85817e-11
6.08418e-06 7.86137e-11
6.08848e-06 7.86456e-11
6.09278e-06 7.86776e-11
6.09708e-06 7.87095e-11
6.10138e-06 7.87415e-11
6.10568e-06 7.87736e-11
6.10998e-06 7.88056e-11
6.11428e-06 7.88377e-11
6.11858e-06 7.88698e-11
6.12288e-06 7.89020e-11
6.12718e-06 7.89342e-11
6.13148e-06 7.89664e-11
6.13578e-06 7.89987e-11
6.14008e-06 7.90310e-11
6.14438e-06 7.90634e-11
6.14868e-06 7.90958e-11
6.15298e-06 7.91282e-11
6.15728e-06 7.91608e-11
6.16158e-06 7.91933e-11
6.16588e-06 7.92260e-11
6.17018e-06 7.92587e-11
6.17448e-06 7.92914e-11
6.17878e-06 7.93242e-11
6.18308e-06 7.93571e-11
6.18738e-06 7.93901e-11
6.19168e-06 7.94231e-11
6.19598e-06 7.94562e-11
6.20028e-06 7.94893e-11
6.20458e-06 7.95225e-11
6.20888e-06 7.95558e-11
6.21318e-06 7.95892e-11
6.21748e-06 7.96226e-11
6.22178e-06 7.96562e-11
6.22608e-06 7.96898e-11
6.23038e-06 7.97235e-11
6.23468e-06 7.97572e-11
6.23898e-06 7.97911e-11
6.24328e-06 7.98250e-11
6.24758e-06 7.98590e-11
6.25187e-06 7.98931e-11
6.25617e-06 7.99273e-11
6.26047e-06 7.99615e-11
6.26477e-06 7.99959e-11
6.26907e-06 8.00303e-11
6.27337e-06 8.00648e-11
6.27767e-06 8.00994e-11
6.28197e-06 8.01341e-11
6.28627e-06 8.01689e-11
6.29057e-06 8.02038e-11
6.29487e-06 8.02387e-11
6.29917e-06 8.02738e-11
6.30347e-06 8.03089e-11
6.30777e-06 8.03442e-11
6.31207e-06 8.03795e-11
6.31637e-06 8.04149e-11
6.32067e-06 8.04504e-11
6.32497e-06 8.04860e-11
6.32927e-06 8.05216e-11
6.33357e-06 8.05574e-11
6.33787e-06 8.05933e-11
6.34217e-06 8.06292e-11
6.34647e-06 8.06652e-11
6.35077e-06 8.07013e-11
6.35507e-06 8.07375e-11
6.35937e-06 8.07738e-11
6.36367e-06 8.08102e-11
6.36797e-06 8.08467e-11
6.37227e-06 8.08832e-11
6.37657e-06 8.09198e-11
6.38087e-06 8.09565e-11
6.38517e-06 8.09933e-11
6.38947e-06 8.10302e-11
6.39377e-06 8.10672e-11
6.39807e-06 8.11042e-11
6.40237e-06 8.11413e-11
6.40667e-06 8.11785e-11
6.41097e-06 8.12157e-11
6.41527e-06 8.12531e-11
6.41957e-06 8.12905e-11
6.42387e-06 8.13279e-11
6.42817e-06 8.13655e-11
6.43247e-06 8.14031e-11
6.43677e-06 8.14408e-11
6.44107e-06 8.14785e-11
6.44536e-06 8.15163e-11
6.44966e-06 8.15542e-11
6.45396e-06 8.15921e-11
6.45826e-06 8.16301e-11
6.46256e-06 8.16681e-11
6.46686e-06 8.17062e-11
6.47116e-06 8.17444e-11
6.47546e-06 8.17826e-11
6.47976e-06 8.18208e-11
6.48406e-06 8.18591e-11
6.48836e-06 8.18974e-11
6.49266e-06 8.19358e-11
6.49696e-06 8.19742e-11
6.50126e-06 8.20127e-11
6.50556e-06 8.20511e-11
6.50986e-06 8.20897e-11
6.51416e-06 8.21282e-11
6.51846e-06 8.21668e-11
6.52276e-06 8.22054e-11
6.52706e-06 8.22440e-11
6.53136e-06 8.22826e-11
6.53566e-06 8.23213e-11
6.53996e-06 8.23599e-11
6.54426e-06 8.23986e-11
6.54856e-06 8.24373e-11
6.55286e-06 8.24760e-11
6.55716e-06 8.25147e-11
6.56146e-06 8.25534e-11
6.56576e-06 8.25921e-11
6.57006e-06 8.26308e-11
6.57436e-06 8.26695e-11
6.57866e-06 8.27082e-11
6.58296e-06 8.27469e-11
6.58726e-06 8.27855e-11
6.59156e-06 8.28242e-11
6.59586e-06 8.28628e-11
6.60016e-06 8.29014e-11
6.60446e-06 8.29400e-11
6.60876e-06 8.29786e-11
6.61306e-06 8.30171e-11
6.61736e-06 8.30556e-11
6.62166e-06 8.30941e-11
6.62596e-06 8.31325e-11
6.63026e-06 8.31709e-11
6.63456e-06 8.32092e-11
6.63885e-06 8.32476e-11
6.64315e-06 8.32858e-11
6.64745e-06 8.33241e-11
6.65175e-06 8.33622e-11
6.65605e-06 8.34004e-11
6.66035e-06 8.34385e-11
6.66465e-06 8.34765e-11
6.66895e-06 8.35145e-11
6.67325e-06 8.35524e-11
6.67755e-06 8.35902e-11
6.68185e-06 8.36280e-11
6.68615e-06 8.36658e-11
6.69045e-06 8.37034e-11
6.69475e-06 8.37410e-11
6.69905e-06 8.37786e-11
6.70335e-06 8.38161e-11
6.70765e-06 8.38535e-11
6.71195e-06 8.38908e-11
6.71625e-06 8.39281e-11
6.72055e-06 8.39653e-11
6.72485e-06 8.40024e-11
6.72915e-06 8.40394e-11
6.73345e-06 8.40764e-11
6.73775e-06 8.41133e-11
6.74205e-06 8.41502e-11
6.74635e-06 8.41869e-11
6.75065e-06 8.42236e-11
6.75495e-06 8.42602e-11
6.75925e-06 8.42968e-11
6.76355e-06 8.43332e-11
6.76785e-06 8.43696e-11
6.77215e-06 8.44059e-11
6.77645e-06 8.44422e-11
6.78075e-06 8.44783e-11
6.78505e-06 8.45144e-11
6.78935e-06 8.45505e-11
6.79365e-06 8.45864e-11
6.79795e-06 8.46223e-11
6.80225e-06 8.46581e-11
6.80655e-06 8.46938e-11
6.81085e-06 8.47295e-11
6.81515e-06 8.47651e-11
6.81945e-06 8.48006e-11
6.82375e-06 8.48361e-11
6.82804e-06 8.48715e-11
6.83234e-06 8.49068e-11
6.83664e-06 8.49421e-11
6.84094e-06 8.49773e-11
6.84524e-06 8.50124e-11
6.84954e-06 8.50475e-11
6.85384e-06 8.50825e-11
6.85814e-06 8.51175e-11
6.86244e-06 8.51524e-11
6.86674e-06 8.51873e-11
6.87104e-06 8.52221e-11
6.87534e-06 8.52568e-11
6.87964e-06 8.52916e-11
6.88394e-06 8.53262e-11
6.88824e-06 8.53609e-11
6.89254e-06 8.53954e-11
6.89684e-06 8.54300e-11
6.90114e-06 8.54645e-11
6.90544e-06 8.54989e-11
6.90974e-06 8.55334e-11
6.91404e-06 8.55677e-11
6.91834e-06 8.56021e-11
6.92264e-06 8.56364e-11
6.92694e-06 8.56707e-11
6.93124e-06 8.57050e-11
6.93554e-06 8.57393e-11
6.93984e-06 8.57735e-11
6.94414e-06 8.58077e-11
6.94844e-06 8.58419e-11
6.95274e-06 8.58761e-11
6.95704e-06 8.59103e-11
6.96134e-06 8.59444e-11
6.96564e-06 8.59786e-11
6.96994e-06 8.60127e-11
6.97424e-06 8.60468e-11
6.97854e-06 8.60810e-11
6.98284e-06 8.61151e-11
6.98714e-06 8.61492e-11
6.99144e-06 8.61833e-11
6.99574e-06 8.62175e-11
7.00004e-06 8.62516e-11
7.00434e-06 8.62857e-11
7.00864e-06 8.63199e-11
7.01294e-06 8.63540e-11
7.01724e-06 8.63882e-11
7.02153e-06 8.64224e-11
7.02583e-06 8.64566e-11
7.03013e-06 8.64908e-11
7.03443e-06 8.65251e-11
7.03873e-06 8.65593e-11
7.04303e-06 8.65936e-11
7.04733e-06 8.66279e-11
7.05163e-06 8.66623e-11
7.05593e-06 8.66966e-11
7.06023e-06 8.67310e-11
7.06453e-06 8.67654e-11
7.06883e-06 8.67999e-11
7.07313e-06 8.68344e-11
7.07743e-06 8.68689e-11
7.08173e-06 8.69034e-11
7.08603e-06 8.69380e-11
7.09033e-06 8.69727e-11
7.09463e-06 8.70073e-11
7.09893e-06 8.70420e-11
7.10323e-06 8.70768e-11
7.10753e-06 8.71116e-11
7.11183e-06 8.71464e-11
7.11613e-06 8.71813e-11
7.12043e-06 8.72162e-11
7.12473e-06 8.72512e-11
7.12903e-06 8.72863e-11
7.13333e-06 8.73213e-11
7.13763e-06 8.73565e-11
7.14193e-06 8.73916e-11
7.14623e-06 8.74269e-11
7.15053e-06 8.74622e-11
7.15483e-06 8.74975e-11
7.15913e-06 8.75329e-11
7.16343e-06 8.75683e-11
7.16773e-06 8.76038e-11
7.17203e-06 8.76394e-11
7.17633e-06 8.76750e-11
7.18063e-06 8.77107e-11
7.18493e-06 8.77464e-11
7.18923e-06 8.77822e-11
7.19353e-06 8.78181e-11
7.19783e-06 8.78540e-11
7.20213e-06 8.78900e-11
7.20643e-06 8.79260e-11
7.21073e-06 8.79621e-11
7.21502e-06 8.79982e-11
7.21932e-06 8.80345e-11
7.22362e-06 8.80708e-11
7.22792e-06 8.81071e-11
7.23222e-06 8.81435e-11
7.23652e-06 8.81800e-11
7.24082e-06 8.82165e-11
7.24512e-06 8.82531e-11
7.24942e-06 8.82898e-11
7.25372e-06 8.83265e-11
7.25802e-06 8.83633e-11
7.26232e-06 8.84002e-11
7.26662e-06 8.84371e-11
7.27092e-06 8.84741e-11
7.27522e-06 8.85112e-11
7.27952e-06 8.85483e-11
7.28382e-06 8.85855e-11
7.28812e-06 8.86227e-11
7.29242e-06 8.86600e-11
7.29672e-06 8.86974e-11
7.30102e-06 8.87349e-11
7.30532e-06 8.87724e-11
7.30962e-06 8.88099e-11
7.31392e-06 8.88476e-11
7.31822e-06 8.88853e-11
7.32252e-06 8.89230e-11
7.32682e-06 8.89608e-11
7.33112e-06 8.89987e-11
7.33542e-06 8.90366e-11
7.33972e-06 8.90746e-11
7.34402e-06 8.91127e-11
7.34832e-06 8.91508e-11
7.35262e-06 8.91890e-11
7.35692e-06 8.92272e-11
7.36122e-06 8.92655e-11
7.36552e-06 8.93038e-11
7.36982e-06 8.93422e-11
7.37412e-06 8.93806e-11
7.37842e-06 8.94191e-11
7.38272e-06 8.94577e-11
7.38702e-06 8.94963e-11
7.39132e-06 8.95349e-11
7.39562e-06 8.95736e-11
7.39992e-06 8.96124e-11
7.40422e-06 8.96512e-11
7.40851e-06 8.96900e-11
7.41281e-06 8.97289e-11
7.41711e-06 8.97678e-11
7.42141e-06 8.98068e-11
7.42571e-06 8.98458e-11
7.43001e-06 8.98848e-11
7.43431e-06 8.99239e-11
7.43861e-06 8.99630e-11
7.44291e-06 9.00021e-11
7.44721e-06 9.00413e-11
7.45151e-06 9.00805e-11
7.45581e-06 9.01198e-11
7.46011e-06 9.01590e-11
7.46441e-06 9.01983e-11
7.46871e-06 9.02376e-11
7.47301e-06 9.02770e-11
7.47731e-06 9.03163e-11
7.48161e-06 9.03557e-11
7.48591e-06 9.03951e-11
7.49021e-06 9.04345e-11
7.49451e-06 9.04740e-11
7.49881e-06 9.05134e-11
7.50311e-06 9.05529e-11
7.50741e-06 9.05923e-11
7.51171e-06 9.06318e-11
7.51601e-06 9.06713e-11
7.52031e-06 9.07107e-11
7.52461e-06 9.07502e-11
7.52891e-06 9.07897e-11
7.53321e-06 9.08292e-11
7.53751e-06 9.08687e-11
7.54181e-06 9.09081e-11
7.54611e-06 9.09476e-11
7.55041e-06 9.09871e-11
7.55471e-06 9.10265e-11
7.55901e-06 9.10659e-11
7.56331e-06 9.11054e-11
7.56761e-06 9.11448e-11
7.57191e-06 9.11842e-11
7.57621e-06 9.12235e-11
7.58051e-06 9.12629e-11
7.58481e-06 9.13022e-11
7.58911e-06 9.13415e-11
7.59341e-06 9.13808e-11
7.59770e-06 9.14201e-11
7.60200e-06 9.14593e-11
7.60630e-06 9.14985e-11
7.61060e-06 9.15377e-11
7.61490e-06 9.15768e-11
7.61920e-06 9.16159e-11
7.62350e-06 9.16550e-11
7.62780e-06 9.16941e-11
7.63210e-06 9.17331e-11
7.63640e-06 9.17720e-11
7.64070e-06 9.18110e-11
7.64500e-06 9.18499e-11
7.64930e-06 9.18887e-11
7.65360e-06 9.19275e-11
7.65790e-06 9.19663e-11
7.66220e-06 9.20050e-11
7.66650e-06 9.20437e-11
7.67080e-06 9.20823e-11
7.67510e-06 9.21209e-11
7.67940e-06 9.21595e-11
7.68370e-06 9.21980e-11
7.68800e-06 9.22364e-11
7.69230e-06 9.22748e-11
7.69660e-06 9.23132e-11
7.70090e-06 9.23515e-11
7.70520e-06 9.23898e-11
7.70950e-06 9.24280e-11
7.71380e-06 9.24662e-11
7.71810e-06 9.25043e-11
7.72240e-06 9.25424e-11
7.72670e-06 9.25804e-11
7.73100e-06 9.26184e-11
7.73530e-06 9.26563e-11
7.73960e-06 9.26942e-11
7.74390e-06 9.27321e-11
7.74820e-06 9.27699e-11
7.75250e-06 9.28076e-11
7.75680e-06 9.28453e-11
7.76110e-06 9.28830e-11
7.76540e-06 9.29206e-11
7.76970e-06 9.29582e-11
7.77400e-06 9.29957e-11
7.77830e-06 9.30332e-11
7.78260e-06 9.30707e-11
7.78690e-06 9.31081e-11
7.79119e-06 9.31455e-11
7.79549e-06 9.31828e-11
7.79979e-06 9.32201e-11
7.80409e-06 9.32574e-11
7.80839e-06 9.32946e-11
7.81269e-06 9.33319e-11
7.81699e-06 9.33690e-11
7.82129e-06 9.34062e-11
7.82559e-06 9.34433e-11
7.82989e-06 9.34804e-11
7.83419e-06 9.35174e-11
7.83849e-06 9.35545e-11
7.84279e-06 9.35915e-11
7.84709e-06 9.36285e-11
7.85139e-06 9.36654e-11
7.85569e-06 9.37024e-11
7.85999e-06 9.37393e-11
7.86429e-06 9.37762e-11
7.86859e-06 9.38131e-11
7.87289e-06 9.38500e-11
7.87719e-06 9.38869e-11
7.88149e-06 9.39238e-11
7.88579e-06 9.39606e-11
7.89009e-06 9.39975e-11
7.89439e-06 9.40343e-11
7.89869e-06 9.40712e-11
7.90299e-06 9.41080e-11
7.90729e-06 9.41449e-11
7.91159e-06 9.41817e-11
7.91589e-06 9.42186e-11
7.92019e-06 9.42554e-11
7.92449e-06 9.42923e-11
7.92879e-06 9.43292e-11
7.93309e-06 9.43660e-11
7.93739e-06 9.44029e-11
7.94169e-06 9.44398e-11
7.94599e-06 9.44768e-11
7.95029e-06 9.45137e-11
7.95459e-06 9.45506e-11
7.95889e-06 9.45876e-11
7.96319e-06 9.46246e-11
7.96749e-06 9.46616e-11
7.97179e-06 9.46986e-11
7.97609e-06 9.47357e-11
7.98039e-06 9.47728e-11
7.98468e-06 9.48099e-11
7.98898e-06 9.48470e-11
7.99328e-06 9.48842e-11
7.99758e-06 9.49214e-11
8.00188e-06 9.49586e-11
8.00618e-06 9.49958e-11
8.01048e-06 9.50331e-11
8.01478e-06 9.50704e-11
8.01908e-06 9.51078e-11
8.02338e-06 9.51452e-11
8.02768e-06 9.51826e-11
8.03198e-06 9.52201e-11
8.03628e-06 9.52576e-11
8.04058e-06 9.52951e-11
8.04488e-06 9.53327e-11
8.04918e-06 9.53703e-11
8.05348e-06 9.54079e-11
8.05778e-06 9.54456e-11
8.06208e-06 9.54834e-11
8.06638e-06 9.55211e-11
8.07068e-06 9.55590e-11
8.07498e-06 9.55968e-11
8.07928e-06 9.56347e-11
8.08358e-06 9.56727e-11
8.08788e-06 9.57106e-11
8.09218e-06 9.57487e-11
8.09648e-06 9.57867e-11
8.10078e-06 9.58248e-11
8.10508e-06 9.58630e-11
8.10938e-06 9.59012e-11
8.11368e-06 9.59394e-11
8.11798e-06 9.59777e-11
8.12228e-06 9.60160e-11
8.12658e-06 9.60544e-11
8.13088e-06 9.60928e-11
8.13518e-06 9.61312e-11
8.13948e-06 9.61697e-11
8.14378e-06 9.62082e-11
8.14808e-06 9.62467e-11
8.15238e-06 9.62853e-11
8.15668e-06 9.63240e-11
8.16098e-06 9.63626e-11
8.16528e-06 9.64013e-11
8.16958e-06 9.64401e-11
8.17388e-06 9.64789e-11
8.17817e-06 9.65177e-11
8.18247e-06 9.65565e-11
8.18677e-06 9.65954e-11
8.19107e-06 9.66343e-11
8.19537e-06 9.66733e-11
8.19967e-06 9.67122e-11
8.20397e-06 9.67513e-11
8.20827e-06 9.67903e-11
8.21257e-06 9.68294e-11
8.21687e-06 9.68685e-11
8.22117e-06 9.69076e-11
8.22547e-06 9.69467e-11
8.22977e-06 9.69859e-11
8.23407e-06 9.70251e-11
8.23837e-06 9.70643e-11
8.24267e-06 9.71036e-11
8.24697e-06 9.71429e-11
8.25127e-06 9.71822e-11
8.25557e-06 9.72215e-11
8.25987e-06 9.72608e-11
8.26417e-06 9.73002e-11
8.26847e-06 9.73395e-11
8.27277e-06 9.73789e-11
8.27707e-06 9.74183e-11
8.28137e-06 9.74577e-11
8.28567e-06 9.74972e-11
8.28997e-06 9.75366e-11
8.29427e-06 9.75761e-11
8.29857e-06 9.76156e-11
8.30287e-06 9.76550e-11
8.30717e-06 9.76945e-11
8.31147e-06 9.77340e-11
8.31577e-06 9.77735e-11
8.32007e-06 9.78131e-11
8.32437e-06 9.78526e-11
8.32867e-06 9.78921e-11
8.33297e-06 9.79316e-11
8.33727e-06 9.79712e-11
8.34157e-06 9.80107e-11
8.34587e-06 9.80503e-11
8.35017e-06 9.80898e-11
8.35447e-06 9.81294e-11
8.35877e-06 9.81689e-11
8.36307e-06 9.82085e-11
8.36736e-06 9.82480e-11
8.37166e-06 9.82875e-11
8.37596e-06 9.83271e-11
8.38026e-06 9.83666e-11
8.38456e-06 9.84062e-11
8.38886e-06 9.84457e-11
8.39316e-06 9.84852e-11
8.39746e-06 9.85247e-11
8.40176e-06 9.85642e-11
8.40606e-06 9.86037e-11
8.41036e-06 9.86432e-11
8.41466e-06 9.86827e-11
8.41896e-06 9.87222e-11
8.42326e-06 9.87617e-11
8.42756e-06 9.88011e-11
8.43186e-06 9.88406e-11
8.43616e-06 9.88800e-11
8.44046e-06 9.89194e-11
8.44476e-06 9.89589e-11
8.44906e-06 9.89983e-11
8.45336e-06 9.90376e-11
8.45766e-06 9.90770e-11
8.46196e-06 9.91164e-11
8.46626e-06 9.91557e-11
8.47056e-06 9.91950e-11
8.47486e-06 9.92344e-11
8.47916e-06 9.92736e-11
8.48346e-06 9.93129e-11
8.48776e-06 9.93522e-11
8.49206e-06 9.93914e-11
8.49636e-06 9.94306e-11
8.50066e-06 9.94698e-11
8.50496e-06 9.95090e-11
8.50926e-06 9.95482e-11
8.51356e-06 9.95873e-11
8.51786e-06 9.96264e-11
8.52216e-06 9.96655e-11
8.52646e-06 9.97046e-11
8.53076e-06 9.97437e-11
8.53506e-06 9.97827e-11
8.53936e-06 9.98217e-11
8.54366e-06 9.98607e-11
8.54796e-06 9.98997e-11
8.55226e-06 9.99386e-11
8.55656e-06 9.99775e-11
8.56085e-06 1.00016e-10
8.56515e-06 1.00055e-10
8.56945e-06 1.00094e-10
8.57375e-06 1.00133e-10
8.57805e-06 1.00172e-10
8.58235e-06 1.00211e-10
8.58665e-06 1.00249e-10
8.59095e-06 1.00288e-10
8.59525e-06 1.00327e-10
8.59955e-06 1.00365e-10
8.60385e-06 1.00404e-10
8.60815e-06 1.00443e-10
8.61245e-06 1.00481e-10
8.61675e-06 1.00520e-10
8.62105e-06 1.00558e-10
8.62535e-06 1.00597e-10
8.62965e-06 1.00635e-10
8.63395e-06 1.00674e-10
8.63825e-06 1.00712e-10
8.64255e-06 1.00751e-10
8.64685e-06 1.00789e-10
8.65115e-06 1.00827e-10
8.65545e-06 1.00866e-10
8.65975e-06 1.00904e-10
8.66405e-06 1.00942e-10
8.66835e-06 1.00980e-10
8.67265e-06 1.01019e-10
8.67695e-06 1.01057e-10
8.68125e-06 1.01095e-10
8.68555e-06 1.01133e-10
8.68985e-06 1.01171e-10
8.69415e-06 1.01209e-10
8.69845e-06 1.01247e-10
8.70275e-06 1.01286e-10
8.70705e-06 1.01324e-10
8.71135e-06 1.01362e-10
8.71565e-06 1.01400e-10
8.71995e-06 1.01438e-10
8.72425e-06 1.01475e-10
8.72855e-06 1.01513e-10
8.73285e-06 1.01551e-10
8.73715e-06 1.01589e-10
8.74145e-06 1.01627e-10
8.74575e-06 1.01665e-10
8.75005e-06 1.01703e-10
8.75434e-06 1.01741e-10
8.75864e-06 1.01779e-10
8.76294e-06 1.01816e-10
8.76724e-06 1.01854e-10
8.77154e-06 1.01892e-10
8.77584e-06 1.01930e-10
8.78014e-06 1.01968e-10
8.78444e-06 1.02005e-10
8.78874e-06 1.02043e-10
8.79304e-06 1.02081e-10
8.79734e-06 1.02119e-10
8.80164e-06 1.02156e-10
8.80594e-06 1.02194e-10
8.81024e-06 1.02232e-10
8.81454e-06 1.02270e-10
8.81884e-06 1.02307e-10
8.82314e-06 1.02345e-10
8.82744e-06 1.02383e-10
8.83174e-06 1.02421e-10
8.83604e-06 1.02458e-10
8.84034e-06 1.02496e-10
8.84464e-06 1.02534e-10
8.84894e-06 1.02572e-10
8.85324e-06 1.02609e-10
8.85754e-06 1.02647e-10
8.86184e-06 1.02685e-10
8.86614e-06 1.02723e-10
8.87044e-06 1.02761e-10
8.87474e-06 1.02799e-10
8.87904e-06 1.02836e-10
8.88334e-06 1.02874e-10
8.88764e-06 1.02912e-10
8.89194e-06 1.02950e-10
8.89624e-06 1.02988e-10
8.90054e-06 1.03026e-10
8.90484e-06 1.03064e-10
8.90914e-06 1.03102e-10
8.91344e-06 1.03140e-10
8.91774e-06 1.03178e-10
8.92204e-06 1.03216e-10
8.92634e-06 1.03254e-10
8.93064e-06 1.03292e-10
8.93494e-06 1.03331e-10
8.93924e-06 1.03369e-10
8.94354e-06 1.03407e-10
8.94783e-06 1.03445e-10
8.95213e-06 1.03484e-10
8.95643e-06 1.03522e-10
8.96073e-06 1.03560e-10
8.96503e-06 1.03599e-10
8.96933e-06 1.03637e-10
8.97363e-06 1.03676e-10
8.97793e-06 1.03714e-10
8.98223e-06 1.03753e-10
8.98653e-06 1.03791e-10
8.99083e-06 1.03830e-10
8.99513e-06 1.03868e-10
8.99943e-06 1.03907e-10
9.00373e-06 1.03946e-10
9.00803e-06 1.03985e-10
9.01233e-06 1.04023e-10
9.01663e-06 1.04062e-10
9.02093e-06 1.04101e-10
9.02523e-06 1.04140e-10
9.02953e-06 1.04179e-10
9.03383e-06 1.04218e-10
9.03813e-06 1.04257e-10
9.04243e-06 1.04296e-10
9.04673e-06 1.04335e-10
9.05103e-06 1.04374e-10
9.05533e-06 1.04414e-10
9.05963e-06 1.04453e-10
9.06393e-06 1.04492e-10
9.06823e-06 1.04532e-10
9.07253e-06 1.04571e-10
9.07683e-06 1.04610e-10
9.08113e-06 1.04650e-10
9.08543e-06 1.04689e-10
9.08973e-06 1.04729e-10
9.09403e-06 1.04768e-10
9.09833e-06 1.04808e-10
9.10263e-06 1.04848e-10
9.10693e-06 1.04887e-10
9.11123e-06 1.04927e-10
9.11553e-06 1.04967e-10
9.11983e-06 1.05007e-10
9.12413e-06 1.05046e-10
9.12843e-06 1.05086e-10
9.13273e-06 1.05126e-10
9.13702e-06 1.05166e-10
9.14132e-06 1.05206e-10
9.14562e-06 1.05246e-10
9.14992e-06 1.05286e-10
9.15422e-06 1.05326e-10
9.15852e-06 1.05366e-10
9.16282e-06 1.05406e-10
9.16712e-06 1.05446e-10
9.17142e-06 1.05487e-10
9.17572e-06 1.05527e-10
9.18002e-06 1.05567e-10
9.18432e-06 1.05607e-10
9.18862e-06 1.05648e-10
9.19292e-06 1.05688e-10
9.19722e-06 1.05728e-10
9.20152e-06 1.05768e-10
9.20582e-06 1.05809e-10
9.21012e-06 1.05849e-10
9.21442e-06 1.05890e-10
9.21872e-06 1.05930e-10
9.22302e-06 1.05970e-10
9.22732e-06 1.06011e-10
9.23162e-06 1.06051e-10
9.23592e-06 1.06092e-10
9.24022e-06 1.06132e-10
9.24452e-06 1.06173e-10
9.24882e-06 1.06213e-10
9.25312e-06 1.06254e-10
9.25742e-06 1.06294e-10
9.26172e-06 1.06335e-10
9.26602e-06 1.06375e-10
9.27032e-06 1.06416e-10
9.27462e-06 1.06456e-10
9.27892e-06 1.06497e-10
9.28322e-06 1.06538e-10
9.28752e-06 1.06578e-10
9.29182e-06 1.06619e-10
9.29612e-06 1.06659e-10
9.30042e-06 1.06700e-10
9.30472e-06 1.06740e-10
9.30902e-06 1.06781e-10
9.31332e-06 1.06821e-10
9.31762e-06 1.06862e-10
9.32192e-06 1.06903e-10
9.32622e-06 1.06943e-10
9.33051e-06 1.06984e-10
9.33481e-06 1.07024e-10
9.33911e-06 1.07065e-10
9.34341e-06 1.07105e-10
9.34771e-06 1.07146e-10
9.35201e-06 1.07186e-10
9.35631e-06 1.07227e-10
9.36061e-06 1.07267e-10
9.36491e-06 1.07308e-10
9.36921e-06 1.07348e-10
9.37351e-06 1.07389e-10
9.37781e-06 1.07429e-10
9.38211e-06 1.07470e-10
9.38641e-06 1.07510e-10
9.39071e-06 1.07551e-10
9.39501e-06 1.07591e-10
9.39931e-06 1.07631e-10
9.40361e-06 1.07672e-10
9.40791e-06 1.07712e-10
9.41221e-06 1.07753e-10
9.41651e-06 1.07793e-10
9.42081e-06 1.07833e-10
9.42511e-06 1.07874e-10
9.42941e-06 1.07914e-10
9.43371e-06 1.07954e-10
9.43801e-06 1.07994e-10
9.44231e-06 1.08035e-10
9.44661e-06 1.08075e-10
9.45091e-06 1.08115e-10
9.45521e-06 1.08155e-10
9.45951e-06 1.08195e-10
9.46381e-06 1.08236e-10
9.46811e-06 1.08276e-10
9.47241e-06 1.08316e-10
9.47671e-06 1.08356e-10
9.48101e-06 1.08396e-10
9.48531e-06 1.08436e-10
9.48961e-06 1.08476e-10
9.49391e-06 1.08516e-10
9.49821e-06 1.08556e-10
9.50251e-06 1.08596e-10
9.50681e-06 1.08636e-10
9.51111e-06 1.08676e-10
9.51541e-06 1.08716e-10
9.51971e-06 1.08756e-10
9.52400e-06 1.08795e-10
9.52830e-06 1.08835e-10
9.53260e-06 1.08875e-10
9.53690e-06 1.08915e-10
9.54120e-06 1.08954e-10
9.54550e-06 1.08994e-10
9.54980e-06 1.09034e-10
9.55410e-06 1.09074e-10
9.55840e-06 1.09113e-10
9.56270e-06 1.09153e-10
9.56700e-06 1.09192e-10
9.57130e-06 1.09232e-10
9.57560e-06 1.09272e-10
9.57990e-06 1.09311e-10
9.58420e-06 1.09351e-10
9.58850e-06 1.09390e-10
9.59280e-06 1.09430e-10
9.59710e-06 1.09469e-10
9.60140e-06 1.09508e-10
9.60570e-06 1.09548e-10
9.61000e-06 1.09587e-10
9.61430e-06 1.09626e-10
9.61860e-06 1.09666e-10
9.62290e-06 1.09705e-10
9.62720e-06 1.09744e-10
9.63150e-06 1.09783e-10
9.63580e-06 1.09822e-10
9.64010e-06 1.09862e-10
9.64440e-06 1.09901e-10
9.64870e-06 1.09940e-10
9.65300e-06 1.09979e-10
9.65730e-06 1.10018e-10
9.66160e-06 1.10057e-10
9.66590e-06 1.10096e-10
9.67020e-06 1.10135e-10
9.67450e-06 1.10174e-10
9.67880e-06 1.10213e-10
9.68310e-06 1.10251e-10
9.68740e-06 1.10290e-10
9.69170e-06 1.10329e-10
9.69600e-06 1.10368e-10
9.70030e-06 1.10407e-10
9.70460e-06 1.10445e-10
9.70890e-06 1.10484e-10
9.71319e-06 1.10523e-10
9.71749e-06 1.10561e-10
9.72179e-06 1.10600e-10
9.72609e-06 1.10638e-10
9.73039e-06 1.10677e-10
9.73469e-06 1.10715e-10
9.73899e-06 1.10754e-10
9.74329e-06 1.10792e-10
9.74759e-06 1.10831e-10
9.75189e-06 1.10869e-10
9.75619e-06 1.10908e-10
9.76049e-06 1.10946e-10
9.76479e-06 1.10984e-10
9.76909e-06 1.11022e-10
9.77339e-06 1.11061e-10
9.77769e-06 1.11099e-10
9.78199e-06 1.11137e-10
9.78629e-06 1.11175e-10
9.79059e-06 1.11213e-10
9.79489e-06 1.11251e-10
9.79919e-06 1.11290e-10
9.80349e-06 1.11328e-10
9.80779e-06 1.11366e-10
9.81209e-06 1.11404e-10
9.81639e-06 1.11442e-10
9.82069e-06 1.11479e-10
9.82499e-06 1.11517e-10
9.82929e-06 1.11555e-10
9.83359e-06 1.11593e-10
9.83789e-06 1.11631e-10
9.84219e-06 1.11669e-10
9.84649e-06 1.11707e-10
9.85079e-06 1.11744e-10
9.85509e-06 1.11782e-10
9.85939e-06 1.11820e-10
9.86369e-06 1.11857e-10
9.86799e-06 1.11895e-10
9.87229e-06 1.11933e-10
9.87659e-06 1.11970e-10
9.88089e-06 1.12008e-10
9.88519e-06 1.12045e-10
9.88949e-06 1.12083e-10
9.89379e-06 1.12121e-10
9.89809e-06 1.12158e-10
9.90239e-06 1.12196e-10
9.90668e-06 1.12233e-10
9.91098e-06 1.12270e-10
9.91528e-06 1.12308e-10
9.91958e-06 1.12345e-10
9.92388e-06 1.12383e-10
9.92818e-06 1.12420e-10
9.93248e-06 1.12457e-10
9.93678e-06 1.12495e-10
9.94108e-06 1.12532e-10
9.94538e-06 1.12569e-10
9.94968e-06 1.12607e-10
9.95398e-06 1.12644e-10
9.95828e-06 1.12681e-10
9.96258e-06 1.12718e-10
9.96688e-06 1.12755e-10
9.97118e-06 1.12793e-10
9.97548e-06 1.12830e-10
9.97978e-06 1.12867e-10
9.98408e-06 1.12904e-10
9.98838e-06 1.12941e-10
9.99268e-06 1.12978e-10
9.99698e-06 1.13015e-10
1.00013e-05 1.13052e-10
1.00056e-05 1.13090e-10
1.00099e-05 1.13127e-10
1.00142e-05 1.13164e-10
1.00185e-05 1.13201e-10
1.00228e-05 1.13238e-10
1.00271e-05 1.13275e-10
1.00314e-05 1.13312e-10
1.00357e-05 1.13349e-10
1.00400e-05 1.13386e-10
1.00443e-05 1.13423e-10
1.00486e-05 1.13460e-10
1.00529e-05 1.13496e-10
1.00572e-05 1.13533e-10
1.00615e-05 1.13570e-10
1.00658e-05 1.13607e-10
1.00701e-05 1.13644e-10
1.00744e-05 1.13681e-10
1.00787e-05 1.13718e-10
1.00830e-05 1.13755e-10
1.00873e-05 1.13791e-10
1.00916e-05 1.13828e-10
1.00959e-05 1.13865e-10
1.01002e-05 1.13902e-10
1.01045e-05 1.13939e-10
1.01088e-05 1.13975e-10
1.01131e-05 1.14012e-10
1.01174e-05 1.14049e-10
1.01217e-05 1.14086e-10
1.01260e-05 1.14122e-10
1.01303e-05 1.14159e-10
1.01346e-05 1.14196e-10
1.01389e-05 1.14233e-10
1.01432e-05 1.14269e-10
1.01475e-05 1.14306e-10
1.01518e-05 1.14343e-10
1.01561e-05 1.14379e-10
1.01604e-05 1.14416e-10
1.01647e-05 1.14452e-10
1.01690e-05 1.14489e-10
1.01733e-05 1.14526e-10
1.01776e-05 1.14562e-10
1.01819e-05 1.14599e-10
1.01862e-05 1.14635e-10
1.01905e-05 1.14672e-10
1.01948e-05 1.14708e-10
1.01991e-05 1.14745e-10
1.02034e-05 1.14781e-10
1.02077e-05 1.14818e-10
1.02120e-05 1.14854e-10
1.02163e-05 1.14890e-10
1.02206e-05 1.14927e-10
1.02249e-05 1.14963e-10
1.02292e-05 1.14999e-10
1.02335e-05 1.15036e-10
1.02378e-05 1.15072e-10
1.02421e-05 1.15108e-10
1.02464e-05 1.15145e-10
1.02507e-05 1.15181e-10
1.02550e-05 1.15217e-10
1.02593e-05 1.15253e-10
1.02636e-05 1.15290e-10
1.02679e-05 1.15326e-10
1.02722e-05 1.15362e-10
1.02765e-05 1.15398e-10
1.02808e-05 1.15434e-10
1.02851e-05 1.15470e-10
1.02894e-05 1.15506e-10
1.02937e-05 1.15542e-10
1.02980e-05 1.15578e-10
1.03023e-05 1.15614e-10
1.03066e-05 1.15650e-10
1.03109e-05 1.15686e-10
1.03152e-05 1.15722e-10
1.03195e-05 1.15758e-10
1.03238e-05 1.15794e-10
1.03281e-05 1.15830e-10
1.03324e-05 1.15866e-10
1.03367e-05 1.15902e-10
1.03410e-05 1.15937e-10
1.03453e-05 1.15973e-10
1.03496e-05 1.16009e-10
1.03539e-05 1.16045e-10
1.03582e-05 1.16080e-10
1.03625e-05 1.16116e-10
1.03668e-05 1.16152e-10
1.03711e-05 1.16187e-10
1.03754e-05 1.16223e-10
1.03797e-05 1.16259e-10
1.03840e-05 1.16294e-10
1.03883e-05 1.16330e-10
1.03926e-05 1.16365e-10
1.03969e-05 1.16401e-10
1.04012e-05 1.16436e-10
1.04055e-05 1.16472e-10
1.04098e-05 1.16507e-10
1.04141e-05 1.16542e-10
1.04184e-05 1.16578e-10
1.04227e-05 1.16613e-10
1.04270e-05 1.16648e-10
1.04313e-05 1.16684e-10
1.04356e-05 1.16719e-10
1.04399e-05 1.16754e-10
1.04442e-05 1.16789e-10
1.04485e-05 1.16825e-10
1.04528e-05 1.16860e-10
1.04571e-05 1.16895e-10
1.04614e-05 1.16930e-10
1.04657e-05 1.16965e-10
1.04700e-05 1.17000e-10
1.04743e-05 1.17035e-10
1.04786e-05 1.17070e-10
1.04829e-05 1.17105e-10
1.04872e-05 1.17140e-10
1.04915e-05 1.17175e-10
1.04958e-05 1.17210e-10
1.05001e-05 1.17245e-10
1.05044e-05 1.17280e-10
1.05087e-05 1.17315e-10
1.05130e-05 1.17350e-10
1.05173e-05 1.17385e-10
1.05216e-05 1.17420e-10
1.05259e-05 1.17455e-10
1.05302e-05 1.17490e-10
1.05345e-05 1.17524e-10
1.05388e-05 1.17559e-10
1.05431e-05 1.17594e-10
1.05474e-05 1.17629e-10
1.05517e-05 1.17664e-10
1.05560e-05 1.17698e-10
1.05603e-05 1.17733e-10
1.05646e-05 1.17768e-10
1.05689e-05 1.17803e-10
1.05732e-05 1.17837e-10
1.05775e-05 1.17872e-10
1.05817e-05 1.17907e-10
1.05860e-05 1.17941e-10
1.05903e-05 1.17976e-10
1.05946e-05 1.18011e-10
1.05989e-05 1.18045e-10
1.06032e-05 1.18080e-10
1.06075e-05 1.18114e-10
1.06118e-05 1.18149e-10
1.06161e-05 1.18184e-10
1.06204e-05 1.18218e-10
1.06247e-05 1.18253e-10
1.06290e-05 1.18287e-10
1.06333e-05 1.18322e-10
1.06376e-05 1.18356e-10
1.06419e-05 1.18391e-10
1.06462e-05 1.18426e-10
1.06505e-05 1.18460e-10
1.06548e-05 1.18495e-10
1.06591e-05 1.18529e-10
1.06634e-05 1.18564e-10
1.06677e-05 1.18598e-10
1.06720e-05 1.18633e-10
1.06763e-05 1.18667e-10
1.06806e-05 1.18702e-10
1.06849e-05 1.18736e-10
1.06892e-05 1.18771e-10
1.06935e-05 1.18806e-10
1.06978e-05 1.18840e-10
1.07021e-05 1.18875e-10
1.07064e-05 1.18909e-10
1.07107e-05 1.18944e-10
1.07150e-05 1.18978e-10
1.07193e-05 1.19013e-10
1.07236e-05 1.19047e-10
1.07279e-05 1.19082e-10
1.07322e-05 1.19116e-10
1.07365e-05 1.19151e-10
1.07408e-05 1.19185e-10
1.07451e-05 1.19220e-10
1.07494e-05 1.19255e-10
1.07537e-05 1.19289e-10
1.07580e-05 1.19324e-10
1.07623e-05 1.19358e-10
1.07666e-05 1.19393e-10
1.07709e-05 1.19428e-10
1.07752e-05 1.19462e-10
1.07795e-05 1.19497e-10
1.07838e-05 1.19531e-10
1.07881e-05 1.19566e-10
1.07924e-05 1.19601e-10
1.07967e-05 1.19635e-10
1.08010e-05 1.19670e-10
1.08053e-05 1.19705e-10
1.08096e-05 1.19739e-10
1.08139e-05 1.19774e-10
1.08182e-05 1.19809e-10
1.08225e-05 1.19843e-10
1.08268e-05 1.19878e-10
1.08311e-05 1.19913e-10
1.08354e-05 1.19947e-10
1.08397e-05 1.19982e-10
1.08440e-05 1.20017e-10
1.08483e-05 1.20052e-10
1.08526e-05 1.20086e-10
1.08569e-05 1.20121e-10
1.08612e-05 1.20156e-10
1.08655e-05 1.20191e-10
1.08698e-05 1.20226e-10
1.08741e-05 1.20260e-10
1.08784e-05 1.20295e-10
1.08827e-05 1.20330e-10
1.08870e-05 1.20365e-10
1.08913e-05 1.20400e-10
1.08956e-05 1.20435e-10
1.08999e-05 1.20470e-10
1.09042e-05 1.20504e-10
1.09085e-05 1.20539e-10
1.09128e-05 1.20574e-10
1.09171e-05 1.20609e-10
1.09214e-05 1.20644e-10
