3.36631e-04 1.96571e-02  1.03716e-02 1.03716e-02 
6.73263e-04 2.98143e-02  2.31398e-02 3.39332e-02 
1.00967e-03 3.89031e-02  4.02047e-02 5.98407e-02 
1.34555e-03 4.81225e-02  5.79458e-02 8.65266e-02 
1.68177e-03 6.46970e-02  7.19792e-02 1.17761e-01 
2.01815e-03 8.44339e-02  8.88154e-02 1.54053e-01 
2.35455e-03 1.04714e-01  1.05002e-01 1.90606e-01 
2.69087e-03 1.21302e-01  1.20567e-01 2.22872e-01 
3.02690e-03 1.33842e-01  1.36697e-01 2.51519e-01 
3.36307e-03 1.46967e-01  1.52761e-01 2.80728e-01 
3.69946e-03 1.63205e-01  1.68656e-01 3.12908e-01 
4.03574e-03 1.80888e-01  1.84733e-01 3.46681e-01 
4.37188e-03 1.97626e-01  2.00862e-01 3.79512e-01 
4.70815e-03 2.13170e-01  2.16483e-01 4.10765e-01 
5.04450e-03 2.28121e-01  2.32431e-01 4.41658e-01 
5.38082e-03 2.43583e-01  2.48581e-01 4.73277e-01 
5.71715e-03 2.59553e-01  2.64816e-01 5.05479e-01 
6.05342e-03 2.75643e-01  2.80864e-01 5.37578e-01 
6.38973e-03 2.91968e-01  2.96223e-01 5.69363e-01 
6.72605e-03 3.07805e-01  3.12101e-01 6.01099e-01 
7.06242e-03 3.23162e-01  3.28697e-01 6.32970e-01 
7.39872e-03 3.38966e-01  3.44815e-01 6.64898e-01 
7.73502e-03 3.55272e-01  3.60390e-01 6.96836e-01 
8.07130e-03 3.71483e-01  3.76174e-01 7.28857e-01 
8.40766e-03 3.87244e-01  3.92504e-01 7.60934e-01 
8.74400e-03 4.02458e-01  4.09157e-01 7.92811e-01 
9.08030e-03 4.16695e-01  4.26314e-01 8.24304e-01 
9.41664e-03 4.28703e-01  4.45444e-01 8.55579e-01 
9.75296e-03 4.36885e-01  4.68604e-01 8.87019e-01 
1.00893e-02 4.39859e-01  4.97364e-01 9.18860e-01 
1.04257e-02 4.35915e-01  5.33384e-01 9.51034e-01 
1.07620e-02 4.23764e-01  5.77956e-01 9.83355e-01 
1.10983e-02 4.04985e-01  6.29419e-01 1.01573e+00 
1.14345e-02 3.83989e-01  6.83046e-01 1.04807e+00 
1.17707e-02 3.64826e-01  7.34357e-01 1.08014e+00 
1.21069e-02 3.48618e-01  7.81957e-01 1.11163e+00 
1.24430e-02 3.34000e-01  8.27346e-01 1.14256e+00 
1.27791e-02 3.19216e-01  8.72807e-01 1.17334e+00 
1.31152e-02 3.03334e-01  9.19938e-01 1.20461e+00 
1.34513e-02 2.86494e-01  9.68982e-01 1.23671e+00 
1.37874e-02 2.69902e-01  1.01847e+00 1.26949e+00 
1.41235e-02 2.54696e-01  1.06657e+00 1.30238e+00 
1.44597e-02 2.40370e-01  1.11326e+00 1.33486e+00 
1.47958e-02 2.25256e-01  1.16014e+00 1.36668e+00 
1.51319e-02 2.08657e-01  1.20805e+00 1.39794e+00 
1.54681e-02 1.91508e-01  1.25627e+00 1.42897e+00 
1.58042e-02 1.74853e-01  1.30410e+00 1.46017e+00 
1.61403e-02 1.58749e-01  1.35190e+00 1.49189e+00 
1.64765e-02 1.43047e-01  1.39998e+00 1.52423e+00 
1.68126e-02 1.28113e-01  1.44777e+00 1.55706e+00 
1.71487e-02 1.14018e-01  1.49493e+00 1.59018e+00 
1.74849e-02 9.99965e-02  1.54219e+00 1.62348e+00 
1.78210e-02 8.55287e-02  1.59042e+00 1.65723e+00 
1.81571e-02 7.14401e-02  1.63941e+00 1.69207e+00 
1.84932e-02 5.93583e-02  1.68836e+00 1.72893e+00 
1.88294e-02 5.02970e-02  1.73722e+00 1.76882e+00 
1.91656e-02 4.39002e-02  1.78727e+00 1.81261e+00 
1.95017e-02 3.88609e-02  1.84065e+00 1.86107e+00 
1.98378e-02 3.41034e-02  1.89919e+00 1.91489e+00 
2.01739e-02 2.98253e-02  1.96348e+00 1.97488e+00 
2.05100e-02 2.72721e-02  2.03310e+00 2.04193e+00 
2.08461e-02 2.73222e-02  2.10800e+00 2.11694e+00 
2.11822e-02 2.99950e-02  2.18880e+00 2.20036e+00 
2.15183e-02 3.60576e-02  2.27459e+00 2.29196e+00 
2.18543e-02 4.81733e-02  2.36136e+00 2.39053e+00 
2.21902e-02 6.87901e-02  2.44440e+00 2.49409e+00 
2.25261e-02 9.67537e-02  2.52235e+00 2.60019e+00 
2.28620e-02 1.27159e-01  2.59792e+00 2.70639e+00 
2.31980e-02 1.54817e-01  2.67450e+00 2.81071e+00 
2.35339e-02 1.77211e-01  2.75335e+00 2.91191e+00 
2.38698e-02 1.94429e-01  2.83388e+00 3.00960e+00 
2.42058e-02 2.07791e-01  2.91507e+00 3.10408e+00 
2.45417e-02 2.19124e-01  2.99584e+00 3.19613e+00 
2.48777e-02 2.30260e-01  3.07531e+00 3.28674e+00 
2.52136e-02 2.42172e-01  3.15355e+00 3.37697e+00 
2.55495e-02 2.54765e-01  3.23172e+00 3.46781e+00 
2.58854e-02 2.67848e-01  3.31095e+00 3.56011e+00 
2.62214e-02 2.81992e-01  3.39116e+00 3.65440e+00 
2.65573e-02 2.98105e-01  3.47145e+00 3.75077e+00 
2.68933e-02 3.16392e-01  3.55117e+00 3.84878e+00 
2.72292e-02 3.35960e-01  3.63032e+00 3.94753e+00 
2.75651e-02 3.55274e-01  3.70942e+00 4.04598e+00 
2.79010e-02 3.72908e-01  3.78900e+00 4.14322e+00 
2.82370e-02 3.88107e-01  3.86937e+00 4.23879e+00 
2.85729e-02 4.00854e-01  3.95066e+00 4.33285e+00 
2.89089e-02 4.11398e-01  4.03323e+00 4.42601e+00 
2.92448e-02 4.19826e-01  4.11786e+00 4.51912e+00 
2.95808e-02 4.26031e-01  4.20535e+00 4.61286e+00 
2.99167e-02 4.29531e-01  4.29646e+00 4.70755e+00 
3.02526e-02 4.28953e-01  4.39245e+00 4.80307e+00 
3.05886e-02 4.22364e-01  4.49495e+00 4.89902e+00 
3.09246e-02 4.08996e-01  4.60438e+00 4.99495e+00 
3.12605e-02 3.90543e-01  4.71872e+00 5.09062e+00 
3.15963e-02 3.70067e-01  4.83475e+00 5.18606e+00 
3.19322e-02 3.49738e-01  4.95051e+00 5.28147e+00 
3.22679e-02 3.30322e-01  5.06552e+00 5.37703e+00 
3.26037e-02 3.12554e-01  5.17913e+00 5.47277e+00 
3.29394e-02 2.97593e-01  5.28985e+00 5.56850e+00 
3.32751e-02 2.85396e-01  5.39731e+00 5.66391e+00 
3.36108e-02 2.73548e-01  5.50377e+00 5.75874e+00 
3.39465e-02 2.58869e-01  5.61261e+00 5.85299e+00 
3.42823e-02 2.40337e-01  5.72519e+00 5.94693e+00 
3.46180e-02 2.20023e-01  5.83975e+00 6.04098e+00 
3.49538e-02 2.01202e-01  5.95331e+00 6.13561e+00 
3.52895e-02 1.85746e-01  6.06424e+00 6.23113e+00 
3.56253e-02 1.73089e-01  6.17318e+00 6.32755e+00 
3.59610e-02 1.61141e-01  6.28214e+00 6.42466e+00 
3.62967e-02 1.48073e-01  6.39265e+00 6.52210e+00 
3.66325e-02 1.33530e-01  6.50475e+00 6.61958e+00 
3.69682e-02 1.18440e-01  6.61725e+00 6.71693e+00 
3.73039e-02 1.03893e-01  6.72913e+00 6.81426e+00 
3.76397e-02 9.03657e-02  6.84029e+00 6.91193e+00 
3.79754e-02 7.79172e-02  6.95137e+00 7.01061e+00 
3.83111e-02 6.66756e-02  7.06313e+00 7.11118e+00 
3.86468e-02 5.69019e-02  7.17632e+00 7.21464e+00 
3.89826e-02 4.88526e-02  7.29172e+00 7.32204e+00 
3.93183e-02 4.28657e-02  7.40991e+00 7.43425e+00 
3.96540e-02 3.93296e-02  7.53109e+00 7.55190e+00 
3.99897e-02 3.81548e-02  7.65556e+00 7.67526e+00 
4.03255e-02 3.83195e-02  7.78429e+00 7.80424e+00 
4.06612e-02 3.83487e-02  7.91855e+00 7.93858e+00 
4.09969e-02 3.75340e-02  8.05889e+00 8.07805e+00 
4.13326e-02 3.68314e-02  8.20438e+00 8.22269e+00 
4.16683e-02 3.87241e-02  8.35274e+00 8.37277e+00 
4.20039e-02 4.61418e-02  8.50130e+00 8.52862e+00 
4.23395e-02 6.10332e-02  8.64816e+00 8.69034e+00 
4.26751e-02 8.34658e-02  8.79275e+00 8.85738e+00 
4.30106e-02 1.11865e-01  8.93532e+00 9.02837e+00 
4.33461e-02 1.43872e-01  9.07614e+00 9.20121e+00 
4.36816e-02 1.76643e-01  9.21549e+00 9.37341e+00 
4.40171e-02 2.06643e-01  9.35460e+00 9.54266e+00 
4.43527e-02 2.30369e-01  9.49550e+00 9.70735e+00 
4.46882e-02 2.46320e-01  9.63923e+00 9.86696e+00 
4.50237e-02 2.56153e-01  9.78468e+00 1.00221e+01 
4.53593e-02 2.63391e-01  9.92960e+00 1.01742e+01 
4.56948e-02 2.71067e-01  1.00727e+01 1.03249e+01 
4.60304e-02 2.80687e-01  1.02141e+01 1.04760e+01 
4.63659e-02 2.92615e-01  1.03548e+01 1.06287e+01 
4.67014e-02 3.06423e-01  1.04957e+01 1.07835e+01 
4.70370e-02 3.21097e-01  1.06380e+01 1.09405e+01 
4.73725e-02 3.35933e-01  1.07823e+01 1.10996e+01 
4.77080e-02 3.51417e-01  1.09274e+01 1.12601e+01 
4.80436e-02 3.68460e-01  1.10719e+01 1.14216e+01 
4.83792e-02 3.86620e-01  1.12154e+01 1.15834e+01 
4.87147e-02 4.03735e-01  1.13597e+01 1.17449e+01 
4.90502e-02 4.17469e-01  1.15066e+01 1.19056e+01 
4.93857e-02 4.26600e-01  1.16569e+01 1.20650e+01 
4.97213e-02 4.30711e-01  1.18107e+01 1.22230e+01 
5.00569e-02 4.29504e-01  1.19687e+01 1.23798e+01 
5.03924e-02 4.22997e-01  1.21311e+01 1.25357e+01 
5.07280e-02 4.11866e-01  1.22979e+01 1.26914e+01 
5.10635e-02 3.96989e-01  1.24688e+01 1.28474e+01 
5.13990e-02 3.78864e-01  1.26437e+01 1.30041e+01 
5.17345e-02 3.57979e-01  1.28225e+01 1.31619e+01 
5.20699e-02 3.35746e-01  1.30036e+01 1.33207e+01 
5.24054e-02 3.14631e-01  1.31844e+01 1.34801e+01 
5.27408e-02 2.96948e-01  1.33619e+01 1.36399e+01 
5.30762e-02 2.83217e-01  1.35353e+01 1.37997e+01 
5.34115e-02 2.71660e-01  1.37061e+01 1.39591e+01 
5.37468e-02 2.59657e-01  1.38769e+01 1.41180e+01 
5.40821e-02 2.45899e-01  1.40490e+01 1.42763e+01 
5.44174e-02 2.30860e-01  1.42217e+01 1.44339e+01 
5.47527e-02 2.15157e-01  1.43947e+01 1.45913e+01 
5.50880e-02 1.98317e-01  1.45688e+01 1.47485e+01 
5.54233e-02 1.79942e-01  1.47448e+01 1.49061e+01 
5.57587e-02 1.61413e-01  1.49217e+01 1.50644e+01 
5.60940e-02 1.45192e-01  1.50970e+01 1.52234e+01 
5.64293e-02 1.32341e-01  1.52698e+01 1.53833e+01 
5.67646e-02 1.21627e-01  1.54412e+01 1.55442e+01 
5.70999e-02 1.11112e-01  1.56135e+01 1.57060e+01 
5.74352e-02 9.98531e-02  1.57877e+01 1.58690e+01 
5.77706e-02 8.80684e-02  1.59637e+01 1.60332e+01 
5.81059e-02 7.66946e-02  1.61411e+01 1.61991e+01 
5.84412e-02 6.70752e-02  1.63188e+01 1.63672e+01 
5.87765e-02 6.01499e-02  1.64962e+01 1.65377e+01 
5.91118e-02 5.54044e-02  1.66743e+01 1.67112e+01 
5.94472e-02 5.11476e-02  1.68551e+01 1.68879e+01 
5.97825e-02 4.61779e-02  1.70405e+01 1.70683e+01 
6.01178e-02 4.07636e-02  1.72306e+01 1.72530e+01 
6.04531e-02 3.59769e-02  1.74252e+01 1.74428e+01 
6.07885e-02 3.28530e-02  1.76241e+01 1.76386e+01 
6.11238e-02 3.24048e-02  1.78271e+01 1.78410e+01 
6.14591e-02 3.55792e-02  1.80332e+01 1.80503e+01 
6.17944e-02 4.26739e-02  1.82419e+01 1.82661e+01 
6.21296e-02 5.33357e-02  1.84527e+01 1.84875e+01 
6.24648e-02 6.74710e-02  1.86644e+01 1.87131e+01 
6.28000e-02 8.55967e-02  1.88747e+01 1.89415e+01 
6.31351e-02 1.07978e-01  1.90821e+01 1.91713e+01 
6.34703e-02 1.33916e-01  1.92864e+01 1.94015e+01 
6.38055e-02 1.62059e-01  1.94884e+01 1.96318e+01 
6.41406e-02 1.90786e-01  1.96895e+01 1.98617e+01 
6.44758e-02 2.18165e-01  1.98914e+01 2.00911e+01 
6.48109e-02 2.42390e-01  2.00957e+01 2.03195e+01 
6.51461e-02 2.62795e-01  2.03022e+01 2.05464e+01 
6.54812e-02 2.79924e-01  2.05097e+01 2.07709e+01 
6.58163e-02 2.94366e-01  2.07166e+01 2.09923e+01 
6.61515e-02 3.06114e-01  2.09227e+01 2.12102e+01 
6.64867e-02 3.15304e-01  2.11282e+01 2.14249e+01 
6.68218e-02 3.22877e-01  2.13331e+01 2.16373e+01 
6.71569e-02 3.30143e-01  2.15375e+01 2.18490e+01 
6.74921e-02 3.38194e-01  2.17422e+01 2.20618e+01 
6.78272e-02 3.47859e-01  2.19477e+01 2.22770e+01 
6.81624e-02 3.59521e-01  2.21548e+01 2.24958e+01 
6.84975e-02 3.72779e-01  2.23639e+01 2.27182e+01 
6.88327e-02 3.86897e-01  2.25753e+01 2.29436e+01 
6.91679e-02 4.01486e-01  2.27881e+01 2.31709e+01 
6.95030e-02 4.15760e-01  2.30014e+01 2.33986e+01 
6.98382e-02 4.27115e-01  2.32163e+01 2.36251e+01 
7.01734e-02 4.31852e-01  2.34359e+01 2.38495e+01 
7.05085e-02 4.27952e-01  2.36616e+01 2.40712e+01 
7.08437e-02 4.16302e-01  2.38925e+01 2.42904e+01 
7.11788e-02 3.98990e-01  2.41272e+01 2.45077e+01 
7.15139e-02 3.77652e-01  2.43650e+01 2.47242e+01 
7.18490e-02 3.53948e-01  2.46053e+01 2.49407e+01 
7.21840e-02 3.30151e-01  2.48468e+01 2.51583e+01 
7.25190e-02 3.08045e-01  2.50879e+01 2.53773e+01 
7.28540e-02 2.88017e-01  2.53286e+01 2.55980e+01 
7.31890e-02 2.70071e-01  2.55687e+01 2.58200e+01 
7.35239e-02 2.54940e-01  2.58069e+01 2.60430e+01 
7.38588e-02 2.43223e-01  2.60418e+01 2.62662e+01 
7.41937e-02 2.33938e-01  2.62741e+01 2.64893e+01 
7.45286e-02 2.24749e-01  2.65057e+01 2.67120e+01 
7.48635e-02 2.13406e-01  2.67390e+01 2.69339e+01 
7.51984e-02 1.98793e-01  2.69750e+01 2.71553e+01 
7.55333e-02 1.81339e-01  2.72136e+01 2.73763e+01 
7.58682e-02 1.62909e-01  2.74530e+01 2.75972e+01 
7.62032e-02 1.45613e-01  2.76913e+01 2.78182e+01 
7.65381e-02 1.30234e-01  2.79281e+01 2.80397e+01 
7.68730e-02 1.16306e-01  2.81644e+01 2.82620e+01 
7.72080e-02 1.03718e-01  2.84007e+01 2.84858e+01 
7.75429e-02 9.31495e-02  2.86368e+01 2.87113e+01 
7.78778e-02 8.46854e-02  2.88729e+01 2.89391e+01 
7.82127e-02 7.72576e-02  2.91106e+01 2.91694e+01 
7.85476e-02 7.00650e-02  2.93509e+01 2.94025e+01 
7.88826e-02 6.35030e-02  2.95934e+01 2.96384e+01 
7.92175e-02 5.81080e-02  2.98374e+01 2.98770e+01 
7.95524e-02 5.36281e-02  3.00834e+01 3.01185e+01 
7.98874e-02 4.97264e-02  3.03318e+01 3.03630e+01 
8.02223e-02 4.65219e-02  3.05829e+01 3.06110e+01 
8.05572e-02 4.37976e-02  3.08374e+01 3.08629e+01 
8.08922e-02 4.08127e-02  3.10971e+01 3.11196e+01 
8.12271e-02 3.77580e-02  3.13624e+01 3.13817e+01 
8.15620e-02 3.64941e-02  3.16318e+01 3.16498e+01 
8.18969e-02 3.90859e-02  3.19033e+01 3.19238e+01 
8.22317e-02 4.63798e-02  3.21758e+01 3.22036e+01 
8.25666e-02 5.85058e-02  3.24488e+01 3.24886e+01 
8.29014e-02 7.56451e-02  3.27209e+01 3.27778e+01 
8.32362e-02 9.74596e-02  3.29913e+01 3.30700e+01 
8.35710e-02 1.22634e-01  3.32601e+01 3.33640e+01 
8.39057e-02 1.49780e-01  3.35275e+01 3.36586e+01 
8.42405e-02 1.78133e-01  3.37934e+01 3.39528e+01 
8.45751e-02 2.06851e-01  3.40577e+01 3.42459e+01 
8.49098e-02 2.34440e-01  3.43215e+01 3.45374e+01 
8.52446e-02 2.59381e-01  3.45862e+01 3.48271e+01 
8.55793e-02 2.80652e-01  3.48526e+01 3.51148e+01 
8.59141e-02 2.97543e-01  3.51213e+01 3.54004e+01 
8.62489e-02 3.10096e-01  3.53923e+01 3.56838e+01 
8.65836e-02 3.20025e-01  3.56637e+01 3.59650e+01 
8.69184e-02 3.29832e-01  3.59329e+01 3.62440e+01 
8.72532e-02 3.40349e-01  3.61994e+01 3.65211e+01 
8.75879e-02 3.50236e-01  3.64653e+01 3.67970e+01 
8.79227e-02 3.58351e-01  3.67327e+01 3.70726e+01 
8.82574e-02 3.65375e-01  3.70022e+01 3.73490e+01 
8.85921e-02 3.72610e-01  3.72731e+01 3.76273e+01 
8.89269e-02 3.80469e-01  3.75460e+01 3.79080e+01 
8.92616e-02 3.88791e-01  3.78212e+01 3.81915e+01 
8.95964e-02 3.97331e-01  3.80985e+01 3.84774e+01 
8.99311e-02 4.05118e-01  3.83781e+01 3.87649e+01 
9.02658e-02 4.10384e-01  3.86610e+01 3.90530e+01 
9.06005e-02 4.11832e-01  3.89476e+01 3.93410e+01 
9.09352e-02 4.09050e-01  3.92374e+01 3.96281e+01 
9.12699e-02 4.01356e-01  3.95307e+01 3.99138e+01 
9.16047e-02 3.87618e-01  3.98287e+01 4.01980e+01 
9.19394e-02 3.67994e-01  4.01311e+01 4.04807e+01 
9.22740e-02 3.44689e-01  4.04359e+01 4.07620e+01 
9.26086e-02 3.20262e-01  4.07405e+01 4.10421e+01 
9.29432e-02 2.96113e-01  4.10440e+01 4.13214e+01 
9.32778e-02 2.73106e-01  4.13460e+01 4.16004e+01 
9.36123e-02 2.52365e-01  4.16462e+01 4.18798e+01 
9.39469e-02 2.34641e-01  4.19443e+01 4.21603e+01 
9.42814e-02 2.19809e-01  4.22414e+01 4.24426e+01 
9.46159e-02 2.07608e-01  4.25378e+01 4.27268e+01 
9.49505e-02 1.97940e-01  4.28336e+01 4.30130e+01 
9.52850e-02 1.89896e-01  4.31291e+01 4.33004e+01 
9.56195e-02 1.81456e-01  4.34254e+01 4.35883e+01 
9.59540e-02 1.70832e-01  4.37235e+01 4.38759e+01 
9.62885e-02 1.57497e-01  4.40235e+01 4.41625e+01 
9.66231e-02 1.41865e-01  4.43246e+01 4.44480e+01 
9.69577e-02 1.25039e-01  4.46264e+01 4.47328e+01 
9.72922e-02 1.09014e-01  4.49274e+01 4.50177e+01 
9.76267e-02 9.58119e-02  4.52265e+01 4.53036e+01 
9.79613e-02 8.58193e-02  4.55242e+01 4.55915e+01 
9.82958e-02 7.77881e-02  4.58226e+01 4.58819e+01 
9.86304e-02 7.06296e-02  4.61232e+01 4.61754e+01 
9.89649e-02 6.41978e-02  4.64264e+01 4.64722e+01 
9.92994e-02 5.84080e-02  4.67323e+01 4.67723e+01 
9.96340e-02 5.30707e-02  4.70415e+01 4.70761e+01 
9.99685e-02 4.88392e-02  4.73534e+01 4.73837e+01 
1.00000e-01 4.85411e-02  4.73828e+01 4.74129e+01 
