1.14474e-04 6.21365e+04  5.32615e+04 5.32615e+04 
2.28949e-04 8.52096e+04  1.67359e+05 1.94496e+05 
3.43399e-04 9.34099e+04  3.58032e+05 3.95704e+05 
4.57771e-04 7.11194e+04  6.43293e+05 6.53744e+05 
5.72143e-04 5.93415e+04  9.88899e+05 9.88947e+05 
6.86508e-04 5.92616e+04  1.42063e+06 1.42067e+06 
8.00872e-04 6.89723e+04  1.93765e+06 1.94656e+06 
9.15225e-04 8.58857e+04  2.51712e+06 2.54674e+06 
1.02955e-03 8.08774e+04  3.18337e+06 3.20673e+06 
1.14382e-03 6.47208e+04  3.92735e+06 3.93242e+06 
1.25808e-03 5.97117e+04  4.74070e+06 4.74200e+06 
1.37234e-03 6.24418e+04  5.64151e+06 5.64466e+06 
1.48659e-03 7.43653e+04  6.61528e+06 6.63155e+06 
1.60082e-03 8.17449e+04  7.66137e+06 7.68670e+06 
1.71502e-03 7.21141e+04  8.79112e+06 8.80488e+06 
1.82919e-03 6.24737e+04  9.99240e+06 9.99620e+06 
1.94334e-03 6.11475e+04  1.12708e+07 1.12736e+07 
2.05748e-03 6.67340e+04  1.26302e+07 1.26383e+07 
2.17162e-03 7.63122e+04  1.40603e+07 1.40795e+07 
2.28572e-03 7.60900e+04  1.55680e+07 1.55870e+07 
2.39980e-03 6.71452e+04  1.71533e+07 1.71620e+07 
2.51386e-03 6.22489e+04  1.88109e+07 1.88149e+07 
2.62790e-03 6.35841e+04  2.05476e+07 2.05528e+07 
2.74193e-03 7.02470e+04  2.23595e+07 2.23719e+07 
2.85594e-03 7.52437e+04  2.42442e+07 2.42625e+07 
2.96993e-03 7.12014e+04  2.62065e+07 2.62200e+07 
3.08389e-03 6.48850e+04  2.82427e+07 2.82494e+07 
3.19783e-03 6.31714e+04  3.03535e+07 3.03586e+07 
3.31176e-03 6.63748e+04  3.25414e+07 3.25497e+07 
3.42568e-03 7.19007e+04  3.48022e+07 3.48167e+07 
3.53957e-03 7.26743e+04  3.71376e+07 3.71530e+07 
3.65344e-03 6.79221e+04  3.95482e+07 3.95582e+07 
3.76729e-03 6.43050e+04  4.20320e+07 4.20382e+07 
3.88112e-03 6.47787e+04  4.45911e+07 4.45978e+07 
3.99494e-03 6.86282e+04  4.72245e+07 4.72354e+07 
4.10874e-03 7.17443e+04  4.99308e+07 4.99452e+07 
4.22251e-03 6.99916e+04  5.27115e+07 5.27239e+07 
4.33627e-03 6.61792e+04  5.55656e+07 5.55739e+07 
4.45000e-03 6.47371e+04  5.84931e+07 5.84999e+07 
4.56372e-03 6.65545e+04  6.14950e+07 6.15037e+07 
4.67742e-03 6.97821e+04  6.45696e+07 6.45819e+07 
4.79111e-03 7.05077e+04  6.77172e+07 6.77303e+07 
4.90477e-03 6.79532e+04  7.09381e+07 7.09483e+07 
5.01841e-03 6.55893e+04  7.42316e+07 7.42393e+07 
5.13203e-03 6.57129e+04  7.75983e+07 7.76061e+07 
5.24563e-03 6.79673e+04  8.10379e+07 8.10481e+07 
5.35922e-03 6.98337e+04  8.45495e+07 8.45619e+07 
5.47279e-03 6.89974e+04  8.81338e+07 8.81452e+07 
5.58634e-03 6.67564e+04  9.17903e+07 9.17992e+07 
5.69986e-03 6.57582e+04  9.55189e+07 9.55268e+07 
5.81337e-03 6.68091e+04  9.93200e+07 9.93290e+07 
5.92687e-03 6.86982e+04  1.03193e+08 1.03204e+08 
6.04034e-03 6.91744e+04  1.07137e+08 1.07149e+08 
6.15379e-03 6.77471e+04  1.11154e+08 1.11164e+08 
6.26722e-03 6.62963e+04  1.15241e+08 1.15250e+08 
6.38064e-03 6.63322e+04  1.19401e+08 1.19409e+08 
6.49404e-03 6.76670e+04  1.23631e+08 1.23641e+08 
6.60742e-03 6.87468e+04  1.27933e+08 1.27944e+08 
6.72078e-03 6.82826e+04  1.32306e+08 1.32317e+08 
6.83412e-03 6.69686e+04  1.36750e+08 1.36759e+08 
6.94744e-03 6.63562e+04  1.41265e+08 1.41273e+08 
7.06074e-03 6.69919e+04  1.45850e+08 1.45860e+08 
7.17403e-03 6.80914e+04  1.50506e+08 1.50517e+08 
7.28729e-03 6.83455e+04  1.55233e+08 1.55244e+08 
7.40054e-03 6.75086e+04  1.60030e+08 1.60040e+08 
7.51377e-03 6.66523e+04  1.64897e+08 1.64906e+08 
7.62697e-03 6.66924e+04  1.69834e+08 1.69843e+08 
7.74017e-03 6.74911e+04  1.74842e+08 1.74852e+08 
7.85334e-03 6.80898e+04  1.79919e+08 1.79929e+08 
7.96649e-03 6.77883e+04  1.85066e+08 1.85076e+08 
8.07963e-03 6.70144e+04  1.90283e+08 1.90292e+08 
8.19274e-03 6.66744e+04  1.95569e+08 1.95578e+08 
8.30584e-03 6.70787e+04  2.00925e+08 2.00934e+08 
8.41892e-03 6.77095e+04  2.06350e+08 2.06360e+08 
8.53198e-03 6.78119e+04  2.11844e+08 2.11854e+08 
8.64503e-03 6.72997e+04  2.17407e+08 2.17416e+08 
8.75805e-03 6.68109e+04  2.23039e+08 2.23048e+08 
8.87105e-03 6.68706e+04  2.28740e+08 2.28749e+08 
8.98404e-03 6.73505e+04  2.34510e+08 2.34519e+08 
9.09701e-03 6.76621e+04  2.40348e+08 2.40358e+08 
9.20996e-03 6.74442e+04  2.46255e+08 2.46265e+08 
9.32289e-03 6.69881e+04  2.52230e+08 2.52240e+08 
9.43580e-03 6.68203e+04  2.58274e+08 2.58283e+08 
9.54870e-03 6.70860e+04  2.64386e+08 2.64395e+08 
9.66158e-03 6.74378e+04  2.70565e+08 2.70575e+08 
9.77443e-03 6.74509e+04  2.76813e+08 2.76823e+08 
9.88727e-03 6.71285e+04  2.83129e+08 2.83138e+08 
1.00000e-02 6.68608e+04  2.89506e+08 2.89515e+08 
