5.72372e-05 4.67918e+05  3.76679e+05 3.76679e+05 
1.14065e-04 8.16531e+05  8.15639e+05 1.23562e+06 
1.70959e-04 1.09710e+06  1.36824e+06 2.15860e+06 
2.27809e-04 1.07280e+06  2.29964e+06 3.02237e+06 
2.84574e-04 9.49341e+05  3.44940e+06 3.99802e+06 
3.41281e-04 8.22216e+05  4.87011e+06 5.29327e+06 
3.97948e-04 7.33208e+05  6.62136e+06 6.96125e+06 
4.54464e-04 7.33700e+05  8.58325e+06 8.92512e+06 
5.11030e-04 7.37274e+05  1.07724e+07 1.11170e+07 
5.67435e-04 6.93648e+05  1.32279e+07 1.35227e+07 
6.23698e-04 6.70496e+05  1.58909e+07 1.61911e+07 
6.80001e-04 6.45716e+05  1.89095e+07 1.91842e+07 
7.36185e-04 6.56902e+05  2.22551e+07 2.25031e+07 
7.92290e-04 7.98179e+05  2.56834e+07 2.61029e+07 
8.48489e-04 9.11889e+05  2.93856e+07 2.99309e+07 
9.04636e-04 9.04737e+05  3.34343e+07 3.39505e+07 
9.60731e-04 8.80972e+05  3.76867e+07 3.81893e+07 
1.01675e-03 8.46603e+05  4.22181e+07 4.26881e+07 
1.07264e-03 7.71502e+05  4.70565e+07 4.74444e+07 
1.12845e-03 7.07917e+05  5.20855e+07 5.24264e+07 
1.18421e-03 6.64283e+05  5.72998e+07 5.76137e+07 
1.23987e-03 5.88091e+05  6.28518e+07 6.30483e+07 
1.29546e-03 5.57029e+05  6.86954e+07 6.88226e+07 
1.35103e-03 6.56139e+05  7.47526e+07 7.49938e+07 
1.40651e-03 8.23731e+05  8.10646e+07 8.15014e+07 
1.46196e-03 9.55605e+05  8.76171e+07 8.82199e+07 
1.51733e-03 9.67709e+05  9.43992e+07 9.50382e+07 
1.57264e-03 8.53832e+05  1.01463e+08 1.01977e+08 
1.62796e-03 7.09233e+05  1.08822e+08 1.09161e+08 
1.68314e-03 6.42641e+05  1.16434e+08 1.16678e+08 
1.73827e-03 6.92034e+05  1.24253e+08 1.24541e+08 
1.79330e-03 7.76320e+05  1.32269e+08 1.32663e+08 
1.84833e-03 7.57984e+05  1.40614e+08 1.40988e+08 
1.90323e-03 6.50535e+05  1.49261e+08 1.49506e+08 
1.95804e-03 6.01299e+05  1.58073e+08 1.58293e+08 
2.01289e-03 6.49052e+05  1.67132e+08 1.67429e+08 
2.06767e-03 7.44928e+05  1.76519e+08 1.76889e+08 
2.12235e-03 8.77345e+05  1.86109e+08 1.86603e+08 
2.17703e-03 9.75589e+05  1.95903e+08 1.96517e+08 
2.23169e-03 9.33822e+05  2.06033e+08 2.06590e+08 
2.28625e-03 7.92284e+05  2.16446e+08 2.16833e+08 
2.34075e-03 6.71400e+05  2.27031e+08 2.27311e+08 
2.39516e-03 6.12878e+05  2.37837e+08 2.38084e+08 
2.44948e-03 6.05011e+05  2.48948e+08 2.49182e+08 
2.50376e-03 6.44443e+05  2.60331e+08 2.60586e+08 
2.55793e-03 7.12687e+05  2.71912e+08 2.72239e+08 
2.61205e-03 7.58717e+05  2.83732e+08 2.84115e+08 
2.66614e-03 7.63460e+05  2.95854e+08 2.96225e+08 
2.72014e-03 7.79520e+05  3.08210e+08 3.08584e+08 
2.77413e-03 8.33968e+05  3.20763e+08 3.21220e+08 
2.82809e-03 8.64568e+05  3.33595e+08 3.34108e+08 
2.88198e-03 8.33832e+05  3.46746e+08 3.47208e+08 
2.93574e-03 7.87479e+05  3.60097e+08 3.60493e+08 
2.98948e-03 7.42182e+05  3.73643e+08 3.74001e+08 
3.04315e-03 6.74624e+05  3.87471e+08 3.87759e+08 
3.09673e-03 6.16233e+05  4.01566e+08 4.01785e+08 
3.15025e-03 6.07644e+05  4.15887e+08 4.16104e+08 
3.20373e-03 6.36939e+05  4.30464e+08 4.30719e+08 
3.25714e-03 7.03029e+05  4.45299e+08 4.45618e+08 
3.31050e-03 8.12740e+05  4.60348e+08 4.60779e+08 
3.36384e-03 9.07385e+05  4.75646e+08 4.76176e+08 
3.41715e-03 9.14561e+05  4.91239e+08 4.91769e+08 
3.47035e-03 8.41899e+05  5.07071e+08 5.07526e+08 
3.52350e-03 7.44447e+05  5.23111e+08 5.23482e+08 
3.57661e-03 6.59788e+05  5.39410e+08 5.39703e+08 
3.62965e-03 6.21129e+05  5.55981e+08 5.56221e+08 
3.68259e-03 6.58731e+05  5.72769e+08 5.73039e+08 
3.73543e-03 7.39082e+05  5.89757e+08 5.90120e+08 
3.78824e-03 7.74626e+05  6.07032e+08 6.07431e+08 
3.84100e-03 7.42707e+05  6.24600e+08 6.24940e+08 
3.89370e-03 7.11543e+05  6.42356e+08 6.42657e+08 
3.94635e-03 7.15828e+05  6.60309e+08 6.60635e+08 
3.99901e-03 7.29440e+05  6.78590e+08 6.78936e+08 
4.05161e-03 7.67454e+05  6.97157e+08 6.97535e+08 
4.10410e-03 8.52585e+05  7.15885e+08 7.16367e+08 
4.15655e-03 9.03803e+05  7.34836e+08 7.35387e+08 
4.20894e-03 8.33630e+05  7.54105e+08 7.54564e+08 
4.26123e-03 7.02067e+05  7.73610e+08 7.73910e+08 
4.31347e-03 6.23551e+05  7.93280e+08 7.93510e+08 
4.36565e-03 6.12968e+05  8.13193e+08 8.13425e+08 
4.41777e-03 6.37156e+05  8.33427e+08 8.33671e+08 
4.46983e-03 7.01507e+05  8.53903e+08 8.54207e+08 
4.52182e-03 7.89681e+05  8.74546e+08 8.74963e+08 
4.57377e-03 8.30103e+05  8.95439e+08 8.95911e+08 
4.62565e-03 7.97093e+05  9.16616e+08 9.17042e+08 
4.67746e-03 7.51910e+05  9.38019e+08 9.38387e+08 
4.72924e-03 7.41003e+05  9.59645e+08 9.60003e+08 
4.78098e-03 7.47959e+05  9.81540e+08 9.81901e+08 
4.83266e-03 7.62676e+05  1.00370e+09 1.00407e+09 
4.88428e-03 7.92804e+05  1.02606e+09 1.02646e+09 
4.93581e-03 8.03638e+05  1.04863e+09 1.04906e+09 
4.98727e-03 7.54215e+05  1.07148e+09 1.07185e+09 
5.03867e-03 6.78694e+05  1.09457e+09 1.09487e+09 
5.09001e-03 6.39822e+05  1.11787e+09 1.11813e+09 
5.14129e-03 6.45074e+05  1.14141e+09 1.14167e+09 
5.19251e-03 6.80482e+05  1.16521e+09 1.16549e+09 
5.24368e-03 7.51152e+05  1.18924e+09 1.18959e+09 
5.29482e-03 8.32055e+05  1.21349e+09 1.21394e+09 
5.34589e-03 8.65206e+05  1.23801e+09 1.23850e+09 
5.39687e-03 8.38384e+05  1.26277e+09 1.26323e+09 
5.44780e-03 7.88238e+05  1.28772e+09 1.28815e+09 
5.49868e-03 7.34611e+05  1.31292e+09 1.31330e+09 
5.54951e-03 6.88687e+05  1.33840e+09 1.33871e+09 
5.60025e-03 6.85453e+05  1.36409e+09 1.36437e+09 
5.65093e-03 7.28308e+05  1.38997e+09 1.39030e+09 
5.70158e-03 7.54438e+05  1.41611e+09 1.41649e+09 
5.75216e-03 7.25287e+05  1.44255e+09 1.44288e+09 
5.80264e-03 6.88243e+05  1.46918e+09 1.46948e+09 
5.85308e-03 6.92423e+05  1.49599e+09 1.49632e+09 
5.90351e-03 7.22844e+05  1.52308e+09 1.52344e+09 
5.95388e-03 7.61735e+05  1.55045e+09 1.55083e+09 
6.00417e-03 8.20486e+05  1.57803e+09 1.57845e+09 
6.05443e-03 8.71443e+05  1.60581e+09 1.60629e+09 
6.10465e-03 8.50900e+05  1.63388e+09 1.63434e+09 
6.15479e-03 7.63358e+05  1.66220e+09 1.66256e+09 
6.20483e-03 6.86165e+05  1.69069e+09 1.69099e+09 
6.25484e-03 6.59802e+05  1.71939e+09 1.71970e+09 
6.30478e-03 6.66186e+05  1.74836e+09 1.74868e+09 
6.35466e-03 6.98773e+05  1.77760e+09 1.77792e+09 
6.40446e-03 7.56958e+05  1.80702e+09 1.80739e+09 
6.45422e-03 7.97850e+05  1.83666e+09 1.83706e+09 
6.50394e-03 7.83198e+05  1.86657e+09 1.86695e+09 
6.55362e-03 7.42194e+05  1.89673e+09 1.89705e+09 
6.60323e-03 7.22130e+05  1.92709e+09 1.92741e+09 
6.65282e-03 7.27108e+05  1.95771e+09 1.95806e+09 
6.70236e-03 7.51081e+05  1.98859e+09 1.98897e+09 
6.75184e-03 7.99461e+05  2.01968e+09 2.02013e+09 
6.80124e-03 8.42053e+05  2.05098e+09 2.05146e+09 
6.85059e-03 8.26125e+05  2.08254e+09 2.08298e+09 
6.89987e-03 7.60305e+05  2.11433e+09 2.11469e+09 
6.94907e-03 7.05203e+05  2.14630e+09 2.14660e+09 
6.99824e-03 6.80257e+05  2.17850e+09 2.17879e+09 
7.04738e-03 6.67546e+05  2.21100e+09 2.21128e+09 
7.09643e-03 6.84826e+05  2.24374e+09 2.24403e+09 
7.14541e-03 7.51600e+05  2.27663e+09 2.27701e+09 
7.19433e-03 8.12909e+05  2.30973e+09 2.31019e+09 
7.24322e-03 8.03972e+05  2.34314e+09 2.34358e+09 
7.29205e-03 7.55505e+05  2.37679e+09 2.37716e+09 
7.34080e-03 7.36451e+05  2.41060e+09 2.41094e+09 
7.38953e-03 7.43664e+05  2.44464e+09 2.44499e+09 
7.43824e-03 7.45562e+05  2.47900e+09 2.47934e+09 
7.48690e-03 7.66948e+05  2.51360e+09 2.51396e+09 
7.53549e-03 8.26459e+05  2.54837e+09 2.54880e+09 
7.58401e-03 8.59436e+05  2.58333e+09 2.58383e+09 
7.63245e-03 8.05859e+05  2.61857e+09 2.61901e+09 
7.68082e-03 7.11284e+05  2.65405e+09 2.65438e+09 
7.72914e-03 6.56423e+05  2.68970e+09 2.68998e+09 
7.77742e-03 6.53502e+05  2.72558e+09 2.72586e+09 
7.82564e-03 6.79246e+05  2.76173e+09 2.76201e+09 
7.87380e-03 7.33747e+05  2.79810e+09 2.79843e+09 
7.92193e-03 8.03522e+05  2.83469e+09 2.83510e+09 
7.97000e-03 8.38696e+05  2.87150e+09 2.87196e+09 
8.01799e-03 8.18812e+05  2.90855e+09 2.90900e+09 
8.06591e-03 7.79446e+05  2.94580e+09 2.94621e+09 
8.11376e-03 7.49770e+05  2.98325e+09 2.98364e+09 
8.16160e-03 7.30263e+05  3.02099e+09 3.02134e+09 
8.20938e-03 7.34749e+05  3.05896e+09 3.05929e+09 
8.25710e-03 7.75883e+05  3.09710e+09 3.09748e+09 
8.30478e-03 8.12442e+05  3.13548e+09 3.13590e+09 
8.35240e-03 7.90593e+05  3.17413e+09 3.17453e+09 
8.39994e-03 7.28940e+05  3.21300e+09 3.21333e+09 
8.44742e-03 6.89480e+05  3.25203e+09 3.25235e+09 
8.49486e-03 6.87706e+05  3.29129e+09 3.29163e+09 
8.54227e-03 7.02621e+05  3.33084e+09 3.33118e+09 
8.58959e-03 7.38766e+05  3.37061e+09 3.37094e+09 
8.63687e-03 8.00086e+05  3.41055e+09 3.41095e+09 
8.68412e-03 8.40331e+05  3.45072e+09 3.45118e+09 
8.73132e-03 8.17862e+05  3.49119e+09 3.49161e+09 
8.77843e-03 7.65020e+05  3.53186e+09 3.53223e+09 
8.82549e-03 7.36944e+05  3.57270e+09 3.57306e+09 
8.87251e-03 7.35465e+05  3.61376e+09 3.61415e+09 
8.91948e-03 7.40721e+05  3.65510e+09 3.65549e+09 
8.96638e-03 7.62669e+05  3.69666e+09 3.69704e+09 
9.01320e-03 8.01493e+05  3.73838e+09 3.73879e+09 
9.06000e-03 8.13168e+05  3.78034e+09 3.78077e+09 
9.10676e-03 7.71833e+05  3.82258e+09 3.82295e+09 
9.15346e-03 7.16223e+05  3.86504e+09 3.86535e+09 
9.20012e-03 6.90348e+05  3.90769e+09 3.90798e+09 
9.24673e-03 6.93001e+05  3.95058e+09 3.95089e+09 
9.29330e-03 7.16441e+05  3.99372e+09 3.99406e+09 
9.33981e-03 7.68032e+05  4.03707e+09 4.03746e+09 
9.38625e-03 8.24305e+05  4.08061e+09 4.08107e+09 
9.43266e-03 8.34071e+05  4.12441e+09 4.12487e+09 
9.47899e-03 7.94199e+05  4.16844e+09 4.16884e+09 
9.52526e-03 7.56164e+05  4.21265e+09 4.21301e+09 
9.57149e-03 7.44305e+05  4.25705e+09 4.25742e+09 
9.61770e-03 7.39949e+05  4.30175e+09 4.30211e+09 
9.66385e-03 7.48100e+05  4.34670e+09 4.34705e+09 
9.70994e-03 7.92312e+05  4.39182e+09 4.39221e+09 
9.75595e-03 8.38747e+05  4.43710e+09 4.43756e+09 
9.80190e-03 8.19617e+05  4.48264e+09 4.48308e+09 
9.84782e-03 7.42695e+05  4.52846e+09 4.52881e+09 
9.89369e-03 6.88392e+05  4.57446e+09 4.57475e+09 
9.93951e-03 6.90129e+05  4.62063e+09 4.62094e+09 
9.98531e-03 7.07918e+05  4.66709e+09 4.66741e+09 
1.00000e-02 7.12506e+05  4.68207e+09 4.68239e+09 
