2.61133e-05 3.12442e+04  3.64896e+03 3.64896e+03 
5.22267e-05 3.17723e+04  1.34840e+04 1.39435e+04 
7.83400e-05 3.34668e+04  2.78421e+04 2.99381e+04 
1.04453e-04 3.67288e+04  4.56747e+04 5.10163e+04 
1.30566e-04 4.12959e+04  6.66409e+04 7.65821e+04 
1.56678e-04 4.61996e+04  9.12420e+04 1.06150e+05 
1.82789e-04 5.01006e+04  1.20521e+05 1.39391e+05 
2.08899e-04 5.18364e+04  1.55500e+05 1.76136e+05 
2.35008e-04 5.09082e+04  1.96663e+05 2.16355e+05 
2.61115e-04 4.76748e+04  2.43740e+05 2.60150e+05 
2.87220e-04 4.31681e+04  2.95890e+05 3.07739e+05 
3.13324e-04 3.86382e+04  3.52170e+05 3.59458e+05 
3.39427e-04 3.50583e+04  4.12030e+05 4.15747e+05 
3.65528e-04 3.28224e+04  4.75579e+05 4.77102e+05 
3.91629e-04 3.17577e+04  5.43496e+05 5.44008e+05 
4.17729e-04 3.14026e+04  6.16651e+05 6.16847e+05 
4.43829e-04 3.13744e+04  6.95645e+05 6.95817e+05 
4.69929e-04 3.16184e+04  7.80505e+05 7.80892e+05 
4.96028e-04 3.24102e+04  8.70692e+05 8.71826e+05 
5.22127e-04 3.41255e+04  9.65396e+05 9.68210e+05 
5.48226e-04 3.69187e+04  1.06396e+06 1.06956e+06 
5.74325e-04 4.04979e+04  1.16620e+06 1.17540e+06 
6.00423e-04 4.41295e+04  1.27248e+06 1.28535e+06 
6.26520e-04 4.68812e+04  1.38347e+06 1.39913e+06 
6.52616e-04 4.79874e+04  1.49981e+06 1.51660e+06 
6.78710e-04 4.71585e+04  1.62179e+06 1.63774e+06 
7.04803e-04 4.46872e+04  1.74919e+06 1.76263e+06 
7.30895e-04 4.13078e+04  1.88146e+06 1.89149e+06 
7.56985e-04 3.78871e+04  2.01800e+06 2.02459e+06 
7.83074e-04 3.51005e+04  2.15850e+06 2.16231e+06 
8.09162e-04 3.32424e+04  2.30306e+06 2.30504e+06 
8.35250e-04 3.22410e+04  2.45215e+06 2.45317e+06 
8.61336e-04 3.18399e+04  2.60633e+06 2.60697e+06 
8.87423e-04 3.18287e+04  2.76595e+06 2.76658e+06 
9.13509e-04 3.21892e+04  2.93100e+06 2.93197e+06 
9.39594e-04 3.30831e+04  3.10109e+06 3.10292e+06 
9.65680e-04 3.46979e+04  3.27570e+06 3.27912e+06 
9.91765e-04 3.70476e+04  3.45441e+06 3.46018e+06 
1.01785e-03 3.98470e+04  3.63714e+06 3.64573e+06 
1.04393e-03 4.25396e+04  3.82413e+06 3.83544e+06 
1.07002e-03 4.44742e+04  4.01584e+06 4.02911e+06 
1.09610e-03 4.51495e+04  4.21266e+06 4.22661e+06 
1.12218e-03 4.44078e+04  4.41474e+06 4.42793e+06 
1.14826e-03 4.24884e+04  4.62191e+06 4.63317e+06 
1.17434e-03 3.99203e+04  4.83382e+06 4.84249e+06 
1.20041e-03 3.73113e+04  5.05009e+06 5.05614e+06 
1.22649e-03 3.51357e+04  5.27055e+06 5.27443e+06 
1.25256e-03 3.36158e+04  5.49529e+06 5.49767e+06 
1.27864e-03 3.27373e+04  5.72465e+06 5.72617e+06 
1.30471e-03 3.23665e+04  5.95896e+06 5.96013e+06 
1.33078e-03 3.23931e+04  6.19844e+06 6.19963e+06 
1.35686e-03 3.28141e+04  6.44305e+06 6.44465e+06 
1.38293e-03 3.37156e+04  6.69251e+06 6.69499e+06 
1.40900e-03 3.51711e+04  6.94648e+06 6.95041e+06 
1.43507e-03 3.71197e+04  7.20472e+06 7.21059e+06 
1.46114e-03 3.93019e+04  7.46717e+06 7.47523e+06 
1.48721e-03 4.12959e+04  7.73401e+06 7.74409e+06 
1.51328e-03 4.26467e+04  8.00555e+06 8.01699e+06 
1.53935e-03 4.30288e+04  8.28202e+06 8.29384e+06 
1.56541e-03 4.23659e+04  8.56348e+06 8.57464e+06 
1.59148e-03 4.08540e+04  8.84983e+06 8.85947e+06 
1.61754e-03 3.88789e+04  9.14083e+06 9.14847e+06 
1.64361e-03 3.68713e+04  9.43623e+06 9.44186e+06 
1.66967e-03 3.51690e+04  9.73597e+06 9.73990e+06 
1.69573e-03 3.39423e+04  1.00401e+07 1.00428e+07 
1.72179e-03 3.32072e+04  1.03489e+07 1.03509e+07 
1.74785e-03 3.29013e+04  1.06625e+07 1.06642e+07 
1.77391e-03 3.29704e+04  1.09811e+07 1.09829e+07 
1.79997e-03 3.34148e+04  1.13046e+07 1.13068e+07 
1.82603e-03 3.42709e+04  1.16329e+07 1.16359e+07 
1.85209e-03 3.55451e+04  1.19656e+07 1.19699e+07 
1.87815e-03 3.71419e+04  1.23027e+07 1.23086e+07 
1.90420e-03 3.88353e+04  1.26442e+07 1.26518e+07 
1.93026e-03 4.03068e+04  1.29901e+07 1.29992e+07 
1.95631e-03 4.12390e+04  1.33406e+07 1.33506e+07 
1.98237e-03 4.14232e+04  1.36959e+07 1.37062e+07 
2.00842e-03 4.08327e+04  1.40561e+07 1.40657e+07 
2.03447e-03 3.96275e+04  1.44210e+07 1.44294e+07 
2.06052e-03 3.80921e+04  1.47905e+07 1.47973e+07 
2.08657e-03 3.65361e+04  1.51644e+07 1.51697e+07 
2.11262e-03 3.52030e+04  1.55427e+07 1.55467e+07 
2.13867e-03 3.42249e+04  1.59255e+07 1.59285e+07 
2.16472e-03 3.36321e+04  1.63129e+07 1.63153e+07 
2.19076e-03 3.34017e+04  1.67051e+07 1.67073e+07 
2.21681e-03 3.35091e+04  1.71021e+07 1.71044e+07 
2.24286e-03 3.39521e+04  1.75039e+07 1.75066e+07 
2.26890e-03 3.47353e+04  1.79103e+07 1.79138e+07 
2.29495e-03 3.58276e+04  1.83212e+07 1.83258e+07 
2.32099e-03 3.71223e+04  1.87365e+07 1.87424e+07 
2.34703e-03 3.84290e+04  1.91562e+07 1.91634e+07 
2.37308e-03 3.95084e+04  1.95803e+07 1.95886e+07 
2.39912e-03 4.01398e+04  2.00091e+07 2.00181e+07 
2.42516e-03 4.01925e+04  2.04426e+07 2.04516e+07 
2.45120e-03 3.96685e+04  2.08808e+07 2.08892e+07 
2.47724e-03 3.86984e+04  2.13236e+07 2.13310e+07 
2.50327e-03 3.74943e+04  2.17709e+07 2.17772e+07 
2.52931e-03 3.62815e+04  2.22227e+07 2.22277e+07 
2.55535e-03 3.52382e+04  2.26789e+07 2.26829e+07 
2.58138e-03 3.44676e+04  2.31396e+07 2.31428e+07 
2.60742e-03 3.40049e+04  2.36049e+07 2.36077e+07 
2.63345e-03 3.38475e+04  2.40749e+07 2.40775e+07 
2.65948e-03 3.39849e+04  2.45496e+07 2.45524e+07 
2.68551e-03 3.44103e+04  2.50290e+07 2.50322e+07 
2.71155e-03 3.51084e+04  2.55129e+07 2.55168e+07 
2.73758e-03 3.60296e+04  2.60013e+07 2.60061e+07 
2.76361e-03 3.70692e+04  2.64941e+07 2.65000e+07 
2.78964e-03 3.80706e+04  2.69914e+07 2.69982e+07 
2.81567e-03 3.88552e+04  2.74931e+07 2.75007e+07 
2.84169e-03 3.92708e+04  2.79994e+07 2.80074e+07 
2.86772e-03 3.92382e+04  2.85103e+07 2.85183e+07 
2.89375e-03 3.87752e+04  2.90257e+07 2.90333e+07 
2.91977e-03 3.79883e+04  2.95458e+07 2.95526e+07 
2.94580e-03 3.70376e+04  3.00703e+07 3.00761e+07 
2.97182e-03 3.60886e+04  3.05993e+07 3.06042e+07 
2.99784e-03 3.52740e+04  3.11327e+07 3.11368e+07 
3.02387e-03 3.46746e+04  3.16707e+07 3.16741e+07 
3.04989e-03 3.43251e+04  3.22131e+07 3.22163e+07 
3.07591e-03 3.42317e+04  3.27602e+07 3.27633e+07 
3.10193e-03 3.43894e+04  3.33119e+07 3.33151e+07 
3.12795e-03 3.47868e+04  3.38682e+07 3.38718e+07 
3.15396e-03 3.53972e+04  3.44290e+07 3.44332e+07 
3.17998e-03 3.61636e+04  3.49943e+07 3.49993e+07 
3.20600e-03 3.69905e+04  3.55640e+07 3.55698e+07 
3.23202e-03 3.77515e+04  3.61381e+07 3.61446e+07 
3.25803e-03 3.83146e+04  3.67167e+07 3.67238e+07 
3.28405e-03 3.85759e+04  3.72997e+07 3.73071e+07 
3.31006e-03 3.84902e+04  3.78873e+07 3.78946e+07 
3.33607e-03 3.80830e+04  3.84795e+07 3.84864e+07 
3.36208e-03 3.74413e+04  3.90761e+07 3.90824e+07 
3.38810e-03 3.66867e+04  3.96772e+07 3.96827e+07 
3.41411e-03 3.59430e+04  4.02827e+07 4.02875e+07 
3.44012e-03 3.53094e+04  4.08927e+07 4.08968e+07 
3.46612e-03 3.48498e+04  4.15071e+07 4.15108e+07 
3.49213e-03 3.45951e+04  4.21261e+07 4.21295e+07 
3.51814e-03 3.45542e+04  4.27496e+07 4.27529e+07 
3.54415e-03 3.47230e+04  4.33776e+07 4.33812e+07 
3.57015e-03 3.50863e+04  4.40102e+07 4.40141e+07 
3.59616e-03 3.56116e+04  4.46472e+07 4.46517e+07 
3.62216e-03 3.62417e+04  4.52887e+07 4.52937e+07 
3.64817e-03 3.68931e+04  4.59346e+07 4.59403e+07 
3.67417e-03 3.74656e+04  4.65848e+07 4.65911e+07 
3.70017e-03 3.78626e+04  4.72396e+07 4.72462e+07 
3.72617e-03 3.80145e+04  4.78987e+07 4.79056e+07 
3.75217e-03 3.78981e+04  4.85624e+07 4.85691e+07 
3.77817e-03 3.75417e+04  4.92305e+07 4.92369e+07 
3.80417e-03 3.70165e+04  4.99031e+07 4.99089e+07 
3.83017e-03 3.64159e+04  5.05801e+07 5.05853e+07 
3.85617e-03 3.58330e+04  5.12615e+07 5.12661e+07 
3.88216e-03 3.53432e+04  5.19473e+07 5.19515e+07 
3.90816e-03 3.49966e+04  5.26376e+07 5.26414e+07 
3.93415e-03 3.48190e+04  5.33323e+07 5.33360e+07 
3.96015e-03 3.48188e+04  5.40316e+07 5.40352e+07 
3.98614e-03 3.49907e+04  5.47353e+07 5.47391e+07 
4.01213e-03 3.53168e+04  5.54435e+07 5.54476e+07 
4.03813e-03 3.57628e+04  5.61561e+07 5.61607e+07 
4.06412e-03 3.62750e+04  5.68731e+07 5.68782e+07 
4.09011e-03 3.67829e+04  5.75945e+07 5.76001e+07 
4.11610e-03 3.72084e+04  5.83203e+07 5.83263e+07 
4.14209e-03 3.74814e+04  5.90505e+07 5.90568e+07 
4.16808e-03 3.75566e+04  5.97851e+07 5.97914e+07 
4.19406e-03 3.74248e+04  6.05241e+07 6.05303e+07 
4.22005e-03 3.71147e+04  6.12676e+07 6.12735e+07 
4.24604e-03 3.66841e+04  6.20154e+07 6.20209e+07 
4.27202e-03 3.62055e+04  6.27677e+07 6.27727e+07 
4.29801e-03 3.57498e+04  6.35243e+07 6.35288e+07 
4.32399e-03 3.53743e+04  6.42853e+07 6.42895e+07 
4.34997e-03 3.51179e+04  6.50508e+07 6.50547e+07 
4.37595e-03 3.50016e+04  6.58206e+07 6.58244e+07 
4.40194e-03 3.50310e+04  6.65949e+07 6.65988e+07 
4.42792e-03 3.51995e+04  6.73737e+07 6.73777e+07 
4.45390e-03 3.54876e+04  6.81568e+07 6.81611e+07 
4.47988e-03 3.58616e+04  6.89444e+07 6.89490e+07 
4.50585e-03 3.62735e+04  6.97363e+07 6.97413e+07 
4.53183e-03 3.66651e+04  7.05325e+07 7.05380e+07 
4.55781e-03 3.69763e+04  7.13332e+07 7.13389e+07 
4.58379e-03 3.71574e+04  7.21382e+07 7.21441e+07 
4.60976e-03 3.71799e+04  7.29475e+07 7.29535e+07 
4.63574e-03 3.70434e+04  7.37613e+07 7.37671e+07 
4.66171e-03 3.67750e+04  7.45794e+07 7.45850e+07 
4.68768e-03 3.64221e+04  7.54019e+07 7.54071e+07 
4.71365e-03 3.60411e+04  7.62288e+07 7.62336e+07 
4.73963e-03 3.56862e+04  7.70600e+07 7.70644e+07 
4.76560e-03 3.54014e+04  7.78955e+07 7.78997e+07 
4.79157e-03 3.52166e+04  7.87355e+07 7.87395e+07 
4.81754e-03 3.51474e+04  7.95798e+07 7.95838e+07 
4.84350e-03 3.51971e+04  8.04286e+07 8.04326e+07 
4.86947e-03 3.53572e+04  8.12817e+07 8.12858e+07 
4.89544e-03 3.56080e+04  8.21391e+07 8.21435e+07 
4.92140e-03 3.59179e+04  8.30010e+07 8.30057e+07 
4.94737e-03 3.62454e+04  8.38671e+07 8.38722e+07 
4.97334e-03 3.65434e+04  8.47376e+07 8.47430e+07 
4.99930e-03 3.67666e+04  8.56124e+07 8.56180e+07 
5.02526e-03 3.68801e+04  8.64916e+07 8.64973e+07 
5.05123e-03 3.68674e+04  8.73751e+07 8.73807e+07 
5.07719e-03 3.67333e+04  8.82629e+07 8.82684e+07 
5.10315e-03 3.65026e+04  8.91551e+07 8.91604e+07 
5.12911e-03 3.62139e+04  9.00516e+07 9.00566e+07 
5.15507e-03 3.59114e+04  9.09524e+07 9.09571e+07 
5.18103e-03 3.56369e+04  9.18575e+07 9.18619e+07 
5.20698e-03 3.54238e+04  9.27670e+07 9.27712e+07 
5.23294e-03 3.52948e+04  9.36808e+07 9.36849e+07 
5.25890e-03 3.52610e+04  9.45989e+07 9.46030e+07 
5.28485e-03 3.53231e+04  9.55214e+07 9.55256e+07 
5.31081e-03 3.54715e+04  9.64483e+07 9.64526e+07 
5.33676e-03 3.56867e+04  9.73794e+07 9.73839e+07 
5.36272e-03 3.59405e+04  9.83149e+07 9.83197e+07 
5.38867e-03 3.61978e+04  9.92547e+07 9.92597e+07 
5.41462e-03 3.64211e+04  1.00199e+08 1.00204e+08 
5.44057e-03 3.65769e+04  1.01147e+08 1.01153e+08 
5.46652e-03 3.66415e+04  1.02100e+08 1.02105e+08 
5.49247e-03 3.66064e+04  1.03057e+08 1.03062e+08 
5.51842e-03 3.64793e+04  1.04018e+08 1.04023e+08 
5.54437e-03 3.62822e+04  1.04984e+08 1.04989e+08 
5.57032e-03 3.60468e+04  1.05953e+08 1.05958e+08 
5.59626e-03 3.58079e+04  1.06928e+08 1.06932e+08 
5.62221e-03 3.55974e+04  1.07906e+08 1.07910e+08 
5.64815e-03 3.54408e+04  1.08889e+08 1.08893e+08 
5.67410e-03 3.53547e+04  1.09876e+08 1.09880e+08 
5.70004e-03 3.53466e+04  1.10867e+08 1.10871e+08 
5.72598e-03 3.54149e+04  1.11863e+08 1.11867e+08 
5.75193e-03 3.55493e+04  1.12863e+08 1.12867e+08 
5.77787e-03 3.57316e+04  1.13867e+08 1.13871e+08 
5.80381e-03 3.59369e+04  1.14875e+08 1.14880e+08 
5.82975e-03 3.61362e+04  1.15888e+08 1.15893e+08 
5.85569e-03 3.63005e+04  1.16905e+08 1.16910e+08 
5.88163e-03 3.64052e+04  1.17926e+08 1.17932e+08 
5.90757e-03 3.64351e+04  1.18952e+08 1.18957e+08 
5.93350e-03 3.63867e+04  1.19982e+08 1.19987e+08 
5.95944e-03 3.62694e+04  1.21016e+08 1.21021e+08 
5.98537e-03 3.61024e+04  1.22054e+08 1.22059e+08 
6.01131e-03 3.59115e+04  1.23097e+08 1.23102e+08 
6.03724e-03 3.57239e+04  1.24144e+08 1.24148e+08 
6.06318e-03 3.55643e+04  1.25195e+08 1.25199e+08 
6.08911e-03 3.54518e+04  1.26250e+08 1.26254e+08 
6.11504e-03 3.53983e+04  1.27310e+08 1.27314e+08 
6.14097e-03 3.54080e+04  1.28374e+08 1.28378e+08 
6.16690e-03 3.54777e+04  1.29442e+08 1.29446e+08 
6.19283e-03 3.55970e+04  1.30514e+08 1.30519e+08 
6.21876e-03 3.57493e+04  1.31591e+08 1.31595e+08 
6.24469e-03 3.59132e+04  1.32672e+08 1.32676e+08 
6.27062e-03 3.60652e+04  1.33757e+08 1.33762e+08 
6.29654e-03 3.61832e+04  1.34846e+08 1.34851e+08 
6.32247e-03 3.62498e+04  1.35940e+08 1.35945e+08 
6.34839e-03 3.62555e+04  1.37038e+08 1.37043e+08 
6.37432e-03 3.62006e+04  1.38140e+08 1.38145e+08 
6.40024e-03 3.60945e+04  1.39246e+08 1.39251e+08 
6.42616e-03 3.59541e+04  1.40356e+08 1.40361e+08 
6.45209e-03 3.58003e+04  1.41471e+08 1.41476e+08 
6.47801e-03 3.56544e+04  1.42590e+08 1.42594e+08 
6.50393e-03 3.55352e+04  1.43713e+08 1.43717e+08 
6.52985e-03 3.54567e+04  1.44841e+08 1.44845e+08 
6.55577e-03 3.54273e+04  1.45972e+08 1.45976e+08 
6.58169e-03 3.54486e+04  1.47108e+08 1.47112e+08 
6.60760e-03 3.55163e+04  1.48248e+08 1.48252e+08 
6.63352e-03 3.56202e+04  1.49392e+08 1.49397e+08 
6.65944e-03 3.57456e+04  1.50541e+08 1.50545e+08 
6.68535e-03 3.58745e+04  1.51693e+08 1.51698e+08 
6.71127e-03 3.59883e+04  1.52850e+08 1.52855e+08 
6.73718e-03 3.60704e+04  1.54011e+08 1.54016e+08 
6.76310e-03 3.61089e+04  1.55177e+08 1.55181e+08 
6.78901e-03 3.60985e+04  1.56346e+08 1.56351e+08 
6.81492e-03 3.60416e+04  1.57520e+08 1.57525e+08 
6.84083e-03 3.59475e+04  1.58697e+08 1.58702e+08 
6.86674e-03 3.58306e+04  1.59880e+08 1.59884e+08 
6.89265e-03 3.57076e+04  1.61066e+08 1.61070e+08 
6.91856e-03 3.55953e+04  1.62256e+08 1.62260e+08 
6.94447e-03 3.55079e+04  1.63451e+08 1.63455e+08 
6.97038e-03 3.54555e+04  1.64649e+08 1.64654e+08 
6.99628e-03 3.54433e+04  1.65852e+08 1.65857e+08 
7.02219e-03 3.54714e+04  1.67060e+08 1.67064e+08 
7.04810e-03 3.55347e+04  1.68271e+08 1.68275e+08 
7.07400e-03 3.56236e+04  1.69486e+08 1.69491e+08 
7.09990e-03 3.57253e+04  1.70706e+08 1.70711e+08 
7.12581e-03 3.58250e+04  1.71930e+08 1.71935e+08 
7.15171e-03 3.59083e+04  1.73158e+08 1.73163e+08 
7.17761e-03 3.59629e+04  1.74390e+08 1.74395e+08 
7.20351e-03 3.59811e+04  1.75626e+08 1.75631e+08 
7.22941e-03 3.59606e+04  1.76867e+08 1.76872e+08 
7.25531e-03 3.59049e+04  1.78112e+08 1.78116e+08 
7.28121e-03 3.58228e+04  1.79360e+08 1.79365e+08 
7.30711e-03 3.57263e+04  1.80613e+08 1.80618e+08 
7.33301e-03 3.56290e+04  1.81870e+08 1.81875e+08 
7.35890e-03 3.55437e+04  1.83132e+08 1.83136e+08 
7.38480e-03 3.54811e+04  1.84397e+08 1.84401e+08 
7.41069e-03 3.54482e+04  1.85667e+08 1.85671e+08 
7.43659e-03 3.54481e+04  1.86940e+08 1.86945e+08 
7.46248e-03 3.54793e+04  1.88218e+08 1.88222e+08 
7.48838e-03 3.55366e+04  1.89500e+08 1.89504e+08 
7.51427e-03 3.56113e+04  1.90786e+08 1.90791e+08 
7.54016e-03 3.56924e+04  1.92077e+08 1.92081e+08 
7.56605e-03 3.57681e+04  1.93371e+08 1.93376e+08 
7.59194e-03 3.58271e+04  1.94670e+08 1.94674e+08 
7.61783e-03 3.58611e+04  1.95972e+08 1.95977e+08 
7.64372e-03 3.58650e+04  1.97279e+08 1.97284e+08 
7.66961e-03 3.58387e+04  1.98590e+08 1.98595e+08 
7.69549e-03 3.57864e+04  1.99905e+08 1.99910e+08 
7.72138e-03 3.57157e+04  2.01224e+08 2.01229e+08 
7.74727e-03 3.56370e+04  2.02547e+08 2.02552e+08 
7.77315e-03 3.55608e+04  2.03875e+08 2.03879e+08 
7.79903e-03 3.54972e+04  2.05206e+08 2.05211e+08 
7.82492e-03 3.54537e+04  2.06542e+08 2.06546e+08 
7.85080e-03 3.54352e+04  2.07882e+08 2.07886e+08 
7.87668e-03 3.54428e+04  2.09225e+08 2.09230e+08 
7.90256e-03 3.54746e+04  2.10573e+08 2.10578e+08 
7.92845e-03 3.55251e+04  2.11926e+08 2.11930e+08 
7.95433e-03 3.55867e+04  2.13282e+08 2.13286e+08 
7.98020e-03 3.56502e+04  2.14642e+08 2.14646e+08 
8.00608e-03 3.57062e+04  2.16006e+08 2.16011e+08 
8.03196e-03 3.57464e+04  2.17375e+08 2.17379e+08 
8.05784e-03 3.57651e+04  2.18748e+08 2.18752e+08 
8.08372e-03 3.57594e+04  2.20124e+08 2.20129e+08 
8.10959e-03 3.57305e+04  2.21505e+08 2.21509e+08 
8.13547e-03 3.56827e+04  2.22890e+08 2.22894e+08 
8.16134e-03 3.56228e+04  2.24279e+08 2.24283e+08 
8.18721e-03 3.55592e+04  2.25672e+08 2.25676e+08 
8.21309e-03 3.55005e+04  2.27069e+08 2.27073e+08 
8.23896e-03 3.54539e+04  2.28470e+08 2.28474e+08 
8.26483e-03 3.54250e+04  2.29875e+08 2.29879e+08 
8.29070e-03 3.54167e+04  2.31285e+08 2.31289e+08 
8.31657e-03 3.54290e+04  2.32698e+08 2.32702e+08 
8.34244e-03 3.54595e+04  2.34116e+08 2.34120e+08 
8.36831e-03 3.55029e+04  2.35537e+08 2.35541e+08 
8.39418e-03 3.55527e+04  2.36963e+08 2.36967e+08 
8.42004e-03 3.56013e+04  2.38392e+08 2.38397e+08 
8.44591e-03 3.56415e+04  2.39826e+08 2.39831e+08 
8.47178e-03 3.56672e+04  2.41264e+08 2.41269e+08 
8.49764e-03 3.56748e+04  2.42706e+08 2.42710e+08 
8.52350e-03 3.56630e+04  2.44152e+08 2.44156e+08 
8.54937e-03 3.56337e+04  2.45602e+08 2.45606e+08 
8.57523e-03 3.55911e+04  2.47056e+08 2.47060e+08 
8.60109e-03 3.55411e+04  2.48514e+08 2.48518e+08 
8.62695e-03 3.54904e+04  2.49976e+08 2.49981e+08 
8.65282e-03 3.54458e+04  2.51443e+08 2.51447e+08 
8.67868e-03 3.54126e+04  2.52913e+08 2.52917e+08 
8.70453e-03 3.53945e+04  2.54387e+08 2.54391e+08 
8.73039e-03 3.53932e+04  2.55865e+08 2.55870e+08 
8.75625e-03 3.54079e+04  2.57348e+08 2.57352e+08 
8.78211e-03 3.54358e+04  2.58834e+08 2.58839e+08 
8.80796e-03 3.54722e+04  2.60325e+08 2.60329e+08 
8.83382e-03 3.55116e+04  2.61819e+08 2.61824e+08 
8.85968e-03 3.55478e+04  2.63318e+08 2.63322e+08 
8.88553e-03 3.55754e+04  2.64821e+08 2.64825e+08 
8.91138e-03 3.55903e+04  2.66327e+08 2.66332e+08 
8.93724e-03 3.55901e+04  2.67838e+08 2.67842e+08 
8.96309e-03 3.55748e+04  2.69352e+08 2.69357e+08 
8.98894e-03 3.55466e+04  2.70871e+08 2.70875e+08 
9.01479e-03 3.55094e+04  2.72394e+08 2.72398e+08 
9.04064e-03 3.54682e+04  2.73921e+08 2.73925e+08 
9.06649e-03 3.54284e+04  2.75451e+08 2.75456e+08 
9.09234e-03 3.53951e+04  2.76986e+08 2.76990e+08 
9.11819e-03 3.53722e+04  2.78525e+08 2.78529e+08 
9.14403e-03 3.53620e+04  2.80068e+08 2.80072e+08 
9.16988e-03 3.53652e+04  2.81614e+08 2.81619e+08 
9.19573e-03 3.53805e+04  2.83165e+08 2.83169e+08 
9.22157e-03 3.54051e+04  2.84720e+08 2.84724e+08 
9.24742e-03 3.54350e+04  2.86279e+08 2.86283e+08 
9.27326e-03 3.54653e+04  2.87842e+08 2.87846e+08 
9.29910e-03 3.54914e+04  2.89409e+08 2.89413e+08 
9.32494e-03 3.55092e+04  2.90979e+08 2.90984e+08 
9.35079e-03 3.55160e+04  2.92554e+08 2.92559e+08 
9.37663e-03 3.55107e+04  2.94133e+08 2.94137e+08 
9.40247e-03 3.54938e+04  2.95716e+08 2.95720e+08 
9.42831e-03 3.54676e+04  2.97303e+08 2.97307e+08 
9.45415e-03 3.54357e+04  2.98893e+08 2.98898e+08 
9.47998e-03 3.54023e+04  3.00488e+08 3.00492e+08 
9.50582e-03 3.53715e+04  3.02087e+08 3.02091e+08 
9.53166e-03 3.53472e+04  3.03690e+08 3.03694e+08 
9.55749e-03 3.53321e+04  3.05296e+08 3.05301e+08 
9.58333e-03 3.53274e+04  3.06907e+08 3.06911e+08 
9.60916e-03 3.53333e+04  3.08522e+08 3.08526e+08 
9.63500e-03 3.53480e+04  3.10140e+08 3.10145e+08 
9.66083e-03 3.53690e+04  3.11763e+08 3.11767e+08 
9.68666e-03 3.53927e+04  3.13390e+08 3.13394e+08 
9.71249e-03 3.54154e+04  3.15020e+08 3.15024e+08 
9.73833e-03 3.54333e+04  3.16655e+08 3.16659e+08 
9.76416e-03 3.54436e+04  3.18293e+08 3.18297e+08 
9.78999e-03 3.54447e+04  3.19936e+08 3.19940e+08 
9.81581e-03 3.54362e+04  3.21582e+08 3.21586e+08 
9.84164e-03 3.54190e+04  3.23232e+08 3.23237e+08 
9.86747e-03 3.53954e+04  3.24887e+08 3.24891e+08 
9.89330e-03 3.53686e+04  3.26545e+08 3.26549e+08 
9.91912e-03 3.53418e+04  3.28207e+08 3.28211e+08 
9.94495e-03 3.53184e+04  3.29874e+08 3.29878e+08 
9.97077e-03 3.53011e+04  3.31544e+08 3.31548e+08 
9.99660e-03 3.52917e+04  3.33218e+08 3.33222e+08 
