1.12210e-04 5.87069e+04  4.62323e+04 4.62323e+04 
2.24421e-04 5.91216e+04  1.40341e+05 1.41162e+05 
3.36464e-04 4.89624e+04  2.86695e+05 2.86772e+05 
4.48616e-04 5.56935e+04  5.14896e+05 5.18397e+05 
5.60761e-04 5.64561e+04  7.97515e+05 8.02280e+05 
6.72827e-04 5.01362e+04  1.13980e+06 1.14114e+06 
7.84922e-04 5.43398e+04  1.55135e+06 1.55574e+06 
8.97006e-04 5.50203e+04  2.02203e+06 2.02738e+06 
1.00906e-03 5.12509e+04  2.55428e+06 2.55675e+06 
1.12110e-03 5.37086e+04  3.15130e+06 3.15583e+06 
1.23312e-03 5.42175e+04  3.80918e+06 3.81434e+06 
1.34512e-03 5.20202e+04  4.52894e+06 4.53218e+06 
1.45710e-03 5.34076e+04  5.31176e+06 5.31625e+06 
1.56907e-03 5.37605e+04  6.15602e+06 6.16092e+06 
1.68101e-03 5.24956e+04  7.06209e+06 7.06580e+06 
1.79294e-03 5.32631e+04  8.03043e+06 8.03487e+06 
1.90485e-03 5.34975e+04  9.06032e+06 9.06501e+06 
2.01673e-03 5.27749e+04  1.01518e+07 1.01558e+07 
2.12860e-03 5.31941e+04  1.13052e+07 1.13096e+07 
2.24045e-03 5.33453e+04  1.25200e+07 1.25246e+07 
2.35228e-03 5.29346e+04  1.37963e+07 1.38004e+07 
2.46410e-03 5.31618e+04  1.51341e+07 1.51384e+07 
2.57589e-03 5.32571e+04  1.65331e+07 1.65376e+07 
2.68767e-03 5.30246e+04  1.79934e+07 1.79977e+07 
2.79942e-03 5.31470e+04  1.95150e+07 1.95194e+07 
2.91116e-03 5.32060e+04  2.10977e+07 2.11021e+07 
3.02288e-03 5.30748e+04  2.27414e+07 2.27457e+07 
3.13458e-03 5.31405e+04  2.44461e+07 2.44504e+07 
3.24626e-03 5.31765e+04  2.62117e+07 2.62161e+07 
3.35792e-03 5.31026e+04  2.80381e+07 2.80424e+07 
3.46957e-03 5.31379e+04  2.99253e+07 2.99297e+07 
3.58119e-03 5.31596e+04  3.18732e+07 3.18776e+07 
3.69280e-03 5.31181e+04  3.38817e+07 3.38861e+07 
3.80439e-03 5.31369e+04  3.59508e+07 3.59552e+07 
3.91596e-03 5.31498e+04  3.80803e+07 3.80847e+07 
4.02750e-03 5.31266e+04  4.02703e+07 4.02746e+07 
4.13904e-03 5.31366e+04  4.25206e+07 4.25249e+07 
4.25055e-03 5.31443e+04  4.48311e+07 4.48354e+07 
4.36204e-03 5.31312e+04  4.72018e+07 4.72061e+07 
4.47352e-03 5.31366e+04  4.96326e+07 4.96370e+07 
4.58497e-03 5.31411e+04  5.21235e+07 5.21279e+07 
4.69641e-03 5.31338e+04  5.46744e+07 5.46787e+07 
4.80783e-03 5.31367e+04  5.72851e+07 5.72895e+07 
4.91923e-03 5.31393e+04  5.99557e+07 5.99600e+07 
5.03061e-03 5.31352e+04  6.26860e+07 6.26904e+07 
5.14197e-03 5.31368e+04  6.54760e+07 6.54804e+07 
5.25331e-03 5.31383e+04  6.83257e+07 6.83300e+07 
5.36464e-03 5.31360e+04  7.12349e+07 7.12392e+07 
5.47595e-03 5.31368e+04  7.42035e+07 7.42079e+07 
5.58723e-03 5.31377e+04  7.72316e+07 7.72359e+07 
5.69850e-03 5.31364e+04  8.03190e+07 8.03233e+07 
5.80975e-03 5.31369e+04  8.34656e+07 8.34700e+07 
5.92098e-03 5.31374e+04  8.66715e+07 8.66758e+07 
6.03219e-03 5.31367e+04  8.99364e+07 8.99408e+07 
6.14339e-03 5.31369e+04  9.32604e+07 9.32648e+07 
6.25456e-03 5.31372e+04  9.66434e+07 9.66478e+07 
6.36572e-03 5.31368e+04  1.00085e+08 1.00090e+08 
6.47686e-03 5.31369e+04  1.03586e+08 1.03590e+08 
6.58798e-03 5.31371e+04  1.07146e+08 1.07150e+08 
6.69908e-03 5.31369e+04  1.10764e+08 1.10768e+08 
6.81016e-03 5.31369e+04  1.14441e+08 1.14445e+08 
6.92122e-03 5.31370e+04  1.18176e+08 1.18180e+08 
7.03226e-03 5.31369e+04  1.21970e+08 1.21974e+08 
7.14329e-03 5.31369e+04  1.25822e+08 1.25826e+08 
7.25430e-03 5.31370e+04  1.29733e+08 1.29737e+08 
7.36528e-03 5.31369e+04  1.33702e+08 1.33706e+08 
7.47625e-03 5.31370e+04  1.37729e+08 1.37733e+08 
7.58720e-03 5.31370e+04  1.41814e+08 1.41818e+08 
7.69814e-03 5.31369e+04  1.45957e+08 1.45961e+08 
7.80905e-03 5.31370e+04  1.50158e+08 1.50163e+08 
7.91994e-03 5.31370e+04  1.54418e+08 1.54422e+08 
8.03082e-03 5.31370e+04  1.58735e+08 1.58739e+08 
8.14168e-03 5.31370e+04  1.63110e+08 1.63114e+08 
8.25252e-03 5.31370e+04  1.67542e+08 1.67546e+08 
8.36333e-03 5.31370e+04  1.72032e+08 1.72037e+08 
8.47414e-03 5.31370e+04  1.76580e+08 1.76584e+08 
8.58492e-03 5.31370e+04  1.81185e+08 1.81190e+08 
8.69568e-03 5.31370e+04  1.85848e+08 1.85853e+08 
8.80643e-03 5.31370e+04  1.90568e+08 1.90573e+08 
8.91716e-03 5.31370e+04  1.95346e+08 1.95350e+08 
9.02786e-03 5.31370e+04  2.00180e+08 2.00185e+08 
9.13855e-03 5.31370e+04  2.05072e+08 2.05076e+08 
9.24922e-03 5.31370e+04  2.10021e+08 2.10025e+08 
9.35988e-03 5.31370e+04  2.15027e+08 2.15031e+08 
9.47051e-03 5.31370e+04  2.20090e+08 2.20094e+08 
9.58112e-03 5.31370e+04  2.25210e+08 2.25214e+08 
9.69172e-03 5.31370e+04  2.30386e+08 2.30391e+08 
9.80230e-03 5.31370e+04  2.35620e+08 2.35624e+08 
9.91286e-03 5.31370e+04  2.40910e+08 2.40914e+08 
1.00000e-02 5.31369e+04  2.45120e+08 2.45124e+08 
