6.16328e-05 4.63094e+04  2.86961e+04 2.86961e+04 
1.23266e-04 6.70952e+04  7.35411e+04 1.00511e+05 
1.84885e-04 9.60479e+04  1.20239e+05 1.87909e+05 
2.46485e-04 1.03210e+05  2.00221e+05 2.74151e+05 
3.08079e-04 9.52753e+04  3.04435e+05 3.62694e+05 
3.69677e-04 8.79983e+04  4.22447e+05 4.70129e+05 
4.31256e-04 7.91692e+04  5.72132e+05 6.10246e+05 
4.92823e-04 7.20795e+04  7.52530e+05 7.84019e+05 
5.54384e-04 7.41502e+04  9.44739e+05 9.82132e+05 
6.15934e-04 7.57711e+04  1.15377e+06 1.19532e+06 
6.77485e-04 6.73956e+04  1.39263e+06 1.42272e+06 
7.39047e-04 5.89468e+04  1.65308e+06 1.67187e+06 
8.00609e-04 5.70487e+04  1.93537e+06 1.95209e+06 
8.62158e-04 5.92555e+04  2.24942e+06 2.26712e+06 
9.23701e-04 7.19193e+04  2.58049e+06 2.61247e+06 
9.85247e-04 9.13477e+04  2.92126e+06 2.97850e+06 
1.04679e-03 9.68730e+04  3.29334e+06 3.35697e+06 
1.10832e-03 8.82985e+04  3.69543e+06 3.74636e+06 
1.16984e-03 8.05779e+04  4.11040e+06 4.15235e+06 
1.23134e-03 7.20381e+04  4.54994e+06 4.58286e+06 
1.29283e-03 6.32744e+04  5.01902e+06 5.04208e+06 
1.35431e-03 6.44129e+04  5.50154e+06 5.52793e+06 
1.41579e-03 6.88311e+04  6.00272e+06 6.03530e+06 
1.47727e-03 6.50925e+04  6.53503e+06 6.56158e+06 
1.53875e-03 5.94084e+04  7.09138e+06 7.10979e+06 
1.60023e-03 6.22992e+04  7.66419e+06 7.68601e+06 
1.66170e-03 7.29037e+04  8.25840e+06 8.29312e+06 
1.72317e-03 8.44502e+04  8.87829e+06 8.92699e+06 
1.78463e-03 9.21535e+04  9.51923e+06 9.57815e+06 
1.84609e-03 9.05941e+04  1.01808e+07 1.02387e+07 
1.90754e-03 7.83238e+04  1.08668e+07 1.09092e+07 
1.96898e-03 6.42281e+04  1.15741e+07 1.15985e+07 
2.03042e-03 5.62791e+04  1.23035e+07 1.23180e+07 
2.09186e-03 5.68345e+04  1.30570e+07 1.30726e+07 
2.15329e-03 6.58804e+04  1.38286e+07 1.38576e+07 
2.21471e-03 7.47689e+04  1.46214e+07 1.46629e+07 
2.27613e-03 7.41682e+04  1.54425e+07 1.54813e+07 
2.33755e-03 6.88830e+04  1.62843e+07 1.63140e+07 
2.39896e-03 6.72625e+04  1.71420e+07 1.71691e+07 
2.46037e-03 6.88750e+04  1.80250e+07 1.80539e+07 
2.52176e-03 7.26951e+04  1.89348e+07 1.89684e+07 
2.58314e-03 7.96826e+04  1.98616e+07 1.99055e+07 
2.64451e-03 8.39557e+04  2.08055e+07 2.08573e+07 
2.70589e-03 7.81012e+04  2.17766e+07 2.18210e+07 
2.76726e-03 6.61084e+04  2.27736e+07 2.28014e+07 
2.82862e-03 5.83577e+04  2.37890e+07 2.38065e+07 
2.88999e-03 5.85737e+04  2.48235e+07 2.48419e+07 
2.95135e-03 6.41241e+04  2.58814e+07 2.59071e+07 
3.01270e-03 7.15235e+04  2.69619e+07 2.69970e+07 
3.07405e-03 7.66688e+04  2.80641e+07 2.81057e+07 
3.13539e-03 7.69400e+04  2.91882e+07 2.92297e+07 
3.19673e-03 7.33959e+04  3.03339e+07 3.03702e+07 
3.25805e-03 6.87288e+04  3.15014e+07 3.15310e+07 
3.31937e-03 6.66594e+04  3.26894e+07 3.27163e+07 
3.38069e-03 6.88401e+04  3.38967e+07 3.39276e+07 
3.44201e-03 7.10260e+04  3.51282e+07 3.51632e+07 
3.50331e-03 7.00042e+04  3.63860e+07 3.64196e+07 
3.56461e-03 6.89757e+04  3.76632e+07 3.76948e+07 
3.62590e-03 6.98803e+04  3.89566e+07 3.89892e+07 
3.68719e-03 6.97933e+04  4.02722e+07 4.03051e+07 
3.74847e-03 6.82866e+04  4.16133e+07 4.16442e+07 
3.80974e-03 6.86384e+04  4.29757e+07 4.30064e+07 
3.87100e-03 7.01958e+04  4.43580e+07 4.43898e+07 
3.93226e-03 6.94493e+04  4.57633e+07 4.57937e+07 
3.99352e-03 6.84029e+04  4.71893e+07 4.72189e+07 
4.05476e-03 7.11670e+04  4.86328e+07 4.86670e+07 
4.11601e-03 7.50621e+04  5.00987e+07 5.01386e+07 
4.17726e-03 7.49027e+04  5.15920e+07 5.16316e+07 
4.23849e-03 7.13986e+04  5.31078e+07 5.31424e+07 
4.29971e-03 6.84200e+04  5.46390e+07 5.46698e+07 
4.36093e-03 6.66889e+04  5.61877e+07 5.62165e+07 
4.42216e-03 6.47683e+04  5.77612e+07 5.77874e+07 
4.48338e-03 6.37120e+04  5.93608e+07 5.93852e+07 
4.54459e-03 6.64315e+04  6.09813e+07 6.10094e+07 
4.60579e-03 7.19342e+04  6.26194e+07 6.26555e+07 
4.66699e-03 7.48861e+04  6.42786e+07 6.43187e+07 
4.72817e-03 7.28450e+04  6.59601e+07 6.59967e+07 
4.78935e-03 6.90124e+04  6.76613e+07 6.76920e+07 
4.85053e-03 6.63736e+04  6.93826e+07 6.94099e+07 
4.91170e-03 6.49460e+04  7.11292e+07 7.11546e+07 
4.97287e-03 6.61839e+04  7.28996e+07 7.29265e+07 
5.03403e-03 7.24565e+04  7.46861e+07 7.47217e+07 
5.09518e-03 7.97866e+04  7.64886e+07 7.65350e+07 
5.15634e-03 7.98268e+04  7.83162e+07 7.83630e+07 
5.21749e-03 7.13898e+04  8.01708e+07 8.02061e+07 
5.27863e-03 6.21494e+04  8.20451e+07 8.20678e+07 
5.33976e-03 5.84550e+04  8.39358e+07 8.39536e+07 
5.40088e-03 6.02409e+04  8.58472e+07 8.58671e+07 
5.46201e-03 6.52667e+04  8.77817e+07 8.78077e+07 
5.52314e-03 7.19458e+04  8.97366e+07 8.97716e+07 
5.58426e-03 7.72873e+04  9.17115e+07 9.17539e+07 
5.64536e-03 7.75655e+04  9.37097e+07 9.37521e+07 
5.70647e-03 7.31730e+04  9.57309e+07 9.57669e+07 
5.76757e-03 6.88491e+04  9.77701e+07 9.78004e+07 
5.82866e-03 6.73705e+04  9.98263e+07 9.98556e+07 
5.88974e-03 6.67870e+04  1.01905e+08 1.01934e+08 
5.95082e-03 6.53866e+04  1.04008e+08 1.04036e+08 
6.01189e-03 6.49621e+04  1.06132e+08 1.06159e+08 
6.07295e-03 6.67526e+04  1.08274e+08 1.08304e+08 
6.13402e-03 6.87459e+04  1.10437e+08 1.10469e+08 
6.19508e-03 6.98044e+04  1.12622e+08 1.12655e+08 
6.25613e-03 7.14859e+04  1.14827e+08 1.14861e+08 
6.31718e-03 7.33929e+04  1.17050e+08 1.17086e+08 
6.37823e-03 7.26194e+04  1.19298e+08 1.19333e+08 
6.43928e-03 6.97839e+04  1.21569e+08 1.21600e+08 
6.50032e-03 6.92418e+04  1.23858e+08 1.23888e+08 
6.56134e-03 7.15481e+04  1.26162e+08 1.26197e+08 
6.62236e-03 7.19658e+04  1.28490e+08 1.28526e+08 
6.68337e-03 6.81746e+04  1.30841e+08 1.30873e+08 
6.74439e-03 6.36085e+04  1.33214e+08 1.33239e+08 
6.80539e-03 6.15660e+04  1.35603e+08 1.35626e+08 
6.86639e-03 6.17198e+04  1.38014e+08 1.38037e+08 
6.92738e-03 6.39656e+04  1.40448e+08 1.40472e+08 
6.98837e-03 6.97904e+04  1.42900e+08 1.42931e+08 
7.04935e-03 7.74389e+04  1.45370e+08 1.45412e+08 
7.11034e-03 8.09958e+04  1.47863e+08 1.47909e+08 
7.17131e-03 7.75365e+04  1.50380e+08 1.50422e+08 
7.23228e-03 7.10286e+04  1.52916e+08 1.52950e+08 
7.29324e-03 6.61326e+04  1.55468e+08 1.55496e+08 
7.35420e-03 6.27523e+04  1.58039e+08 1.58064e+08 
7.41515e-03 6.00964e+04  1.60637e+08 1.60658e+08 
7.47610e-03 6.07270e+04  1.63256e+08 1.63278e+08 
7.53705e-03 6.58795e+04  1.65892e+08 1.65920e+08 
7.59799e-03 7.13946e+04  1.68546e+08 1.68582e+08 
7.65893e-03 7.31941e+04  1.71224e+08 1.71261e+08 
7.71986e-03 7.28805e+04  1.73923e+08 1.73958e+08 
7.78079e-03 7.34470e+04  1.76638e+08 1.76673e+08 
7.84171e-03 7.35837e+04  1.79374e+08 1.79409e+08 
7.90262e-03 7.10838e+04  1.82134e+08 1.82166e+08 
7.96353e-03 6.79929e+04  1.84915e+08 1.84945e+08 
8.02442e-03 6.71475e+04  1.87711e+08 1.87741e+08 
8.08531e-03 6.67803e+04  1.90526e+08 1.90557e+08 
8.14619e-03 6.38134e+04  1.93365e+08 1.93391e+08 
8.20708e-03 6.01333e+04  1.96226e+08 1.96247e+08 
8.26796e-03 6.04639e+04  1.99106e+08 1.99127e+08 
8.32884e-03 6.55713e+04  2.02003e+08 2.02030e+08 
8.38971e-03 7.21546e+04  2.04922e+08 2.04957e+08 
8.45058e-03 7.77763e+04  2.07862e+08 2.07903e+08 
8.51144e-03 8.12717e+04  2.10820e+08 2.10866e+08 
8.57230e-03 8.02006e+04  2.13799e+08 2.13844e+08 
8.63315e-03 7.32635e+04  2.16800e+08 2.16836e+08 
8.69400e-03 6.41938e+04  2.19821e+08 2.19846e+08 
8.75484e-03 5.83794e+04  2.22858e+08 2.22876e+08 
8.81567e-03 5.66869e+04  2.25914e+08 2.25931e+08 
8.87651e-03 5.70804e+04  2.28994e+08 2.29011e+08 
8.93733e-03 6.02730e+04  2.32096e+08 2.32117e+08 
8.99813e-03 6.80116e+04  2.35215e+08 2.35246e+08 
9.05894e-03 7.71206e+04  2.38351e+08 2.38392e+08 
9.11975e-03 8.13812e+04  2.41509e+08 2.41555e+08 
9.18055e-03 7.91474e+04  2.44689e+08 2.44731e+08 
9.24133e-03 7.40177e+04  2.47887e+08 2.47923e+08 
9.30211e-03 6.86455e+04  2.51103e+08 2.51132e+08 
9.36289e-03 6.33352e+04  2.54341e+08 2.54364e+08 
9.42366e-03 6.01004e+04  2.57599e+08 2.57619e+08 
9.48443e-03 6.17777e+04  2.60875e+08 2.60898e+08 
9.54519e-03 6.64383e+04  2.64168e+08 2.64199e+08 
9.60595e-03 6.85593e+04  2.67486e+08 2.67519e+08 
9.66672e-03 6.69728e+04  2.70827e+08 2.70857e+08 
9.72747e-03 6.62408e+04  2.74184e+08 2.74212e+08 
9.78821e-03 6.88827e+04  2.77556e+08 2.77587e+08 
9.84895e-03 7.18960e+04  2.80949e+08 2.80983e+08 
9.90970e-03 7.27819e+04  2.84367e+08 2.84401e+08 
9.97043e-03 7.32107e+04  2.87803e+08 2.87839e+08 
1.00000e-02 7.37891e+04  2.89483e+08 2.89519e+08 
