3-D EmbeddedElt
Explicit Analysis	1
Embedded Elements	0
VolumeCorrection 	0
1
hexa8
18
1	2	1	1	1
2	0	1	0.5	1
3	2	1	0	1
4	6	1	1	0
5	4	1	0.5	0
6	6	1	0	0
7	2	0.5	1	1
8	0	0.5	0.5	1
9	2	0.5	0	1
10	6	0.5	1	0
11	4	0.5	0.5	0
12	6	0.5	0	0
13	3	0	1	1
14	1	0	0.5	1
15	3	0	0	1
16	7	0	1	0
17	5	0	0.5	0
18	7	0	0	0
4
1	1	0	7	8	11	10	1	2	5	4
2	1	0	8	9	12	11	2	3	6	5
3	1	0	13	14	17	16	7	8	11	10
4	1	0	14	15	18	17	8	9	12	11
1
1 1 7800.0 76.92e9 115.4e9
0.01
0 6 0 0.0 0.0 0.0
1 2 0.05
4 2 0.05
7 2 0.05
10 2 0.05
13 2 0.05
16 2 0.05
1 20.0 1.0 25 1.e-6 0.0 0.0 1 1 3 2
